9.401   204.626
9.598   215.302
9.786   229.893
9.889   214.947
9.983   235.231
10.188   264.769
10.394   280.427
10.608   285.053
10.796   290.391
10.993   285.765
11.095   280.071
11.198   254.804
11.292   273.310
11.386   277.224
11.600   282.206
11.789   281.851
11.985   273.665
12.105   255.516
12.199   260.142
12.379   269.751
12.593   264.769
12.790   260.142
12.901   250.178
12.995   244.840
13.115   239.858
13.200   235.231
13.295   240.569
13.397   230.249
13.611   220.285
13.800   200.000
