722.059
716.924
719.794
716.993
717.249
715.751
716.150
719.716
721.759
723.116
723.048
720.266
725.020
721.787
729.649
730.474
722.724
721.780
725.966
729.832
737.700
732.253
733.915
724.657
722.638
725.961
730.185
727.323
718.140
715.558
716.757
723.423
728.355
725.982
728.458
731.017
729.112
722.977
725.820
729.172
733.693
731.570
729.042
727.254
724.901
727.019
726.824
723.601
723.457
725.613
728.090
720.013
717.549
720.270
721.449
725.235
723.030
721.169
717.117
717.330
727.616
722.219
717.291
719.898
711.628
714.580
712.015
708.356
707.403
709.086
705.999
710.850
717.118
724.395
714.137
711.482
707.362
709.070
713.738
708.072
707.223
705.498
706.163
708.145
699.290
704.683
707.264
707.376
708.561
707.629
708.958
709.420
706.553
702.959
701.640
702.348
706.965
704.341
702.203
702.264
705.714
711.528
716.122
710.338
720.878
721.615
721.994
720.923
724.528
722.574
724.646
719.598
722.788
717.296
713.997
712.253
715.847
718.769
724.540
726.958
719.885
714.964
718.733
721.942
722.025
726.234
724.233
720.644
731.072
727.917
724.259
725.548
721.803
722.950
725.201
719.940
724.553
721.974
727.958
723.458
723.138
723.687
725.020
725.152
718.040
721.686
721.352
724.926
726.672
722.980
714.560
718.212
717.340
716.462
715.514
714.802
720.905
723.049
720.386
718.673
722.375
718.526
714.640
712.492
718.593
717.377
717.317
715.384
711.152
717.375
725.214
722.283
723.111
719.076
721.875
719.472
715.755
714.357
711.575
716.546
719.898
720.564
721.494
719.511
726.922
722.427
717.470
716.808
719.512
718.415
715.188
717.795
720.865
711.208
713.203
718.298
712.464
716.822
719.005
715.738
717.538
724.665
728.213
732.704
730.214
734.925
737.405
740.702
749.700
747.284
748.528
749.161
749.337
748.917
748.560
756.731
749.515
742.785
746.027
750.858
751.352
744.350
743.036
739.556
743.941
742.341
747.221
739.998
734.057
736.526
740.744
733.810
742.167
740.455
745.083
747.681
741.974
740.175
736.145
744.779
743.442
740.998
742.118
741.566
745.754
741.701
731.309
736.471
738.422
738.523
741.043
743.537
739.688
741.935
740.277
735.824
736.524
744.856
750.487
745.282
735.282
731.245
738.281
739.718
735.085
729.416
732.582
736.974
743.755
746.801
741.065
746.619
751.833
743.981
738.809
737.139
733.056
737.329
729.228
731.438
727.086
728.270
727.435
722.234
721.893
724.362
722.788
719.713
722.851
728.382
721.119
723.621
723.288
724.255
721.697
719.855
721.541
724.053
724.129
724.079
724.371
721.128
715.982
718.582
720.187
710.963
715.395
718.745
721.990
720.980
717.189
713.640
711.958
718.595
721.415
717.188
717.161
711.524
713.011
708.916
708.507
718.805
717.074
720.054
720.960
721.836
724.863
721.973
719.090
723.602
722.633
723.044
718.138
713.180
712.151
711.818
714.254
718.432
723.846
723.512
722.660
726.980
731.010
724.294
724.530
722.595
727.116
722.748
723.504
728.016
726.021
730.025
726.621
723.479
724.167
727.006
719.052
718.768
722.247
725.741
727.895
727.821
733.512
732.294
723.812
724.262
716.988
718.059
716.872
713.713
717.281
718.721
717.303
717.154
719.356
719.699
720.709
718.558
725.209
718.663
719.441
724.229
720.759
720.685
717.556
722.276
716.593
710.412
706.622
706.622
707.157
711.955
711.772
707.824
711.300
705.539
710.235
713.861
713.077
717.238
716.082
715.481
716.919
715.964
713.358
712.428
718.100
714.598
707.766
710.313
717.613
717.149
719.630
721.545
716.726
714.697
714.529
717.153
715.687
716.346
716.089
713.605
712.137
713.112
712.425
715.348
719.347
713.145
712.124
713.562
707.834
709.434
710.587
714.125
714.145
714.657
718.899
710.874
714.574
712.236
717.269
717.806
718.043
717.454
715.701
710.951
710.674
715.403
716.468
712.122
714.130
716.031
716.017
713.902
709.170
714.842
712.176
707.022
708.353
710.049
714.013
715.979
718.929
720.822
719.852
725.751
724.068
731.210
731.423
729.980
728.496
729.922
721.933
726.683
722.305
722.872
723.626
719.061
717.679
721.357
717.419
714.460
721.715
714.454
720.329
726.178
723.381
725.265
727.850
731.197
729.353
730.410
729.605
727.069
732.307
726.897
728.658
738.858
740.078
731.251
733.128
735.271
735.904
735.287
739.428
736.319
729.356
734.203
735.053
732.614
733.179
730.203
727.323
729.608
733.496
722.276
725.733
729.592
727.256
722.720
724.498
720.889
718.688
724.016
719.017
712.412
705.056
705.872
712.766
711.918
717.700
713.741
714.196
712.661
707.367
713.040
717.252
718.148
719.288
717.893
720.107
715.645
718.519
722.493
716.538
721.807
719.852
722.414
722.255
720.812
726.213
727.600
728.272
732.904
733.180
742.487
741.806
746.470
742.244
739.003
735.401
727.716
727.497
722.853
722.516
726.108
727.119
727.624
731.020
727.919
725.671
724.352
724.869
733.211
728.570
732.976
734.056
737.916
742.144
736.471
737.501
734.374
730.680
727.965
727.686
732.508
731.944
738.265
734.121
737.315
727.708
724.645
725.181
720.836
716.668
723.810
721.759
730.839
726.035
728.528
724.305
723.976
729.184
728.621
729.902
732.243
732.999
733.552
728.285
730.210
729.071
728.010
726.674
729.265
728.399
723.170
723.668
718.504
714.447
720.018
721.214
714.171
716.967
711.591
714.489
718.721
717.119
716.795
721.380
727.879
728.265
735.568
730.957
725.814
720.083
719.193
722.615
724.408
730.861
735.143
736.556
736.212
740.417
744.053
742.617
739.198
736.451
737.580
736.996
741.310
740.675
740.658
749.733
745.329
742.207
741.139
745.638
739.973
739.969
735.358
740.129
736.329
733.347
733.350
730.540
731.408
733.805
734.059
735.993
735.915
727.831
733.729
739.133
735.138
726.659
727.297
727.997
727.831
730.521
730.219
723.542
724.822
727.321
724.379
720.218
721.365
728.871
732.151
728.912
731.022
731.376
732.603
733.121
732.900
733.321
728.690
731.393
736.604
736.816
734.162
740.166
737.462
730.659
735.688
733.319
732.419
738.410
733.607
731.419
728.725
735.278
741.950
741.977
739.699
736.002
730.183
729.339
736.743
736.466
747.270
744.444
750.099
750.519
742.801
745.994
747.912
747.080
747.461
742.174
737.747
738.425
744.262
741.900
731.042
727.956
727.967
727.956
721.829
726.542
723.075
718.888
717.667
720.163
722.480
723.310
723.052
721.207
723.820
724.336
728.571
726.050
725.657
721.883
721.988
729.712
726.482
721.543
728.989
734.085
731.663
731.183
732.247
730.100
732.584
734.501
731.269
732.359
729.260
729.755
728.443
725.332
726.908
719.815
722.310
724.517
719.525
724.904
725.439
727.329
724.077
725.575
728.105
724.592
728.955
722.521
723.556
726.896
725.941
727.599
726.682
719.635
725.480
723.310
726.451
727.165
731.059
732.584
733.323
727.287
728.261
731.618
731.686
730.735
727.402
721.614
726.231
721.064
723.950
722.814
727.837
724.468
722.932
722.549
725.245
720.080
714.802
714.234
708.517
711.105
718.378
711.558
722.753
725.653
728.401
730.239
730.090
721.279
723.666
724.600
722.661
720.967
723.052
731.611
726.857
732.375
729.954
730.229
726.578
723.803
727.213
728.524
727.067
730.016
730.202
739.152
735.822
730.752
732.410
735.230
727.439
727.116
729.801
729.141
730.920
731.892
732.448
732.549
734.184
729.174
736.725
736.077
733.360
727.672
727.814
729.493
727.102
728.464
722.430
718.815
727.974
721.701
715.092
719.654
723.723
726.852
729.302
726.026
724.883
727.568
724.214
721.888
730.599
728.580
722.537
726.338
725.253
725.941
725.449
727.174
727.305
734.157
733.399
731.883
724.731
724.806
725.321
729.639
726.115
730.281
722.695
720.853
722.069
722.015
713.512
717.855
720.430
718.823
717.884
714.772
712.847
716.614
723.085
721.849
715.964
710.980
717.359
715.626
726.195
722.405
721.035
729.037
720.489
723.882
729.858
731.131
730.581
730.164
736.227
737.173
734.688
737.841
734.141
730.567
728.048
727.800
727.310
731.050
729.799
728.707
732.972
730.344
729.779
734.954
735.530
732.493
724.328
723.441
717.322
720.170
720.194
720.218
717.434
712.772
719.519
716.917
715.307
716.990
716.305
723.314
719.951
719.941
719.682
726.049
724.473
722.606
722.497
725.816
721.532
719.141
724.860
727.329
726.120
719.267
719.709
713.152
718.872
717.062
719.979
725.670
723.643
720.339
719.272
726.053
726.254
728.571
730.336
727.688
729.241
719.013
720.398
723.080
726.046
723.940
727.792
728.866
726.187
724.540
727.277
727.750
725.887
725.547
730.467
725.454
731.964
723.725
720.696
720.704
718.582
721.024
716.227
713.409
717.964
718.289
721.221
722.731
730.358
731.297
727.211
723.212
719.923
723.155
717.578
716.664
719.189
718.573
717.513
721.545
718.403
717.311
720.156
720.829
719.244
723.847
716.107
724.855
721.347
724.895
724.417
725.212
725.885
724.608
720.982
718.449
718.849
716.139
719.306
719.274
715.875
719.889
716.786
715.583
712.417
715.591
718.997
716.722
718.546
716.475
716.464
724.025
716.560
719.792
719.931
720.738
721.069
716.518
712.938
715.932
720.116
720.270
721.383
716.211
720.914
713.994
717.073
715.177
720.197
715.829
712.142
721.073
714.218
715.799
720.036
720.139
716.772
716.608
709.524
697.590
701.951
701.318
703.204
709.956
709.492
714.370
718.882
715.352
709.937
706.788
705.859
708.035
703.859
706.128
708.599
703.394
705.980
702.856
704.266
703.426
703.673
703.459
708.999
707.862
706.548
706.362
711.853
713.331
711.688
708.256
709.053
714.129
718.137
716.224
718.194
716.280
721.348
716.392
719.606
723.561
724.559
722.737
722.699
724.445
719.504
721.048
720.979
722.645
724.020
723.917
723.782
726.115
720.315
725.938
722.167
729.204
725.827
728.176
737.962
735.034
732.991
734.876
732.960
730.616
727.041
723.475
720.196
725.491
723.278
725.978
728.171
722.838
726.044
730.016
725.069
727.275
723.742
727.944
725.631
727.087
725.986
725.699
728.223
729.714
724.048
721.538
724.613
726.084
730.081
719.597
717.490
723.100
718.956
710.502
713.264
717.091
714.802
715.179
716.292
720.936
712.920
715.507
720.355
721.377
724.350
724.895
719.057
716.991
712.566
712.885
716.421
712.115
714.311
708.862
710.562
710.811
713.112
705.410
705.860
712.310
706.036
708.350
710.533
713.582
713.939
709.481
709.247
711.232
713.022
715.603
710.234
710.205
708.621
710.402
711.871
708.690
712.111
716.793
710.160
708.399
711.383
710.162
709.832
704.904
708.709
716.374
721.023
716.302
712.963
708.144
709.800
709.548
714.427
710.702
708.738
707.916
702.506
710.094
709.503
714.237
713.886
720.034
722.027
721.808
726.416
724.820
724.635
725.358
720.319
721.292
724.473
721.513
722.281
722.875
723.276
724.679
723.034
723.801
721.493
723.479
719.211
717.810
713.743
718.847
722.599
718.412
719.747
717.576
726.140
725.120
725.888
726.625
725.402
729.711
727.878
721.718
719.598
718.226
721.594
724.105
720.957
724.705
716.647
724.409
725.401
723.196
718.865
721.726
722.092
721.580
726.055
716.642
720.168
721.306
722.483
722.990
717.824
713.136
722.318
722.264
722.429
719.969
718.659
719.268
720.124
714.451
716.660
715.432
723.469
716.613
720.143
722.226
717.797
719.603
722.260
726.676
720.570
715.967
715.391
712.927
713.501
713.143
709.107
711.470
715.756
710.571
709.358
713.968
707.060
704.575
708.420
708.025
707.664
709.119
709.492
707.964
711.239
705.767
713.169
711.955
712.203
712.466
708.373
713.802
712.107
703.325
706.563
708.708
710.168
709.030
710.123
712.864
718.122
715.319
724.426
715.329
716.238
713.898
716.310
714.791
717.908
715.344
713.712
708.464
712.789
713.107
714.134
711.330
711.864
710.932
711.514
716.063
710.103
718.481
721.304
716.486
713.137
713.991
718.045
721.375
724.218
724.075
724.014
725.726
729.529
725.903
728.076
726.357
728.908
727.190
726.446
726.026
726.236
718.199
721.782
724.672
717.894
715.439
717.801
722.080
728.782
723.858
723.463
727.513
724.911
731.811
729.939
728.780
729.809
732.834
737.718
740.281
750.794
744.773
745.434
747.731
747.009
740.452
743.877
749.199
748.977
742.490
743.928
739.961
741.681
736.117
737.084
743.291
739.618
743.192
748.455
740.310
738.804
738.818
740.375
743.609
740.872
742.668
740.444
740.136
729.606
735.859
738.577
744.063
738.857
738.331
735.126
732.755
732.069
733.354
731.627
728.170
730.873
730.145
732.181
740.881
744.340
744.298
737.707
738.525
736.042
742.058
739.816
734.928
736.795
743.053
739.676
746.655
742.522
746.350
750.310
747.814
740.768
736.787
733.637
738.879
736.362
734.108
738.842
741.536
736.226
738.065
730.101
737.031
733.023
737.079
740.956
740.296
744.339
738.585
738.225
740.701
742.173
739.159
737.504
747.131
750.351
747.395
743.831
752.196
751.666
745.425
744.959
750.697
747.419
743.353
738.232
728.794
732.093
729.377
730.550
733.430
730.629
737.354
731.030
730.391
732.422
731.600
733.541
733.158
734.368
726.557
729.349
727.422
725.867
729.343
731.456
728.971
725.673
722.976
722.505
723.306
723.228
726.361
723.288
722.967
713.266
725.104
721.695
722.680
717.323
719.257
724.937
725.938
726.778
723.682
720.372
721.778
716.322
724.487
727.091
729.865
731.814
738.867
741.772
734.951
736.648
735.683
739.253
736.725
741.365
742.885
746.712
750.500
748.084
744.726
737.839
742.006
743.062
739.705
742.187
741.059
739.589
737.479
739.460
737.529
733.520
741.105
741.013
737.537
735.146
731.888
737.988
733.519
730.826
735.822
740.539
745.429
741.645
742.005
743.700
744.669
744.399
742.916
743.605
740.644
740.795
735.198
732.949
730.013
728.497
729.732
726.927
727.694
726.753
728.480
724.955
721.735
721.751
723.482
715.818
721.291
718.956
726.087
728.196
730.511
730.259
728.387
729.762
738.950
738.701
736.482
742.563
741.519
745.783
748.915
745.052
741.454
741.922
742.804
733.366
733.158
730.148
730.824
729.944
738.206
733.443
736.299
738.266
739.784
737.393
737.927
740.779
741.434
739.744
738.870
731.824
733.338
731.985
736.395
734.201
735.693
732.075
730.706
734.159
724.063
723.789
721.570
719.353
726.902
722.274
716.359
723.290
723.011
722.827
714.689
712.320
716.922
718.523
712.904
714.533
717.984
719.995
725.002
722.792
723.366
718.189
725.935
726.376
723.565
717.025
710.071
711.915
713.918
714.829
710.977
712.754
716.474
713.770
710.990
705.220
710.202
708.855
712.826
715.250
718.370
718.238
722.080
720.085
721.453
717.572
719.765
717.804
715.451
713.099
715.033
716.854
719.729
720.499
723.287
723.986
724.618
718.324
722.246
723.316
725.014
729.488
725.173
733.166
731.014
729.500
723.349
724.583
720.761
711.190
716.766
715.885
717.103
711.420
718.554
711.663
712.629
718.551
714.225
713.206
718.187
715.053
722.933
726.227
726.068
729.592
730.599
729.606
733.858
732.653
727.026
729.086
731.290
724.102
725.970
722.319
721.270
719.225
719.145
720.205
720.502
721.606
720.870
723.714
717.760
722.758
721.689
712.618
713.086
710.957
709.441
708.674
711.829
712.669
708.769
712.083
713.875
716.924
718.474
722.963
721.209
717.375
724.559
727.595
727.722
726.805
724.762
723.445
721.207
715.076
720.395
723.486
725.794
717.303
712.494
713.837
718.620
717.919
725.924
722.465
719.524
719.832
720.185
723.131
718.914
722.149
726.763
715.914
715.981
719.565
719.887
722.859
722.916
724.165
725.795
728.782
730.159
729.386
728.801
731.855
735.184
732.300
730.982
726.099
721.206
719.499
717.976
724.739
724.648
726.527
725.282
725.614
728.868
724.280
721.017
719.836
725.976
726.076
728.971
731.257
730.129
726.221
732.515
733.128
734.742
735.396
727.756
725.682
723.100
726.175
728.557
730.176
733.542
739.479
736.210
738.684
735.202
726.529
722.014
723.212
724.910
730.222
734.679
727.828
731.520
729.501
733.116
731.054
732.970
728.040
730.766
734.052
731.014
734.531
731.159
732.173
733.793
729.508
731.748
719.391
716.933
722.732
723.214
719.720
715.415
722.083
721.312
719.651
723.992
720.930
718.093
720.684
723.117
722.611
724.016
729.473
728.743
735.747
729.717
736.358
724.150
724.844
721.222
732.895
736.180
742.718
743.515
740.107
740.403
735.369
733.270
730.062
725.617
733.485
730.350
734.246
731.219
736.263
737.665
737.270
740.165
740.693
741.396
739.466
733.660
737.165
731.885
734.730
737.086
736.644
738.589
733.083
736.122
738.451
735.195
730.372
727.745
726.171
726.968
728.479
726.244
725.156
724.989
728.500
723.873
722.388
721.716
719.826
725.066
727.900
727.058
724.443
725.724
722.515
722.298
719.636
725.914
719.071
723.258
724.629
724.369
719.762
720.978
723.607
728.034
728.685
726.651
732.119
728.804
733.450
731.096
732.973
733.110
733.707
733.304
735.140
733.933
728.824
726.457
725.825
728.610
722.031
719.697
720.103
722.443
721.047
722.226
723.851
724.096
731.060
727.990
733.885
731.224
727.195
725.028
722.910
728.288
726.959
721.662
719.683
726.937
722.831
726.628
724.748
725.943
728.642
728.861
729.259
730.666
729.093
732.610
731.163
728.648
733.558
729.595
729.713
732.960
725.397
726.969
725.813
731.825
731.943
740.798
734.749
738.885
744.192
749.547
747.645
746.943
747.280
747.811
750.065
748.678
749.086
750.547
745.190
742.130
741.557
743.820
737.198
742.103
737.865
738.597
733.679
730.260
731.579
737.228
735.118
732.725
731.495
741.988
737.860
736.348
738.553
736.504
743.135
736.223
734.357
739.332
744.180
735.054
736.905
730.726
732.918
731.693
737.146
736.186
734.272
737.568
745.226
738.695
732.678
734.280
734.599
722.775
720.950
721.590
720.460
714.392
723.248
723.261
731.967
732.981
732.156
730.339
735.697
735.427
735.378
734.372
731.655
732.366
728.957
726.985
726.683
727.867
726.855
728.992
728.124
729.040
729.714
731.220
736.330
732.151
736.292
738.541
734.355
731.435
736.515
738.053
735.195
731.279
738.170
734.771
735.314
736.424
737.969
739.053
734.099
731.601
737.618
737.782
742.078
735.796
731.126
736.950
733.568
741.026
745.100
743.545
739.266
736.263
736.765
731.405
731.788
733.633
734.751
731.681
735.104
735.744
730.014
732.752
733.870
729.165
728.605
724.389
722.825
724.916
732.123
724.434
726.258
728.030
727.682
722.913
723.097
725.494
731.663
733.601
735.228
732.769
734.870
737.360
741.274
740.391
741.462
737.527
729.994
723.063
725.239
723.638
718.846
716.563
721.611
724.981
726.935
723.019
722.298
720.899
716.476
719.794
715.288
721.189
720.316
723.590
719.754
718.830
716.821
709.355
711.231
709.199
715.393
707.270
708.455
714.681
709.940
710.885
716.219
720.713
723.695
730.011
729.501
725.131
727.911
724.443
728.116
724.931
721.387
722.736
723.440
715.782
719.616
733.170
729.706
735.357
723.887
726.653
723.851
727.464
726.799
722.546
726.337
729.575
727.470
730.856
721.342
729.075
724.278
725.680
725.805
724.986
724.912
722.740
717.680
719.602
723.434
729.039
718.083
719.207
723.308
723.228
725.097
721.038
721.858
727.390
725.003
722.703
720.016
725.694
724.116
724.516
723.880
724.438
727.918
728.534
724.792
729.598
729.057
727.295
727.798
730.599
730.667
733.963
723.927
720.952
717.566
718.514
720.975
726.962
725.695
723.786
725.859
732.481
740.200
736.998
738.837
738.161
732.977
735.547
738.181
737.680
744.142
739.757
738.272
736.135
732.312
735.179
732.343
735.413
734.888
736.317
727.289
734.757
729.666
730.754
732.954
735.611
731.952
725.178
728.437
730.790
735.798
738.872
736.905
735.779
733.239
739.825
732.802
727.844
729.555
730.227
738.140
732.601
730.037
732.692
732.543
731.957
726.322
725.214
724.541
730.736
729.871
728.711
728.277
728.605
729.957
725.985
728.593
725.160
723.825
725.670
727.467
731.820
730.196
730.384
727.414
730.582
733.146
732.808
733.518
732.125
733.956
740.325
735.096
736.438
735.894
733.288
737.805
743.092
737.699
729.395
727.721
731.005
730.300
732.094
732.470
730.566
728.756
737.129
726.608
731.593
737.757
732.533
727.279
728.383
718.961
719.535
713.090
714.722
722.608
724.800
727.542
725.007
726.185
728.806
723.838
723.748
724.147
733.230
737.638
728.750
730.390
727.928
729.686
727.010
722.937
724.496
726.109
722.322
719.468
722.110
720.742
715.306
714.618
715.218
715.345
717.507
715.359
705.513
713.433
711.029
714.695
711.689
714.122
716.817
711.709
713.698
718.526
719.205
721.517
715.340
713.276
709.254
710.864
717.846
714.228
720.103
714.691
720.368
718.559
717.453
720.820
713.818
712.224
716.478
718.066
714.275
711.326
717.703
714.971
716.565
715.882
704.135
705.287
707.448
711.815
712.896
710.291
710.188
707.778
713.926
712.109
708.589
712.429
712.532
703.967
699.987
700.800
705.471
699.159
704.912
706.656
710.061
712.699
711.474
713.652
717.860
714.140
715.229
720.384
716.913
715.023
715.037
711.635
716.258
724.052
718.187
714.198
711.615
711.591
712.280
714.401
715.780
714.962
719.834
714.991
707.864
708.113
710.619
709.562
712.131
709.501
704.735
709.401
714.039
710.373
710.671
715.428
708.545
708.671
709.395
705.343
710.441
709.895
711.182
711.704
709.174
714.562
710.405
707.841
712.898
714.026
711.570
710.737
711.937
707.116
710.907
708.509
710.537
716.736
715.661
715.941
720.173
719.312
724.382
727.817
723.718
718.015
725.126
723.475
721.292
723.760
722.798
720.212
720.178
720.816
720.727
715.242
718.810
722.625
720.724
713.576
711.659
708.819
708.241
708.119
712.841
714.245
714.000
713.007
711.872
709.764
708.869
708.666
707.533
709.081
706.262
703.790
702.117
707.596
710.621
719.330
714.807
711.644
713.804
714.981
714.907
712.754
711.124
708.680
709.190
707.879
703.061
704.113
700.773
701.609
710.669
709.003
708.648
712.066
701.033
703.363
711.135
709.807
718.572
714.000
711.459
712.143
706.794
702.930
705.808
703.854
707.908
710.568
713.534
715.563
722.173
725.234
730.406
724.046
726.024
721.293
716.504
720.465
714.812
719.067
722.340
724.003
722.701
716.825
716.755
713.790
716.182
723.144
721.999
722.121
725.190
726.412
716.458
728.189
725.154
728.489
721.409
719.040
716.504
722.361
724.302
720.691
718.806
726.396
720.248
721.401
719.820
715.460
715.209
710.419
710.224
716.792
717.092
721.878
719.774
722.624
727.007
723.621
722.572
721.691
724.249
726.849
726.943
721.858
725.372
719.723
715.313
715.513
716.384
714.357
718.244
715.312
715.283
713.119
719.152
714.318
714.067
713.097
714.832
713.392
715.750
717.598
713.148
716.900
722.266
721.284
725.135
725.046
718.278
720.913
724.779
720.706
722.177
721.813
720.053
713.908
717.924
723.501
727.601
722.138
726.029
725.670
725.179
724.840
728.623
725.310
717.099
710.102
710.089
714.720
715.016
710.097
716.865
722.237
721.827
725.978
725.759
720.100
720.746
716.148
718.709
720.815
725.234
726.606
730.388
734.047
724.640
727.950
728.243
731.777
732.874
722.752
726.053
723.022
716.059
717.660
713.932
714.211
721.748
722.353
726.698
726.340
732.613
731.322
731.843
724.781
722.771
726.928
730.741
726.247
725.879
720.174
721.555
722.501
713.795
713.614
718.641
717.072
723.282
719.593
717.512
713.484
714.104
712.585
714.736
721.096
712.758
716.521
710.076
713.138
719.078
723.383
720.688
718.354
718.856
715.433
710.646
711.170
714.277
716.030
712.533
709.989
708.905
706.489
711.579
712.469
717.709
719.498
718.256
714.821
713.122
714.757
718.980
717.051
711.564
716.733
721.673
713.639
708.087
708.811
711.537
714.771
715.312
723.980
721.209
726.931
729.367
732.292
736.290
731.366
728.076
724.163
717.239
715.598
719.455
713.983
722.910
724.189
726.895
724.899
725.441
726.588
730.597
720.760
725.196
724.885
723.591
721.079
719.478
710.605
714.368
717.887
717.533
721.468
725.602
720.729
723.187
725.427
724.247
720.157
723.035
721.275
722.314
721.536
720.690
731.764
729.060
721.268
718.157
712.380
714.197
716.447
709.307
712.547
711.647
711.723
720.800
718.742
721.631
716.910
718.792
721.285
724.742
722.134
722.401
720.491
719.546
715.587
718.903
713.482
718.414
713.926
709.573
704.179
707.701
709.508
709.004
711.809
717.659
714.747
720.344
717.888
712.768
718.383
720.375
718.943
712.127
712.220
709.250
715.520
711.769
710.795
713.682
714.468
714.361
712.198
711.941
714.825
716.469
721.832
722.024
716.681
723.243
716.709
717.089
724.469
721.268
719.098
718.298
720.316
717.867
713.400
713.200
714.121
713.453
713.049
714.655
713.431
712.066
715.023
717.948
716.066
713.870
715.991
712.945
715.124
721.000
720.129
719.711
723.619
727.045
726.549
720.066
723.159
726.384
725.001
721.296
721.642
722.794
722.704
719.084
716.356
719.782
718.477
713.544
716.295
712.166
715.710
712.644
716.790
717.616
716.104
718.159
723.504
730.188
726.768
727.431
726.690
728.857
730.521
732.048
727.735
725.037
720.404
720.841
723.834
728.096
720.567
722.592
717.114
717.343
715.963
720.724
722.188
718.501
718.410
728.696
731.099
725.163
727.167
728.018
720.570
723.553
723.167
721.251
722.304
729.937
724.251
722.361
730.171
724.037
723.088
720.901
722.496
724.927
724.847
723.773
717.224
715.053
722.248
727.525
725.198
729.508
722.778
724.824
720.432
721.068
716.391
720.640
726.986
722.774
726.416
725.502
730.093
725.097
732.278
734.841
736.732
738.595
733.587
733.542
740.873
738.195
737.278
737.703
737.971
738.816
736.271
738.358
738.674
730.274
733.886
736.473
736.699
738.798
733.562
732.907
732.266
736.558
733.287
728.811
729.214
733.313
728.732
731.390
737.989
734.345
736.350
729.653
725.942
721.516
728.491
728.017
727.929
730.864
728.057
734.928
734.135
730.322
732.377
730.641
729.102
728.182
724.521
720.796
720.661
719.867
714.314
715.017
719.438
716.423
718.084
722.839
725.838
731.498
726.131
722.654
721.995
718.465
725.355
732.744
739.222
739.207
737.398
735.994
730.687
724.616
727.109
723.127
724.570
727.900
734.547
731.082
725.864
723.137
721.973
721.938
724.097
722.174
718.030
718.557
720.973
719.639
716.139
725.676
727.383
727.222
732.754
731.519
728.961
724.713
720.502
720.526
727.567
723.391
726.734
733.790
730.035
728.327
715.023
710.326
714.615
715.857
709.427
712.032
713.133
711.083
712.325
714.594
718.879
717.161
722.752
728.097
733.984
730.031
728.154
728.367
734.264
735.286
734.378
731.281
734.708
723.965
722.066
726.536
725.000
732.776
732.853
734.860
735.833
729.932
730.259
730.585
727.772
727.675
727.498
728.724
724.044
722.460
719.013
718.635
723.436
724.120
726.835
723.932
729.658
732.241
727.298
726.136
729.506
729.811
721.552
724.612
730.988
726.480
719.150
726.659
727.992
727.036
726.442
733.058
732.763
728.695
725.562
723.544
721.754
726.325
727.406
719.840
717.802
719.140
725.146
728.845
727.142
725.046
723.036
722.372
724.780
722.082
723.019
726.607
727.602
719.098
722.142
721.464
726.603
730.973
729.128
728.170
734.599
731.596
737.421
731.223
734.803
734.151
736.236
739.476
732.269
730.219
730.272
733.670
737.910
741.084
740.814
739.844
734.008
733.482
726.510
723.050
726.347
724.980
729.351
727.527
728.120
722.427
720.230
719.206
717.164
718.658
719.988
721.568
724.118
722.928
713.661
721.107
717.602
714.699
717.470
722.127
726.375
725.522
731.976
722.000
722.895
716.507
717.668
718.225
710.941
719.065
723.829
716.293
707.077
706.117
716.653
717.079
716.278
719.424
719.235
725.798
729.110
730.609
727.295
730.832
731.833
727.452
723.088
730.734
726.669
727.660
729.499
727.335
724.628
727.574
731.008
728.050
735.744
728.788
725.563
727.126
728.773
729.355
727.607
729.892
725.351
723.671
726.977
728.134
729.565
732.491
726.915
732.920
739.823
727.354
731.602
734.128
725.820
730.806
730.152
736.563
735.241
735.514
737.456
734.800
729.739
737.506
736.885
738.223
741.449
741.513
739.953
733.397
741.510
737.697
739.185
739.878
742.370
742.599
743.645
748.757
746.927
747.899
744.671
742.679
745.605
744.149
746.132
743.406
733.489
723.997
725.352
728.740
723.631
729.987
737.378
730.277
734.260
735.033
725.447
726.321
731.673
728.083
727.348
733.944
731.085
732.266
730.737
731.243
737.001
733.714
734.146
735.452
735.817
737.419
737.309
741.437
737.467
729.060
732.992
732.060
729.338
733.890
732.040
732.352
734.261
739.742
738.468
737.348
730.641
728.126
730.060
729.871
728.761
732.282
731.880
728.353
729.152
727.524
720.618
719.368
723.172
720.059
727.190
721.084
732.696
730.738
728.715
726.170
723.591
723.147
721.338
729.802
730.843
726.598
723.824
727.983
728.694
725.753
742.092
737.144
737.054
736.927
733.140
727.368
729.353
727.313
727.181
722.554
728.304
731.399
726.694
725.924
724.399
722.471
725.888
723.795
722.647
722.959
715.685
713.527
717.173
716.154
715.889
712.392
715.038
720.995
724.545
721.055
720.359
713.922
718.403
715.135
720.710
720.781
718.131
716.524
717.109
722.368
717.580
722.745
718.891
721.048
721.412
718.745
717.580
716.936
720.236
718.965
721.004
720.933
718.166
721.313
724.064
720.929
720.153
721.326
724.108
723.528
722.489
718.949
722.015
724.758
722.820
731.240
736.427
735.110
734.181
737.086
740.991
733.841
732.953
736.701
736.444
740.590
739.480
736.304
741.034
739.206
739.931
742.477
744.203
748.431
747.915
744.843
742.299
738.011
736.015
736.593
734.457
737.442
741.920
736.430
736.523
730.459
732.409
720.356
720.912
723.092
727.091
731.604
728.080
723.344
719.341
719.921
723.956
722.142
724.642
730.458
735.505
730.327
733.579
746.727
744.987
739.942
736.648
735.803
741.242
744.006
736.646
742.498
740.681
741.691
739.033
743.721
745.155
751.842
748.852
746.479
750.167
748.233
744.788
747.579
740.836
743.581
739.740
745.713
736.835
736.648
742.454
745.039
745.573
742.826
739.789
739.507
743.118
743.822
742.881
748.297
747.155
744.265
752.070
750.441
745.040
747.724
746.628
746.052
747.549
744.093
745.661
742.559
741.213
744.777
744.547
741.294
743.693
742.540
745.310
734.315
732.316
729.645
733.118
729.760
727.474
728.480
732.305
734.186
730.083
735.199
740.299
737.415
733.598
729.985
723.378
725.017
735.588
734.151
724.322
724.377
725.071
724.919
727.611
729.008
725.619
728.397
726.743
725.564
729.875
732.471
729.362
729.747
731.691
735.005
740.181
742.418
744.083
746.342
745.835
746.047
743.952
749.276
750.865
748.691
747.405
747.484
745.494
740.820
740.571
745.814
740.313
745.384
745.432
745.466
744.090
742.475
744.720
744.975
744.433
750.203
750.024
738.625
742.724
748.011
751.614
759.314
755.837
751.216
755.512
751.844
751.184
751.485
751.799
750.461
755.463
752.978
747.154
752.715
751.795
745.797
752.989
753.442
749.733
749.533
744.980
743.869
743.980
743.174
740.795
735.394
733.353
729.564
730.879
729.643
729.677
733.332
737.371
740.407
734.114
735.603
741.812
738.850
737.666
738.640
742.486
744.911
743.781
740.138
743.385
744.661
747.260
744.571
747.348
750.778
748.082
747.608
755.959
756.025
751.573
744.751
747.664
746.881
749.079
750.883
752.636
749.922
745.600
745.524
741.799
734.663
734.621
733.748
732.180
734.400
734.441
737.734
734.595
730.114
729.603
729.126
733.501
735.204
735.405
739.512
739.415
731.187
734.691
734.686
737.439
739.493
735.178
735.409
733.843
721.764
727.819
729.750
733.636
739.326
738.154
734.424
741.697
743.998
741.789
737.948
735.408
733.035
739.087
747.071
751.204
747.691
738.784
747.164
748.414
746.254
754.055
760.389
759.311
749.411
756.699
756.301
758.077
755.310
760.036
751.022
755.785
750.391
753.569
748.647
745.261
740.362
739.214
744.921
740.390
743.474
732.959
728.950
731.722
737.078
739.781
739.522
741.167
740.182
744.688
733.236
733.776
740.533
739.141
741.795
743.661
743.489
744.278
743.499
738.858
733.860
733.423
734.286
726.409
724.959
727.298
729.501
728.813
728.152
728.838
724.849
724.860
728.155
733.043
731.129
725.975
723.103
723.111
728.104
726.497
735.969
737.462
728.525
729.741
731.938
728.313
728.193
727.978
726.464
724.219
724.594
731.874
727.428
730.695
730.462
733.776
735.842
734.046
738.280
739.688
737.024
744.966
740.276
738.884
735.081
734.092
742.447
744.267
740.554
738.379
740.499
736.290
737.199
747.838
744.889
742.289
747.238
748.312
742.427
744.177
744.954
744.829
739.325
737.217
738.579
745.244
746.578
746.322
736.281
738.524
740.181
742.924
733.512
738.088
732.211
734.890
738.374
736.083
739.012
732.541
732.421
733.889
733.083
731.989
732.076
730.283
736.485
736.088
740.949
737.747
732.179
727.362
724.266
725.239
727.433
728.173
733.187
729.773
727.846
727.807
730.207
731.523
728.168
734.298
731.902
733.218
733.232
732.535
735.561
728.257
727.790
730.233
732.065
733.800
732.569
735.329
732.866
738.064
729.512
724.747
723.000
723.263
726.567
726.553
730.767
730.141
732.587
733.946
730.873
729.743
734.813
733.441
732.688
739.704
738.682
737.476
739.438
737.331
724.864
724.025
725.142
721.007
724.438
730.072
723.773
728.402
734.673
733.149
742.943
736.475
726.316
729.788
727.079
723.940
727.253
727.958
721.396
726.482
732.159
721.547
719.342
717.341
717.915
721.060
721.628
715.462
717.426
711.136
709.640
706.349
706.483
709.900
713.167
709.532
705.090
702.881
699.922
702.990
700.666
700.970
704.183
704.690
701.460
695.317
691.436
693.156
696.931
698.839
697.352
700.739
705.936
704.843
700.016
700.078
704.877
704.958
703.838
711.155
706.265
704.465
706.349
707.122
711.388
706.510
709.166
712.118
714.046
715.894
715.774
714.751
715.250
715.061
711.911
713.059
709.519
714.696
715.116
716.621
721.016
723.603
721.810
720.968
725.188
725.528
726.343
724.720
726.207
725.193
730.000
725.781
728.664
725.426
727.936
731.783
730.387
730.591
728.627
725.813
722.842
721.772
720.399
716.122
718.777
728.721
724.991
722.071
721.267
719.926
726.203
725.333
721.644
726.005
723.383
722.827
723.153
722.850
725.563
725.418
727.765
718.544
725.941
718.718
721.904
718.584
723.132
730.282
726.772
725.299
731.365
733.013
731.352
731.481
729.524
727.763
728.482
729.216
729.805
724.882
728.040
728.474
734.984
738.787
741.383
739.867
739.420
739.434
737.659
735.218
735.633
736.335
741.495
750.010
741.560
736.323
730.487
729.489
731.931
730.919
738.090
736.747
731.828
734.278
740.598
740.773
739.463
741.388
738.655
740.091
730.081
730.050
727.482
730.259
730.704
727.106
730.764
731.263
730.259
728.610
727.640
726.290
723.191
720.795
718.216
715.990
715.315
715.627
715.289
716.344
710.556
716.442
711.620
707.798
711.497
716.842
718.967
713.449
710.840
708.036
711.104
709.434
711.410
712.155
712.872
714.853
718.006
713.577
711.523
709.938
715.605
712.238
707.942
711.912
710.555
715.472
712.683
715.048
713.952
715.816
722.781
727.383
731.126
734.666
730.691
727.151
726.376
725.415
727.092
725.121
730.416
726.217
729.462
730.204
735.395
736.019
736.276
736.139
738.826
736.892
734.387
730.366
736.651
731.984
727.055
733.264
740.446
733.237
733.914
727.542
731.362
740.359
733.024
723.857
727.594
726.874
728.858
729.953
728.340
727.690
730.203
729.532
732.039
736.184
737.945
743.326
744.791
741.733
747.048
752.608
745.352
745.020
743.397
748.000
744.358
742.089
733.430
737.015
736.417
734.691
729.798
729.168
733.258
742.850
733.515
734.079
732.964
737.405
739.657
743.028
741.166
734.650
736.444
735.383
734.530
737.702
733.813
734.952
732.885
729.299
732.246
725.583
724.920
731.800
736.699
728.751
730.320
732.635
731.896
726.983
734.157
724.424
728.640
731.638
737.274
734.807
737.763
733.786
725.428
735.196
731.173
734.904
732.564
726.612
725.147
721.754
724.569
718.277
717.478
715.088
714.940
717.053
720.556
719.476
717.559
721.853
716.626
721.090
717.804
718.354
724.462
726.678
725.284
727.551
729.939
734.069
726.126
728.043
725.353
723.658
729.610
724.825
724.238
723.445
716.982
715.963
722.725
725.437
726.382
722.007
712.699
708.623
715.504
713.510
711.535
716.500
713.182
721.902
707.925
716.004
714.197
718.948
723.864
717.766
715.071
706.317
706.631
703.598
707.252
710.678
720.775
719.736
714.482
717.591
714.791
708.481
709.785
706.662
705.068
704.488
709.609
709.983
700.361
700.362
698.127
701.113
700.854
699.594
699.309
699.926
708.369
710.627
712.218
708.568
707.631
711.654
713.604
716.852
711.637
720.483
725.166
722.886
725.253
725.542
720.973
723.078
719.442
719.082
719.537
721.412
722.060
718.753
727.259
718.913
721.211
722.642
725.440
728.818
723.415
714.518
715.352
718.469
717.011
714.120
711.809
718.397
713.193
709.471
712.297
709.328
712.298
712.250
715.275
718.062
715.495
717.901
719.242
721.444
724.367
724.231
720.960
720.429
722.999
725.042
722.503
717.570
719.355
719.757
723.126
723.446
719.929
729.053
728.301
731.752
725.560
728.801
723.025
724.931
730.790
727.843
735.117
732.598
730.968
733.117
736.899
736.767
740.795
736.018
736.880
735.130
737.268
741.204
739.032
735.630
730.937
735.796
726.939
732.117
724.800
732.219
732.601
731.103
731.637
734.927
732.030
730.968
732.948
734.205
731.990
723.768
723.301
723.318
720.688
722.337
718.969
721.116
724.235
727.884
727.250
728.018
725.523
725.149
726.355
730.015
736.656
736.446
733.156
728.912
731.324
734.442
737.866
742.982
737.303
736.058
738.210
740.602
736.918
739.331
735.039
728.929
725.183
726.227
723.230
727.240
725.846
732.074
728.677
731.210
728.883
733.242
727.843
722.953
725.900
723.234
728.186
729.150
730.662
732.833
738.522
732.675
723.521
725.127
732.085
734.090
730.021
730.111
722.035
725.853
729.530
722.327
721.448
722.708
731.169
729.974
726.619
724.480
723.109
719.145
724.471
726.072
726.092
727.855
726.231
724.684
727.297
728.302
722.506
722.353
732.454
736.141
736.235
736.873
734.563
733.494
729.403
725.812
724.521
728.171
721.035
729.203
719.603
722.958
723.871
726.211
724.058
720.897
726.060
719.390
722.615
722.767
728.390
727.656
719.902
725.226
729.005
722.852
721.085
718.622
717.070
718.190
715.682
716.891
719.214
716.290
722.267
723.330
727.676
725.198
731.141
726.889
724.586
731.464
730.726
731.993
725.797
725.351
722.732
721.693
720.730
723.748
715.503
720.934
725.155
722.240
724.653
724.717
731.482
729.915
727.670
726.527
718.447
722.148
729.972
726.880
728.535
732.214
725.270
725.498
728.121
728.144
726.952
729.499
724.454
724.749
722.828
726.930
725.749
723.427
718.751
714.311
723.196
717.381
725.494
726.096
727.854
726.393
728.100
720.605
724.221
721.684
724.953
730.630
728.144
734.123
735.062
725.373
724.855
728.482
725.017
722.700
722.029
719.820
725.574
724.539
730.123
726.376
724.019
726.496
721.445
716.689
715.279
719.801
718.489
725.028
724.419
723.175
720.552
720.025
720.487
725.872
727.701
721.699
722.633
724.640
724.829
724.577
731.091
723.009
722.305
716.035
716.566
721.097
717.375
720.304
727.136
730.487
730.752
725.371
727.100
725.562
726.401
732.909
731.144
728.593
727.544
728.003
730.640
728.412
726.182
727.246
727.425
730.304
720.873
727.029
730.121
733.872
733.163
734.667
736.322
737.308
736.161
732.296
738.191
730.756
736.651
740.293
738.862
730.672
731.398
731.073
727.439
730.322
732.955
737.697
742.104
732.779
733.331
734.407
736.417
737.100
729.716
726.494
721.197
729.861
727.127
732.374
731.726
734.036
729.947
731.919
732.253
735.754
731.548
732.811
734.582
737.300
735.844
734.496
734.437
732.241
737.374
734.596
738.310
734.383
735.304
731.972
733.317
729.733
730.067
732.007
730.158
733.747
734.880
729.677
732.795
733.692
733.651
732.512
734.477
734.292
731.429
733.071
735.553
730.965
734.377
731.678
727.052
733.144
730.534
722.281
723.382
726.200
718.413
718.432
720.147
715.892
714.798
715.378
711.117
710.639
712.599
715.582
714.495
715.904
724.848
721.621
719.486
722.236
724.876
727.321
727.595
727.262
721.016
715.170
712.992
718.011
713.289
708.872
711.449
717.162
716.073
721.028
727.801
725.316
723.012
725.221
722.955
724.715
727.112
722.822
728.047
725.620
728.647
730.313
727.413
728.634
727.889
722.650
726.893
724.740
727.720
727.324
725.740
727.710
722.707
727.841
729.941
720.366
722.822
725.398
723.370
720.720
723.581
725.460
723.890
720.798
714.633
720.696
710.914
714.982
714.726
721.920
726.971
727.011
723.642
720.878
723.414
719.187
716.550
715.151
724.058
715.281
719.290
721.201
719.730
721.801
720.599
726.413
723.044
719.377
720.421
717.471
721.202
716.890
714.081
717.159
719.574
719.459
718.337
722.482
725.992
728.893
727.870
722.166
718.746
721.954
722.728
722.960
722.893
723.856
725.413
737.268
734.733
731.372
733.053
734.027
740.042
737.566
741.252
737.358
735.132
734.451
732.963
732.726
731.668
735.802
741.323
739.648
739.623
736.687
736.576
736.816
741.500
739.177
745.596
749.164
741.709
741.015
744.147
741.597
740.379
741.258
740.525
738.490
743.304
745.258
744.108
741.270
743.548
739.561
733.740
739.151
737.524
738.810
736.679
733.730
732.261
724.169
724.457
718.617
718.863
719.396
715.644
728.292
728.662
729.559
729.118
727.721
726.462
728.280
724.288
725.402
722.912
725.305
725.847
727.021
734.758
727.453
729.627
730.906
726.649
726.617
727.385
732.058
730.306
727.774
726.589
729.183
720.888
720.568
721.062
729.034
732.550
726.038
724.865
723.787
718.507
727.816
736.725
728.326
727.656
738.213
735.306
734.747
733.571
733.579
730.725
726.441
722.978
724.301
730.437
727.996
726.890
726.754
725.803
719.541
722.149
723.026
724.649
730.817
727.624
729.583
725.855
729.986
718.779
725.944
720.647
717.371
724.453
723.608
725.283
725.100
717.820
726.179
724.144
722.080
726.120
728.375
726.514
738.628
739.138
732.874
726.578
735.898
736.854
736.909
733.648
736.700
739.936
745.019
741.744
738.921
733.583
734.905
733.924
734.266
730.437
731.926
734.688
731.428
731.721
728.155
727.026
726.382
728.093
726.636
725.635
725.040
719.782
725.162
724.701
724.326
723.432
720.932
722.255
718.867
718.308
727.350
722.217
725.914
723.016
724.164
726.127
725.693
727.023
725.874
721.327
