530.690
527.665
532.856
530.803
532.809
534.193
533.392
531.376
535.707
533.297
535.127
534.937
535.328
533.009
534.168
534.988
533.554
532.985
533.927
531.419
532.639
531.427
531.522
533.878
529.705
531.501
528.550
531.975
533.333
531.766
534.266
531.229
532.467
531.832
531.096
534.452
534.462
532.271
532.869
535.068
530.087
530.520
531.346
533.124
533.411
535.336
534.711
533.229
533.786
533.373
534.068
532.613
534.653
534.918
530.879
530.774
530.390
529.633
530.322
534.241
536.549
532.381
533.112
535.027
531.891
533.326
533.027
532.109
531.629
531.522
532.695
530.760
533.352
533.542
529.853
532.198
530.323
531.694
534.513
535.723
533.380
535.119
537.167
535.399
532.507
531.192
531.386
532.927
532.959
532.959
530.063
533.918
533.119
532.901
531.244
531.752
531.553
532.677
531.450
531.098
530.334
529.475
535.113
531.672
533.332
534.304
533.678
532.421
535.611
532.872
534.235
534.526
535.465
534.777
533.754
530.522
534.462
531.471
536.031
535.066
532.869
533.002
535.427
534.609
532.196
534.420
533.116
531.449
535.482
531.318
533.168
532.740
533.042
530.683
532.999
532.536
533.099
534.043
535.944
536.334
535.906
535.876
535.238
536.623
534.644
534.405
535.127
534.860
531.967
535.096
529.855
533.453
533.896
536.316
535.193
537.419
537.814
535.518
534.439
533.602
536.778
533.584
533.167
533.114
534.663
537.657
536.764
532.089
534.463
533.492
534.163
535.943
535.028
535.110
532.254
533.338
534.165
529.901
534.191
534.748
535.131
534.972
536.720
538.761
535.273
536.640
533.078
535.405
534.641
532.682
532.820
535.770
535.337
532.704
533.874
533.566
532.312
532.249
536.294
535.926
533.792
532.331
535.030
532.482
532.051
534.154
535.881
533.113
534.306
533.647
532.105
531.648
532.558
533.312
532.986
535.738
534.598
533.014
535.823
534.515
533.709
532.750
531.983
533.431
533.905
531.246
535.210
532.959
534.848
533.428
535.998
534.073
531.318
531.336
532.254
531.985
535.938
535.260
535.662
535.602
535.705
534.422
533.106
531.803
533.189
534.592
530.229
531.011
529.426
533.848
530.755
532.553
530.707
533.454
534.089
531.616
531.859
529.572
531.691
532.533
532.085
530.265
532.797
535.135
531.977
530.266
531.220
531.008
532.700
535.779
531.883
533.019
534.697
533.236
533.622
534.029
532.500
533.235
534.780
535.525
532.405
534.341
533.010
532.792
533.176
531.982
533.037
532.472
533.250
532.527
533.253
530.743
534.507
531.394
530.938
532.478
534.056
531.867
532.522
532.845
533.789
531.950
532.904
533.145
532.022
531.315
529.078
531.656
532.016
533.838
532.538
532.095
533.035
531.634
530.192
532.187
533.762
529.979
531.340
528.928
531.386
530.281
531.071
528.901
531.045
534.150
536.565
532.827
532.397
536.771
534.231
532.096
531.972
532.441
529.545
531.640
531.143
531.005
531.502
532.365
531.460
533.218
530.988
533.139
529.365
531.044
531.888
528.212
532.315
531.464
528.955
531.931
533.218
532.110
532.057
534.624
529.428
532.285
529.925
529.811
531.219
531.925
532.684
533.521
532.288
533.734
529.672
532.826
531.660
532.506
530.896
531.394
528.669
531.569
532.122
533.620
533.019
530.995
531.215
530.630
530.928
531.020
532.037
530.966
529.312
531.223
529.543
531.292
532.171
531.294
531.284
528.970
532.870
528.488
530.394
531.267
532.959
532.815
531.686
531.879
534.421
533.325
535.859
532.155
532.769
531.198
532.806
533.122
531.329
533.142
531.499
534.770
534.163
533.725
532.588
534.969
531.999
532.036
531.322
531.444
531.806
531.268
531.602
529.354
531.045
531.265
532.109
530.302
530.524
529.648
531.573
531.298
530.479
532.703
533.013
531.894
531.367
531.320
531.767
530.892
529.437
530.145
530.000
533.338
531.879
533.597
533.237
531.889
530.924
533.961
533.005
531.627
535.355
530.395
532.909
532.913
533.216
532.542
533.892
532.951
531.817
534.714
536.666
535.380
531.933
530.805
528.185
532.393
533.186
529.248
533.673
532.965
529.747
532.392
530.051
531.491
530.821
532.562
532.174
533.221
531.058
530.185
533.089
532.561
532.666
532.078
531.449
532.803
531.862
530.637
531.402
533.461
530.622
532.905
534.384
533.494
534.313
534.895
534.960
532.566
533.731
532.975
531.414
529.795
529.209
532.845
530.490
534.106
533.729
531.413
531.341
532.796
531.130
530.548
531.024
527.903
532.606
534.118
534.865
533.347
532.095
529.444
530.483
532.754
531.099
528.569
530.391
531.823
531.818
529.809
532.602
530.603
531.993
529.387
530.187
530.891
530.212
528.290
532.089
529.610
532.303
528.567
529.217
529.198
529.706
530.383
528.769
532.159
529.724
530.926
532.909
531.520
531.831
533.674
530.921
531.490
532.963
531.283
532.610
532.844
529.996
531.068
533.452
531.522
534.781
532.927
531.643
533.112
534.561
534.505
530.949
530.954
528.139
529.440
530.404
530.569
529.992
532.888
532.727
531.663
532.711
535.081
529.881
528.896
527.041
532.155
532.820
533.942
528.933
528.974
527.321
532.591
534.866
533.106
530.856
529.915
531.963
533.853
529.423
531.257
533.452
535.538
535.358
531.652
531.588
532.250
531.765
533.362
534.422
533.902
531.594
531.619
531.379
534.564
534.095
529.877
534.206
532.798
533.728
530.720
534.455
530.920
532.450
530.549
532.271
531.962
527.247
528.810
532.636
529.171
531.665
532.020
532.091
530.303
529.847
530.737
532.898
531.216
533.263
529.755
530.435
529.242
529.798
530.525
530.532
530.830
531.681
531.083
531.450
530.657
528.706
531.342
531.437
532.677
531.579
532.541
533.953
533.802
530.937
530.676
531.570
531.591
529.252
530.238
532.216
533.110
530.439
531.219
531.954
531.635
534.935
530.838
531.460
531.482
527.905
528.648
530.215
533.452
534.853
532.204
530.928
533.906
533.473
532.048
528.492
531.319
533.176
532.406
531.271
530.725
531.118
532.405
532.039
530.129
532.073
531.243
529.473
530.718
529.702
530.068
529.985
532.756
530.494
534.356
531.710
530.124
532.394
531.115
531.454
528.201
529.584
531.860
531.527
533.117
533.380
534.099
532.115
534.771
532.671
532.536
533.137
532.964
531.193
528.755
531.119
531.106
531.654
530.896
529.817
531.083
529.287
533.270
533.146
532.622
532.312
531.146
531.505
533.129
531.161
533.109
532.195
527.894
530.317
530.747
531.135
532.784
531.432
534.711
534.122
535.027
533.906
535.096
533.332
532.854
529.607
530.351
530.560
534.209
532.600
533.132
530.701
531.409
533.228
531.476
531.228
528.506
531.356
530.336
531.444
531.473
530.619
532.042
533.416
534.011
536.844
533.765
530.219
532.048
533.216
534.120
533.122
533.279
531.676
529.042
532.157
530.466
531.720
530.167
532.964
531.156
529.071
533.293
531.734
531.451
533.461
534.301
532.462
534.486
532.477
532.552
530.798
531.914
531.230
532.137
535.331
534.887
534.784
528.703
528.633
532.585
533.234
533.537
533.589
532.590
532.424
532.584
532.276
531.407
534.489
532.943
532.988
531.814
533.788
536.581
531.507
529.478
529.857
530.545
532.277
533.145
530.323
532.459
529.483
529.679
531.388
534.756
533.136
532.376
533.348
535.533
533.120
534.337
531.590
530.846
533.271
532.522
532.171
531.234
533.326
530.677
531.795
529.851
531.836
531.365
531.646
529.802
531.153
529.821
531.093
532.988
533.983
532.157
531.535
529.472
532.719
529.786
530.853
529.114
531.666
531.638
533.138
531.615
531.633
530.538
530.452
530.291
531.950
532.584
534.918
534.894
534.081
534.476
535.253
532.634
530.717
530.967
533.187
535.867
534.143
533.859
533.327
530.519
529.974
531.501
529.484
531.114
534.178
532.075
533.199
534.030
530.620
532.686
537.530
531.482
535.449
531.777
532.840
530.810
528.798
530.667
532.810
529.974
532.747
528.695
529.920
533.272
531.530
534.742
533.391
532.869
534.877
531.182
531.774
531.874
534.246
532.558
531.609
532.222
532.082
531.298
533.723
531.805
531.955
533.622
533.996
530.279
532.543
534.523
531.217
530.034
532.375
531.812
533.457
530.992
533.121
530.978
533.087
529.865
534.271
535.437
532.624
531.761
530.267
532.008
531.862
531.678
532.286
529.862
532.561
532.601
534.852
532.914
531.598
533.368
532.702
533.480
533.676
534.025
532.584
532.464
535.921
532.777
532.266
530.154
529.812
531.579
530.958
528.542
531.185
532.155
532.843
530.833
534.839
532.079
532.494
531.414
533.056
535.572
533.522
529.385
530.746
534.027
535.740
535.779
534.350
532.675
533.135
534.233
533.373
532.776
529.167
529.376
531.869
532.044
531.342
532.939
532.430
532.645
533.640
536.674
534.563
534.490
534.400
532.385
533.614
536.787
538.295
531.112
532.611
532.451
534.426
531.544
534.254
535.788
530.920
530.253
533.861
534.319
532.009
530.793
533.827
530.417
533.858
531.983
532.516
535.629
535.740
533.314
534.277
533.741
536.742
535.682
533.763
532.416
534.020
533.385
532.005
532.841
529.737
531.723
533.737
532.053
535.225
533.276
534.087
533.562
532.882
531.460
532.595
530.075
533.669
532.049
530.576
534.100
535.498
532.877
532.990
532.250
531.838
532.913
530.070
530.324
529.015
531.468
530.993
532.867
529.502
532.373
533.683
533.109
532.677
530.899
533.155
529.300
530.957
527.561
529.933
532.044
533.315
530.288
531.221
530.727
530.897
533.980
533.994
533.569
532.488
530.856
532.276
529.513
530.003
535.128
534.175
533.189
533.320
533.293
532.211
533.962
531.218
533.172
531.962
535.077
531.835
534.425
535.219
530.516
531.001
533.465
531.809
531.012
529.513
531.795
530.085
531.684
531.438
533.208
534.231
533.637
530.389
530.930
530.654
533.141
531.043
530.809
532.226
533.990
532.902
532.464
533.016
534.577
533.770
532.507
533.828
531.339
530.919
533.237
530.454
533.099
533.116
530.790
533.076
530.312
531.968
531.918
532.608
534.054
533.124
532.923
534.946
535.461
536.194
532.653
532.100
531.144
532.134
532.007
534.622
535.043
531.576
530.946
530.528
529.999
531.861
532.089
534.203
534.752
531.702
533.565
532.430
531.961
533.113
532.135
530.380
531.572
531.065
531.788
533.032
531.565
533.605
536.685
533.471
532.191
532.702
530.800
527.703
527.771
532.386
534.851
533.488
535.205
530.544
532.124
529.864
532.504
531.391
530.185
533.947
531.925
531.551
531.800
533.832
531.459
536.391
532.350
532.536
529.792
529.322
531.184
534.171
531.951
537.438
534.847
532.053
532.043
532.129
530.337
532.052
528.697
529.872
530.186
528.072
531.459
531.803
529.634
530.914
530.082
529.471
532.009
533.961
531.681
528.630
530.636
532.566
530.441
533.130
532.636
530.636
530.249
531.157
533.613
531.787
531.975
533.508
532.731
530.780
529.457
530.822
532.151
530.771
529.659
529.167
533.372
532.311
531.395
530.957
527.984
530.312
529.336
529.686
530.282
531.376
532.793
529.481
532.462
529.836
531.722
532.786
532.571
531.641
530.081
535.208
532.849
531.269
533.738
532.977
532.881
534.039
529.930
532.177
532.102
534.783
534.159
534.559
530.645
531.112
529.840
529.231
532.349
530.267
530.153
533.378
534.869
536.975
531.934
534.564
533.745
531.283
529.578
531.029
530.937
531.112
534.486
533.148
531.479
531.082
533.683
532.668
533.602
533.881
533.929
533.348
534.599
532.988
535.711
532.050
532.380
532.621
532.653
531.977
527.321
531.786
534.145
529.258
530.346
531.874
532.825
530.588
531.036
530.807
531.028
531.153
532.957
531.781
532.965
531.467
531.628
531.529
530.939
532.210
530.715
530.496
530.474
534.601
532.511
531.465
531.730
531.172
531.134
531.395
531.653
532.409
535.896
532.101
529.982
531.301
531.808
530.107
531.024
532.617
532.305
531.233
531.522
533.184
533.982
533.937
536.064
533.219
534.507
535.345
530.279
532.249
531.796
534.720
536.971
534.744
534.737
532.419
534.762
535.337
535.799
534.172
535.285
532.596
535.251
536.598
534.992
536.198
537.646
535.743
532.905
532.455
537.884
534.808
533.208
532.444
534.119
537.197
535.273
534.710
532.978
534.283
533.495
534.932
533.740
535.024
534.333
537.891
534.955
533.197
534.982
535.376
535.581
534.950
537.567
535.540
534.517
534.121
536.270
537.205
538.272
534.904
535.027
535.368
534.852
532.891
534.102
535.247
534.654
534.281
534.251
534.041
535.257
534.013
536.864
534.648
533.980
533.062
534.007
534.513
535.792
536.524
534.720
535.914
536.732
536.956
536.949
533.865
533.201
533.776
534.645
532.714
533.095
535.667
534.233
536.534
534.468
535.308
531.687
536.232
535.074
534.309
534.947
537.189
535.781
535.371
536.218
536.413
533.778
534.372
535.743
537.535
537.541
537.079
536.407
535.058
532.864
537.463
533.687
537.549
534.903
535.613
532.764
535.245
537.091
531.355
532.781
535.411
535.898
534.826
535.533
535.184
536.324
537.393
535.271
536.616
534.793
533.028
537.654
536.018
534.652
537.178
536.916
535.292
536.709
536.748
535.428
534.331
533.098
536.215
535.779
536.707
533.737
533.771
534.234
537.988
532.706
534.671
534.605
534.449
535.709
534.355
536.266
533.428
535.631
534.424
534.767
534.587
533.851
534.534
534.631
536.182
536.760
534.327
532.873
535.845
536.352
536.479
533.570
533.975
536.204
537.058
539.423
538.513
535.412
532.714
533.121
535.357
535.738
533.947
532.135
533.797
536.315
531.631
531.574
532.843
534.956
535.221
535.039
534.227
535.114
534.208
534.208
534.411
533.812
534.576
532.257
532.950
533.283
533.937
532.462
533.525
532.927
533.392
533.538
535.051
535.997
536.771
538.543
535.160
537.359
534.282
532.180
532.182
533.948
531.828
529.939
531.622
528.987
532.537
534.355
533.787
533.888
535.314
533.622
532.533
533.299
534.873
531.721
535.444
534.654
536.014
532.367
532.082
529.739
533.117
531.833
533.064
532.127
532.713
531.206
533.080
531.751
533.071
529.446
530.857
533.189
533.768
533.650
532.044
536.294
532.412
531.564
532.573
532.030
534.609
532.858
535.496
532.088
532.585
529.727
531.609
531.987
529.805
532.130
535.149
531.570
531.223
533.612
530.687
533.066
533.841
533.261
530.481
529.690
531.501
531.180
532.257
530.626
530.210
532.259
533.709
530.190
527.950
532.061
529.291
530.083
533.605
534.464
531.522
530.274
532.441
530.686
532.262
528.728
532.024
532.321
533.517
531.545
531.944
529.851
530.935
529.585
533.195
532.858
529.410
532.575
529.981
531.965
533.486
530.832
532.058
532.348
533.549
530.509
533.457
531.868
530.137
530.533
533.392
532.671
533.813
531.260
532.194
535.080
534.311
532.198
532.642
534.672
531.716
532.454
530.030
531.544
527.819
527.934
529.834
531.359
531.729
531.976
528.103
530.767
531.194
534.787
533.152
532.103
529.841
530.517
532.021
533.411
527.951
533.995
530.367
528.211
531.573
529.489
529.706
528.366
530.933
531.429
532.422
533.440
529.434
528.930
530.451
528.787
532.363
532.071
532.377
532.769
530.196
531.252
533.425
534.062
532.120
528.884
530.625
529.906
531.972
532.609
531.033
532.282
531.042
529.190
532.589
530.608
528.705
532.064
528.108
531.374
531.739
530.083
529.758
531.995
530.213
531.611
529.102
530.153
532.082
531.373
532.656
530.106
530.446
529.898
529.761
529.548
531.415
531.273
531.364
531.312
533.536
533.170
531.571
532.081
532.506
532.482
532.645
530.076
531.984
528.526
531.454
532.195
530.643
532.417
532.315
530.613
531.391
528.670
531.057
530.748
535.205
531.317
531.368
533.990
531.010
531.066
531.088
532.234
530.640
530.529
531.255
530.134
531.917
531.347
531.003
533.837
533.237
531.851
532.634
532.165
533.547
531.942
532.220
532.830
530.909
531.821
530.327
533.132
530.482
530.408
529.844
530.828
533.355
534.634
532.202
532.438
531.371
529.512
531.927
533.157
530.973
531.702
530.203
528.890
530.202
532.364
532.171
532.091
529.963
532.859
531.578
532.434
532.364
530.245
528.634
528.481
531.859
530.683
532.882
531.253
534.068
532.407
533.732
531.643
531.043
533.718
531.658
531.954
529.604
531.316
530.172
532.281
531.494
532.071
531.124
533.558
530.019
528.718
529.545
532.223
530.670
529.773
532.995
532.043
532.262
531.254
530.195
529.393
527.914
531.156
530.209
531.647
531.824
533.031
535.372
533.640
532.631
533.366
532.337
531.626
534.337
533.035
534.537
531.329
529.995
531.230
530.579
530.406
531.620
529.397
530.633
530.578
535.432
531.787
531.783
532.006
530.534
533.214
532.868
535.243
532.626
532.746
530.944
532.230
532.480
534.593
532.565
533.904
533.018
532.195
531.203
530.855
532.568
531.816
532.842
531.203
533.134
531.651
529.976
530.760
531.225
532.288
532.224
530.305
531.130
534.660
533.524
532.463
532.049
532.700
536.100
533.254
533.113
535.534
530.859
531.852
531.858
535.404
533.756
531.112
531.157
530.176
531.400
534.181
533.713
533.995
533.161
529.835
531.123
531.419
533.005
532.216
530.789
529.204
531.774
531.951
533.149
532.248
534.289
534.867
529.777
532.851
531.827
528.154
530.351
532.738
531.335
529.232
529.872
528.555
530.681
531.545
531.549
532.140
532.258
531.579
532.222
533.073
533.025
534.435
533.772
533.501
531.372
532.744
534.853
531.025
530.792
536.330
532.470
533.963
534.587
529.908
533.192
533.356
531.902
532.401
534.572
532.159
534.913
531.981
531.569
528.542
530.149
532.571
530.945
531.374
532.734
532.190
531.332
528.225
530.210
529.598
529.365
528.575
528.611
531.301
530.785
532.462
531.182
531.787
530.891
531.292
530.942
529.544
533.271
534.239
533.992
533.961
529.337
529.532
531.565
530.691
529.789
533.528
530.359
529.860
532.416
534.963
533.625
534.902
534.477
534.121
534.138
534.194
534.172
533.634
533.359
534.708
533.088
532.462
532.311
532.750
532.292
535.069
532.751
533.775
530.109
531.525
530.186
533.387
532.054
530.966
531.306
533.011
532.120
530.786
530.266
529.500
529.721
531.053
532.420
530.959
530.255
533.564
527.276
530.379
528.351
531.243
532.517
533.568
531.849
531.201
530.772
527.994
528.443
533.964
530.249
530.526
530.712
533.376
533.000
530.747
530.667
530.056
532.322
532.395
528.040
530.957
530.838
530.878
528.164
532.948
530.856
534.329
533.749
534.876
533.109
530.881
533.930
533.132
528.531
530.586
529.738
530.316
531.417
529.777
533.657
534.382
529.544
530.373
530.734
528.856
530.562
531.309
533.931
530.190
532.710
531.216
531.676
532.770
533.254
531.661
532.877
534.337
534.567
532.241
530.914
530.710
531.556
530.924
531.979
532.942
533.399
532.502
531.424
534.340
532.102
533.181
532.358
535.243
534.260
533.625
534.413
531.681
532.236
533.212
534.519
535.016
529.700
530.831
529.079
532.926
531.265
532.293
533.084
534.762
533.046
529.884
529.610
530.204
533.576
533.193
531.147
532.407
534.454
533.755
531.167
532.546
533.050
531.723
532.626
532.394
534.246
530.134
533.899
533.769
530.304
530.820
532.781
533.446
534.675
535.281
534.777
531.299
530.872
532.838
533.718
532.209
531.881
531.166
533.976
533.412
532.457
533.312
533.981
534.026
532.676
532.571
531.481
535.183
533.935
534.741
532.474
534.617
533.291
532.979
530.887
532.832
532.964
529.490
533.302
527.558
529.690
530.756
535.061
533.773
531.481
532.908
532.655
531.678
528.840
531.591
529.874
534.213
532.534
532.839
528.704
531.720
530.673
531.209
532.315
532.062
530.159
528.702
530.601
529.909
530.033
531.901
530.701
531.809
531.789
534.060
533.719
532.510
530.486
528.666
528.091
528.811
528.623
529.473
533.950
529.244
530.906
527.196
529.762
532.540
532.001
531.235
530.686
530.252
529.728
530.744
528.816
533.787
533.309
534.052
534.068
530.538
532.422
531.248
528.321
530.077
529.967
531.922
530.540
533.503
532.726
532.378
532.383
533.778
532.827
532.689
531.305
532.911
530.437
531.989
530.836
532.965
529.817
531.965
532.325
531.956
532.613
530.689
533.286
531.201
534.837
535.040
533.005
536.762
534.527
534.155
533.828
536.356
535.707
531.895
530.994
532.513
532.083
531.844
534.417
532.800
531.634
529.275
530.668
530.002
530.264
532.234
532.901
530.193
532.854
532.808
533.231
534.556
530.474
532.261
530.396
532.807
529.344
531.933
531.139
530.321
531.556
533.083
530.407
530.590
532.213
529.720
529.581
530.333
531.327
530.191
529.249
532.735
530.930
532.622
531.051
531.227
531.093
534.211
529.536
532.712
532.578
531.277
530.985
533.394
530.995
532.287
534.071
534.269
529.831
528.661
530.356
531.748
533.806
534.197
534.012
532.177
532.110
535.846
535.368
533.308
530.821
532.882
534.636
533.524
531.871
531.338
533.226
530.886
531.557
532.409
528.905
529.411
528.343
527.390
530.512
529.563
530.552
529.069
530.188
530.036
533.996
532.555
531.866
530.975
529.649
530.079
532.252
531.836
533.535
531.353
532.498
531.191
532.251
530.509
532.659
531.866
530.670
532.993
532.009
530.148
527.910
531.223
529.852
531.806
534.520
533.478
531.890
532.967
528.658
530.758
531.760
531.407
531.416
532.449
533.225
532.100
531.116
530.789
531.747
531.999
531.011
531.668
532.504
531.156
531.505
532.458
529.627
528.887
529.510
530.341
530.376
530.874
530.148
533.308
533.355
533.602
533.068
532.206
533.445
532.878
530.816
529.780
532.555
535.433
533.764
532.376
530.137
532.121
531.501
531.482
533.506
533.810
533.021
532.631
534.463
531.950
533.231
530.454
530.717
534.271
534.074
532.402
533.722
532.109
531.229
533.549
531.585
529.627
531.715
532.038
534.469
533.765
531.730
530.899
530.656
529.911
528.523
529.129
530.826
531.620
532.703
530.034
534.593
535.917
533.147
532.323
535.015
532.452
531.802
532.629
532.187
531.860
535.440
534.418
534.785
533.212
533.128
533.121
528.385
532.396
534.506
536.440
533.387
533.587
534.352
534.297
532.689
533.303
533.965
533.238
535.163
534.841
535.098
535.175
535.599
532.133
534.413
534.481
532.499
534.305
535.346
534.608
533.430
533.578
534.828
533.921
532.288
534.838
536.451
532.620
532.772
533.148
532.979
533.094
531.856
529.348
533.579
534.055
533.604
531.189
531.389
533.382
529.698
534.194
531.842
533.804
533.214
531.507
531.362
531.862
532.808
532.313
532.376
531.786
533.306
534.717
535.594
535.691
533.132
533.992
533.963
534.327
534.045
531.733
534.022
531.525
534.991
536.030
534.335
534.566
532.067
530.157
532.945
532.998
534.481
534.175
533.409
533.443
536.100
533.934
533.244
536.407
534.191
533.687
535.078
533.600
534.714
534.007
534.201
533.538
535.292
534.745
533.291
531.344
530.203
532.856
534.291
535.660
536.139
532.956
532.106
533.942
534.501
535.150
536.083
534.363
534.476
532.793
531.133
531.359
532.947
531.325
532.524
531.077
532.217
532.392
533.365
533.366
532.704
533.083
530.204
530.942
531.840
531.931
533.030
532.255
534.848
532.554
533.957
536.248
535.590
534.928
532.376
531.674
530.852
533.624
533.004
530.836
531.598
532.559
530.808
533.232
532.573
529.755
533.588
530.962
531.127
529.957
533.123
533.186
534.684
534.883
532.451
531.370
531.135
530.793
533.099
530.477
529.163
530.838
528.882
529.393
530.915
531.110
535.621
533.686
533.077
532.420
530.970
534.213
534.032
531.522
536.559
533.010
533.767
533.752
533.653
532.555
534.227
532.177
532.778
533.149
531.958
531.422
530.309
531.735
531.540
530.530
534.887
530.388
528.692
532.892
530.096
533.535
529.529
530.638
530.332
533.887
533.509
531.266
531.445
532.034
531.967
531.784
530.804
530.882
530.374
528.881
528.429
527.428
531.077
531.598
532.803
532.940
530.009
530.645
530.929
531.363
535.731
532.112
530.666
530.161
530.836
532.589
535.448
533.320
536.376
533.916
536.848
536.517
533.805
536.362
537.765
533.244
536.002
537.946
536.283
537.220
534.228
533.190
533.651
534.133
534.518
531.849
533.825
532.127
532.167
535.116
531.951
533.101
532.661
534.572
534.976
535.551
535.736
533.045
533.226
533.281
534.157
532.601
537.495
532.280
531.108
532.558
533.151
529.866
530.832
531.142
530.448
528.299
529.057
532.762
531.378
530.670
531.710
530.141
532.867
534.070
532.580
530.436
532.313
530.542
531.147
527.487
532.265
532.238
531.411
531.318
532.978
532.899
535.090
533.270
530.907
532.023
533.535
532.289
532.111
531.146
533.095
530.308
529.622
529.767
530.219
530.097
533.500
530.167
533.523
532.784
531.221
530.339
530.996
530.646
529.962
534.705
532.356
534.392
534.709
532.671
531.096
534.933
535.423
533.356
534.019
533.983
532.840
533.454
534.232
534.304
534.193
531.955
534.561
532.546
535.254
530.383
531.504
531.777
533.176
530.527
533.244
528.850
530.731
527.167
529.245
531.023
529.267
531.738
530.053
533.566
531.776
533.090
533.566
531.314
532.832
532.251
530.966
532.225
530.838
532.948
532.199
534.535
534.782
533.586
535.479
532.268
533.209
533.679
531.254
531.297
530.929
533.930
535.070
532.154
532.779
533.667
533.675
534.057
534.178
531.244
532.678
530.469
533.235
531.964
533.507
534.314
534.773
532.251
534.221
531.908
533.646
528.241
530.954
530.837
530.400
531.952
530.759
531.908
533.582
531.317
531.908
531.534
531.542
531.593
533.539
534.095
529.655
530.875
531.484
530.710
528.896
530.748
533.232
532.350
532.983
532.271
530.554
530.339
533.351
530.332
530.938
531.492
531.495
532.896
532.766
530.743
529.705
531.045
529.770
528.306
531.202
531.533
532.448
531.348
531.440
529.361
528.374
531.029
529.169
529.952
529.403
530.990
532.402
532.151
530.523
531.657
531.244
529.863
530.607
532.334
531.479
529.112
530.864
532.788
531.062
534.238
534.351
533.609
531.241
532.204
532.962
531.305
534.271
533.155
531.492
530.290
532.308
530.172
531.018
531.150
534.316
531.412
533.115
532.576
533.216
532.796
532.720
533.686
531.869
530.955
531.338
532.242
529.638
532.576
532.648
533.126
533.392
531.115
533.376
530.943
532.568
531.570
531.951
533.897
530.138
531.901
530.203
532.024
529.137
532.121
529.633
530.408
531.638
530.982
534.457
531.759
531.098
529.443
533.168
534.913
533.436
533.649
534.628
532.101
532.375
531.293
532.301
533.223
534.004
532.553
532.248
532.176
530.076
531.726
532.382
532.122
534.438
531.988
533.512
535.279
533.393
531.346
531.493
535.275
533.820
531.468
531.183
533.302
533.006
534.728
531.446
530.311
528.645
531.978
532.719
530.551
534.968
532.075
532.530
530.631
533.128
529.088
529.669
531.128
530.222
531.661
531.526
533.638
533.626
531.591
534.911
532.077
534.455
534.299
532.507
532.207
531.331
533.649
532.085
531.830
529.654
527.254
530.907
533.077
535.479
535.947
531.537
533.530
532.479
530.318
529.721
530.168
532.104
531.544
528.991
532.650
533.024
534.858
532.275
530.773
532.731
533.166
531.232
532.735
534.283
533.184
534.272
532.633
535.044
533.185
533.980
535.608
533.962
530.960
537.187
532.658
531.751
529.400
531.366
533.097
531.951
530.452
528.162
529.098
532.335
533.653
529.606
527.506
527.756
528.199
529.469
530.592
532.361
530.353
533.095
532.119
532.373
531.463
533.262
533.038
534.092
533.399
532.801
532.935
532.879
530.071
532.408
534.651
533.103
531.875
530.368
534.474
530.160
533.666
532.212
529.924
533.040
531.679
534.187
532.053
532.342
530.669
532.424
529.938
529.839
531.021
531.995
536.049
533.691
532.281
528.669
533.432
533.199
535.462
536.816
535.534
534.501
533.469
533.798
535.564
533.403
530.850
533.197
532.607
533.806
536.492
535.802
536.958
533.379
532.242
531.577
530.832
534.273
530.824
529.973
532.261
534.059
533.821
533.016
530.963
531.634
533.516
531.992
533.783
534.467
531.316
531.358
531.893
532.995
533.633
533.153
532.464
530.881
532.784
535.332
531.167
530.568
530.898
527.551
530.277
532.117
533.679
532.021
532.225
531.462
531.587
532.926
532.557
532.625
529.579
532.074
530.344
531.154
531.748
531.993
534.059
532.891
529.458
531.661
533.597
532.504
529.969
531.625
532.219
530.468
531.201
535.654
530.657
531.739
531.171
531.727
530.884
533.361
531.788
532.333
530.565
532.790
535.132
529.227
531.740
528.874
531.314
532.324
532.582
533.735
534.711
537.155
532.876
531.559
531.903
529.950
530.858
532.748
532.988
534.320
531.877
529.114
530.019
531.060
531.862
533.943
535.112
530.852
532.263
531.001
529.866
529.075
531.099
530.078
532.881
532.121
529.184
530.905
530.206
531.333
531.740
532.338
529.987
533.336
530.220
532.154
531.329
531.637
532.003
531.723
534.022
533.362
531.657
535.424
530.869
534.694
534.264
533.329
531.293
532.647
529.213
531.939
531.082
527.733
531.760
531.572
534.358
534.432
534.549
530.254
534.536
530.622
533.517
532.791
531.160
532.433
531.914
531.812
532.224
531.154
532.750
530.729
530.457
531.719
530.437
531.592
533.209
533.941
533.897
532.912
532.701
533.360
532.908
533.950
531.151
533.710
534.656
531.009
532.009
530.837
531.569
532.411
531.309
532.012
532.731
529.052
532.238
530.444
531.258
532.574
530.836
528.785
533.088
533.364
533.087
534.593
532.962
530.199
535.010
533.407
532.430
532.870
534.049
533.637
533.960
531.289
528.913
533.187
535.178
532.306
532.483
532.858
530.750
532.561
532.392
531.572
532.120
531.854
529.495
531.090
532.941
530.680
533.582
531.203
531.800
532.713
533.738
532.071
532.895
533.933
531.449
531.313
531.033
532.860
533.576
531.491
532.727
531.629
531.956
531.615
531.920
532.615
532.262
531.809
532.364
533.701
533.362
530.721
532.506
530.704
530.846
530.570
531.112
531.906
531.461
532.049
530.956
531.585
533.853
534.344
534.447
536.720
533.605
530.182
532.339
534.007
532.474
531.057
529.489
530.717
533.580
532.632
532.124
529.380
531.438
531.601
533.537
531.481
530.855
530.896
533.332
530.591
530.717
534.013
534.238
533.837
531.778
531.830
532.073
531.420
531.280
532.326
530.728
532.773
531.754
533.719
534.577
533.126
535.044
534.165
532.952
531.233
532.546
532.487
531.066
532.140
531.842
530.348
530.530
529.531
530.242
531.113
530.293
532.718
532.391
534.151
530.464
531.875
533.999
532.955
530.768
529.593
529.954
531.907
532.491
529.831
527.967
528.663
531.039
530.551
531.990
533.061
531.056
533.520
531.247
533.331
531.570
531.836
532.176
531.186
530.382
533.932
532.611
532.574
533.308
530.368
531.844
535.225
531.691
531.356
529.946
531.127
531.235
529.318
530.254
529.845
530.648
533.181
530.773
532.978
532.986
528.844
531.988
531.616
534.262
530.214
528.677
530.941
530.404
531.179
531.201
531.659
531.212
531.118
530.757
530.898
532.848
535.152
531.409
531.720
530.450
531.904
532.055
531.527
533.123
531.912
532.121
531.207
531.721
530.558
530.361
527.071
530.309
531.342
532.550
532.552
532.883
533.983
533.064
532.424
529.583
528.387
529.047
530.350
529.754
531.512
530.796
530.237
532.866
532.456
529.949
531.545
531.103
529.496
533.158
532.570
534.709
533.580
532.172
531.299
534.296
533.529
532.326
532.288
531.319
529.010
529.933
532.040
533.385
532.127
532.108
531.276
531.816
529.832
531.467
531.113
531.766
532.792
531.162
531.651
531.881
530.376
531.526
530.437
532.984
532.403
530.426
530.688
530.751
534.111
530.732
532.200
530.060
531.756
532.930
531.687
532.035
534.750
532.716
530.466
533.312
534.473
532.177
530.386
531.271
531.566
532.989
532.998
534.686
532.196
534.658
534.241
533.656
533.390
533.993
532.633
533.903
531.994
531.700
530.418
533.214
532.736
530.542
534.879
533.019
531.946
533.614
531.995
532.082
532.549
529.656
533.721
532.659
533.552
532.741
531.386
534.223
533.055
532.533
532.142
533.203
533.484
533.824
530.596
532.124
531.213
533.180
531.984
535.025
535.174
535.175
533.132
533.686
533.459
534.237
533.269
532.954
534.712
533.356
531.525
533.659
531.406
532.086
530.990
532.021
531.769
532.439
531.503
532.247
535.268
532.502
533.646
535.545
534.664
532.446
534.993
532.009
536.537
533.295
533.598
535.857
533.449
533.146
530.412
531.815
532.870
534.005
533.081
533.245
533.127
532.688
535.967
534.755
533.282
536.636
533.522
535.469
534.590
534.887
529.930
532.609
534.278
534.450
536.082
534.004
533.871
535.190
533.697
536.537
535.167
532.686
534.874
532.286
533.221
535.091
531.734
534.639
536.326
535.500
534.906
534.732
532.063
534.980
535.251
533.368
532.658
532.514
533.211
531.974
534.385
532.988
534.683
533.188
529.305
533.468
532.150
533.228
533.037
536.653
534.262
533.777
532.244
530.998
533.561
531.369
532.535
535.143
534.160
534.757
535.827
533.571
535.422
533.532
536.058
535.158
535.884
534.013
534.041
532.208
536.285
534.994
532.993
532.422
533.174
537.277
535.101
536.330
534.710
536.356
537.616
533.737
533.871
534.738
535.067
533.370
533.555
533.440
533.722
536.092
536.150
534.252
534.786
536.709
536.842
536.994
536.315
536.458
536.619
534.414
535.100
535.225
537.714
535.138
532.258
534.221
532.275
534.693
535.963
534.614
535.577
537.757
536.625
535.390
534.850
532.830
533.572
531.842
533.802
534.123
536.234
539.727
534.720
531.986
531.663
536.736
535.099
535.322
533.969
533.961
531.812
533.935
533.559
533.752
533.911
534.070
535.339
536.835
532.098
533.032
532.057
534.023
533.408
533.815
533.013
532.310
535.328
536.095
533.296
535.383
536.190
531.659
533.644
533.396
536.946
535.288
534.207
536.543
532.192
533.683
534.174
532.076
533.104
531.500
535.321
533.752
534.540
535.730
536.499
533.525
535.880
536.249
536.668
536.607
535.572
534.305
533.502
534.840
532.950
534.547
536.796
536.016
535.112
531.704
533.964
535.190
535.862
533.629
533.331
535.164
534.638
535.456
531.428
531.440
532.750
535.094
533.168
533.144
532.842
533.614
530.108
531.520
532.208
531.752
530.660
533.016
531.077
531.309
534.357
531.250
530.617
530.917
529.181
530.810
533.330
533.428
533.153
532.224
530.085
530.338
531.672
533.688
531.417
533.215
531.973
534.171
531.803
532.624
533.463
530.870
533.988
533.741
533.305
528.774
532.192
531.116
533.961
533.225
533.850
534.909
533.089
533.164
532.966
533.029
532.481
532.421
531.646
532.411
533.248
533.674
534.994
534.371
533.705
535.292
533.415
534.413
531.269
530.476
534.833
533.357
535.462
532.777
535.892
533.570
535.212
532.588
535.215
537.490
537.953
535.985
533.702
534.565
536.121
536.402
534.477
534.950
533.603
532.755
531.569
534.751
531.258
531.366
533.657
530.924
534.059
533.882
532.430
531.882
531.177
531.707
529.719
531.215
531.742
531.165
536.093
535.144
534.981
533.889
533.436
532.086
534.747
530.579
535.780
534.407
533.561
528.422
533.228
530.816
529.113
529.992
533.727
534.194
533.316
531.583
534.731
535.272
533.909
534.378
536.120
537.075
534.797
530.147
533.453
533.788
532.893
533.773
531.204
532.531
529.955
532.027
531.468
534.462
531.952
533.458
531.601
530.358
529.692
529.867
532.246
530.462
531.453
531.622
529.076
531.023
532.082
534.656
534.864
532.435
531.701
531.164
531.927
532.737
534.200
534.025
530.516
535.151
532.853
534.844
533.295
532.809
532.657
532.759
534.798
534.948
533.752
532.153
533.127
538.408
535.949
533.129
535.151
534.524
532.966
532.076
531.620
531.649
535.626
532.573
531.475
533.053
533.375
534.191
532.725
531.191
534.147
530.813
530.737
532.053
531.922
532.105
535.786
534.911
535.358
535.953
533.356
533.966
535.323
535.668
532.886
531.518
532.994
534.965
535.653
537.002
532.069
534.302
534.259
534.636
534.853
534.107
534.401
536.303
535.362
538.211
534.504
535.345
533.841
534.894
534.739
535.157
534.618
533.186
532.550
533.331
535.640
534.470
534.341
532.939
532.435
530.379
531.174
533.716
534.794
534.129
532.199
534.581
535.087
536.188
535.812
535.894
535.458
537.131
533.953
532.589
535.148
534.778
532.404
533.965
535.482
538.807
537.180
537.486
536.313
534.814
534.167
535.616
533.933
535.919
536.192
537.053
535.100
536.466
533.341
534.710
535.777
535.612
535.692
533.349
531.891
533.444
534.315
532.341
535.357
535.734
537.726
538.105
535.715
539.664
537.004
536.014
532.299
530.888
531.295
536.817
534.985
537.003
534.979
537.446
535.759
535.207
536.338
535.543
533.004
533.885
534.346
533.395
532.366
534.157
534.643
532.623
536.218
537.711
532.124
532.761
533.514
535.439
531.166
534.136
534.954
534.958
533.265
536.628
533.626
535.428
538.011
533.856
537.147
535.085
537.097
533.591
533.176
534.478
536.579
535.582
532.888
537.700
538.881
537.513
538.066
535.658
532.998
533.167
537.677
536.602
536.987
533.227
536.204
538.070
536.183
537.358
536.762
536.975
539.015
538.841
541.525
537.725
535.904
534.381
535.261
535.648
536.388
534.640
538.926
537.997
535.497
540.076
537.477
537.549
539.006
535.219
534.240
538.134
537.448
534.850
532.720
533.975
536.779
537.855
536.358
538.455
538.910
538.691
540.065
537.710
538.088
536.899
533.356
539.037
535.621
533.539
534.360
534.049
535.339
533.360
534.885
537.195
532.676
534.773
537.209
533.834
536.534
534.780
534.699
532.938
536.599
536.058
539.481
536.720
539.947
537.325
537.690
536.845
538.231
538.183
537.976
539.133
537.535
534.147
535.302
536.278
537.264
534.155
538.942
538.503
537.817
534.951
538.036
535.775
538.135
536.052
535.309
537.975
538.533
536.236
534.374
536.872
537.657
536.893
536.305
538.453
537.416
535.477
536.268
537.358
537.091
537.714
537.207
536.760
539.429
538.631
538.720
534.626
537.807
536.820
536.299
537.859
537.976
539.736
540.653
538.620
537.186
537.622
537.566
538.394
539.213
540.776
538.882
537.311
535.026
536.320
537.989
535.462
537.915
537.530
537.062
537.751
539.568
536.341
537.734
538.533
535.871
536.671
536.243
534.919
534.428
540.539
537.377
535.187
538.593
538.217
537.697
537.853
536.273
537.678
535.665
533.449
536.146
539.231
537.123
538.525
538.357
535.077
536.708
535.498
536.889
535.415
534.625
535.660
534.855
537.034
540.263
535.695
537.017
537.491
539.742
536.498
534.837
535.267
536.306
534.370
538.154
534.976
533.949
534.537
536.348
534.627
535.168
535.436
538.874
536.217
536.320
535.820
535.085
535.361
535.649
537.688
538.287
537.511
536.072
537.303
535.353
536.510
534.489
534.506
535.705
534.278
535.382
535.068
535.899
533.679
535.322
534.183
534.331
532.533
535.672
534.807
536.859
532.532
535.695
534.622
534.111
535.947
533.998
535.152
534.354
532.836
535.234
534.374
534.106
532.850
533.303
531.665
532.569
536.609
536.745
533.394
535.412
533.611
530.809
533.949
532.722
531.378
532.198
532.707
536.781
535.415
537.446
535.409
536.520
534.335
532.717
531.759
532.638
532.886
530.939
532.563
534.476
535.099
532.167
532.638
532.089
532.284
531.514
535.051
533.707
535.852
533.079
534.541
535.706
534.289
532.777
530.063
534.900
532.472
533.647
535.276
536.059
534.609
538.155
532.471
534.282
531.933
534.756
536.091
534.612
534.183
535.655
533.563
534.572
534.483
530.744
533.370
534.386
533.162
534.215
536.173
535.328
537.859
534.823
535.128
534.671
534.746
530.840
534.385
533.552
535.526
532.598
535.080
536.560
535.024
535.069
534.848
533.138
533.810
534.198
535.102
534.476
532.674
535.638
532.348
533.445
531.995
531.281
530.680
530.731
531.632
533.190
537.392
533.665
534.198
533.049
534.564
533.434
534.932
532.902
534.381
537.003
534.293
534.606
533.734
532.002
532.567
534.525
533.347
530.487
532.962
532.326
531.322
532.768
533.289
534.396
532.057
531.096
530.342
533.583
533.872
535.365
532.748
534.271
532.740
534.631
531.218
534.305
533.076
531.891
533.642
534.905
533.207
532.335
531.459
535.013
534.126
532.282
533.250
532.738
531.579
533.202
535.159
536.208
533.718
535.035
535.258
532.722
531.926
534.202
533.882
534.381
535.976
534.471
535.322
532.825
531.912
533.579
534.769
537.201
534.194
532.925
536.543
534.807
531.839
532.680
534.508
533.236
533.021
534.010
532.627
531.936
529.476
529.549
535.354
534.111
532.786
532.884
532.469
534.121
532.978
533.056
533.248
530.083
530.071
531.600
533.450
533.392
533.421
532.078
532.782
533.409
530.786
532.429
535.202
532.238
532.015
531.221
532.493
531.358
528.189
531.204
532.122
533.882
531.009
532.249
531.325
531.410
535.320
532.077
534.300
533.393
532.758
535.101
532.018
533.959
536.045
531.979
536.282
535.181
533.668
532.108
535.113
533.475
536.379
534.876
535.065
535.240
533.073
534.133
535.415
532.846
532.729
532.378
532.413
532.761
535.948
532.915
535.378
534.458
532.262
532.135
532.644
531.886
532.464
535.185
532.657
533.912
534.376
534.375
533.859
532.897
533.742
532.073
530.636
531.653
532.903
533.066
532.898
530.664
530.520
532.376
534.075
534.626
531.068
531.743
533.559
534.773
533.318
534.710
534.333
532.674
532.425
533.520
536.367
531.975
531.372
534.912
533.035
531.415
530.510
532.904
532.434
532.489
531.245
530.196
535.234
533.760
535.966
533.914
532.111
529.580
533.466
533.768
535.865
535.552
534.120
531.203
533.317
534.392
533.521
531.334
534.884
535.378
532.207
533.770
536.478
534.813
533.182
533.586
530.101
531.092
533.594
533.904
531.633
535.065
534.442
531.409
531.043
531.206
529.097
532.736
533.264
532.782
530.668
534.962
534.436
534.524
533.682
530.928
530.578
532.579
531.562
532.546
530.735
533.140
533.119
535.169
536.305
535.607
534.883
530.999
536.715
533.194
530.235
528.741
532.563
531.640
530.589
532.066
535.058
534.348
534.079
531.606
530.419
532.237
531.815
534.103
534.850
535.077
535.871
533.638
533.282
533.374
529.904
531.117
531.336
531.860
534.297
534.158
539.095
535.326
534.877
534.837
532.930
530.516
531.543
529.301
531.413
532.222
531.081
529.549
530.338
532.329
534.381
537.777
534.466
532.613
532.273
531.783
528.542
533.439
531.534
532.930
532.986
530.523
531.401
533.276
531.444
532.458
536.405
531.042
532.581
534.888
533.584
531.052
532.976
529.702
531.913
533.161
534.006
534.070
535.147
534.778
537.577
536.784
533.242
530.953
533.504
533.275
534.123
535.392
533.385
532.286
533.638
531.887
532.613
534.292
531.510
534.226
534.249
533.685
535.622
533.825
534.314
532.899
533.510
532.510
530.850
530.317
533.999
536.983
534.021
533.006
532.541
532.271
530.316
533.711
534.312
531.329
532.357
533.145
531.867
531.618
532.036
530.241
530.316
533.436
531.696
534.116
531.333
534.336
534.749
533.884
533.804
531.286
534.970
533.605
532.423
533.724
533.847
532.789
535.148
536.002
