700.258
698.406
696.984
695.981
701.202
700.886
695.529
693.572
696.446
696.686
700.707
696.930
703.542
701.179
700.947
699.625
701.798
705.020
703.545
703.835
706.854
698.613
700.409
696.132
696.549
696.722
701.205
700.345
700.511
697.970
703.326
703.597
703.293
699.550
699.280
700.489
694.859
690.233
699.377
696.482
692.881
694.240
696.467
701.243
699.053
696.817
693.205
693.383
697.195
698.076
695.220
695.785
695.806
693.353
691.238
694.389
692.997
695.599
695.602
696.626
703.222
697.909
696.837
698.659
697.426
700.293
704.977
704.746
704.680
695.629
696.508
697.987
702.488
702.544
696.507
702.664
702.224
708.242
708.053
701.792
701.019
699.320
702.158
701.164
695.459
694.423
689.753
694.090
697.249
693.290
694.033
699.943
696.830
691.308
691.643
689.871
689.323
692.059
694.523
692.458
685.051
688.111
689.718
685.655
689.870
688.250
687.848
688.452
693.702
691.708
694.242
694.293
694.566
692.332
694.372
693.472
697.485
694.093
698.640
701.341
697.373
699.146
700.358
695.205
696.035
696.678
693.499
691.857
696.412
699.127
700.469
700.213
704.546
702.499
703.635
703.013
704.875
701.981
703.560
696.071
699.112
699.377
696.691
697.378
695.642
696.874
693.731
695.951
695.745
701.050
696.492
696.367
695.457
697.781
695.012
686.251
690.317
689.156
686.426
687.372
688.284
680.562
680.313
681.924
682.736
682.231
688.768
683.169
682.715
682.661
686.809
684.912
682.885
679.047
687.458
688.309
686.045
685.972
691.850
686.116
689.100
690.538
691.447
695.370
698.389
694.940
695.267
693.226
693.941
683.281
682.483
686.120
688.629
681.585
683.926
684.707
684.818
686.299
685.907
683.443
684.642
681.180
679.362
681.791
686.539
687.299
693.951
692.444
692.133
683.798
684.946
687.262
690.010
692.499
695.519
696.264
694.073
697.304
698.010
699.803
696.166
700.273
702.507
696.256
698.368
696.681
698.346
697.111
703.308
699.798
704.182
707.011
707.743
704.799
698.466
699.480
698.324
701.389
706.730
701.752
699.155
694.942
693.064
685.143
688.541
689.676
686.043
685.567
688.366
686.082
685.791
688.273
687.849
686.831
686.276
689.095
688.648
686.881
688.372
686.034
685.027
681.686
683.878
684.534
684.118
686.720
681.854
684.286
682.258
679.357
673.147
674.421
678.583
678.149
675.226
677.305
677.765
678.040
682.178
679.071
683.450
683.136
679.799
678.697
676.498
675.759
679.537
676.416
682.580
683.739
682.821
678.694
681.255
675.659
681.447
681.043
679.531
677.871
677.058
678.890
682.204
678.060
677.319
669.380
672.533
671.028
671.970
671.932
670.028
671.415
676.299
674.419
677.479
676.900
679.911
679.996
679.585
676.662
677.516
677.834
677.006
680.811
680.128
670.775
674.940
677.818
677.316
675.886
677.150
682.792
684.517
675.913
678.805
679.022
680.360
685.732
676.480
674.405
674.787
675.231
673.008
669.246
673.346
672.086
672.974
666.135
670.522
666.821
672.614
672.158
670.673
670.833
675.949
678.685
678.408
680.455
676.957
676.162
673.070
675.786
679.906
678.309
681.528
683.298
678.336
684.131
679.316
683.474
682.464
681.778
683.794
680.852
680.774
682.610
684.163
686.486
685.846
680.491
689.043
689.563
687.603
688.018
684.953
682.593
683.834
687.460
685.699
685.651
683.990
686.352
691.540
687.296
681.971
679.529
679.733
685.710
687.670
687.729
685.900
685.978
688.009
683.355
683.726
688.641
693.177
691.985
687.052
687.216
684.084
681.288
682.270
681.269
687.628
691.441
690.753
689.813
687.188
690.671
690.927
687.253
690.235
685.955
694.713
692.186
694.611
695.764
695.468
692.881
698.797
696.789
694.470
693.264
693.427
695.872
691.082
690.351
691.403
691.940
684.775
687.738
687.070
683.271
692.991
690.794
687.525
689.058
682.923
683.558
688.579
688.433
689.083
693.490
692.176
689.413
691.880
692.764
687.450
685.845
691.191
688.759
691.008
696.988
694.221
695.116
693.353
693.449
690.043
688.578
691.138
691.037
687.352
689.777
687.745
695.847
689.032
686.880
684.599
694.115
688.972
691.782
685.758
686.052
696.039
691.933
688.389
694.063
691.947
692.229
688.622
683.571
688.508
688.457
685.825
684.606
686.618
686.965
685.844
688.628
696.718
697.380
693.459
696.783
700.531
698.085
693.572
694.697
688.911
686.493
686.039
685.911
687.464
686.360
688.019
686.577
684.026
684.535
689.144
694.751
692.528
689.783
687.951
686.602
686.414
689.586
688.441
686.521
687.700
692.152
690.111
683.774
685.075
680.509
681.531
683.796
683.777
678.293
683.481
684.434
682.487
681.854
683.488
681.972
685.138
687.892
683.469
687.525
683.490
682.296
679.156
683.063
682.236
691.783
690.751
694.146
691.850
693.546
690.129
687.349
693.168
695.431
690.995
687.580
695.063
689.175
694.070
688.749
692.066
688.486
687.979
690.472
688.676
686.524
689.471
688.784
690.597
687.866
689.107
689.407
691.090
690.549
691.647
699.582
690.349
685.700
679.112
684.244
684.359
688.740
684.596
682.530
675.581
683.936
686.360
684.121
677.592
677.827
678.213
677.582
678.048
679.939
684.799
684.911
687.869
686.261
684.307
675.730
675.889
678.474
676.005
678.691
676.148
678.125
679.013
677.202
682.290
677.050
678.155
679.420
677.770
677.648
681.940
680.958
681.544
679.895
676.768
679.140
677.668
681.626
679.621
678.894
681.026
682.691
687.156
686.784
684.577
683.243
685.230
683.938
683.339
676.162
672.673
679.915
683.782
687.809
685.998
687.482
683.682
684.430
684.359
681.013
679.588
679.463
673.651
676.951
670.844
671.178
675.238
677.390
674.594
677.485
677.099
677.588
678.145
679.719
679.548
680.143
683.164
680.811
687.713
684.720
683.212
683.886
681.947
679.528
675.805
677.614
682.336
681.004
679.179
681.284
676.839
680.195
680.654
680.277
673.089
673.766
674.706
671.254
676.576
667.827
664.993
660.967
667.623
670.752
669.604
670.812
668.152
670.805
668.964
672.818
667.312
665.318
664.176
670.560
670.468
672.350
672.030
668.769
672.072
668.671
671.611
674.217
674.199
675.325
672.079
672.769
669.401
672.263
676.142
678.017
678.745
675.396
680.404
674.852
675.870
674.222
679.737
675.347
680.031
682.798
679.298
683.857
683.729
680.110
678.848
681.767
682.005
680.852
681.204
678.834
686.137
680.993
678.257
680.449
679.680
682.623
682.426
684.707
686.532
683.086
686.829
684.276
686.727
686.977
680.545
683.636
685.131
690.448
686.101
683.865
678.419
680.309
675.699
680.005
685.122
683.301
689.576
683.923
681.599
684.333
681.797
682.333
676.590
677.735
675.594
679.789
681.503
674.494
679.631
681.873
682.903
684.417
686.655
687.338
681.913
680.110
682.522
680.457
689.345
688.227
682.505
683.255
684.317
687.901
691.705
689.645
688.602
687.352
686.621
684.216
684.733
686.684
685.993
690.912
684.477
684.259
676.831
679.521
684.010
686.623
686.032
682.675
680.319
676.909
675.766
678.425
677.062
672.568
670.685
673.558
672.092
677.768
677.373
675.460
684.402
677.637
670.328
670.831
671.183
675.502
674.350
673.985
670.636
669.118
676.874
678.597
673.627
676.270
676.298
672.361
672.949
670.025
671.832
669.748
670.087
667.571
663.692
664.352
665.644
661.626
667.378
667.891
663.478
669.729
664.663
663.856
666.030
670.588
667.176
664.265
665.568
664.959
664.422
662.416
665.853
666.945
665.966
666.776
669.071
670.389
670.104
666.659
665.226
665.702
661.588
667.953
667.265
663.708
668.952
667.642
660.593
666.772
669.329
661.321
661.615
665.474
661.614
666.871
670.701
670.143
671.628
674.675
676.920
675.145
671.198
671.314
669.798
665.525
665.069
662.145
667.339
666.538
670.000
674.489
676.548
674.816
679.489
674.228
671.336
674.057
680.048
673.343
674.953
670.248
669.982
678.082
679.133
676.893
678.764
672.523
675.841
671.000
667.925
672.073
672.370
668.660
676.996
676.578
675.359
677.733
677.013
675.434
672.339
676.139
674.867
673.156
672.125
671.345
669.676
669.378
667.480
665.396
667.445
673.049
672.461
671.415
673.052
677.252
675.918
679.212
672.700
672.877
672.316
677.320
671.167
671.091
667.908
666.668
672.280
669.660
672.744
671.448
679.605
679.466
678.256
677.649
678.142
673.569
674.931
677.861
673.522
673.111
668.719
673.245
676.034
675.094
674.575
675.218
673.766
673.022
672.952
672.667
676.649
673.896
671.637
674.844
672.309
672.652
667.708
669.396
670.034
667.248
673.952
679.727
678.725
678.178
670.555
672.417
669.369
670.244
671.211
674.285
673.418
676.098
675.921
674.045
680.111
674.101
676.153
678.904
675.959
674.455
679.675
680.562
678.356
679.492
675.325
670.249
675.394
677.416
678.482
675.272
674.932
673.212
670.217
667.548
671.601
669.664
671.397
669.487
668.057
666.279
668.930
669.979
669.125
669.210
674.960
667.910
675.131
674.045
675.813
679.194
678.737
681.698
683.660
680.609
683.264
681.824
674.771
676.845
675.349
677.951
680.325
679.171
679.472
677.609
674.872
676.113
679.429
677.690
674.851
679.755
672.899
677.235
681.088
676.893
679.620
678.940
677.848
673.693
675.033
677.994
677.852
674.650
675.091
677.144
674.345
670.114
674.914
673.846
676.012
677.074
676.384
673.389
671.054
667.502
664.928
669.959
670.244
666.958
670.864
673.560
673.674
676.613
672.259
673.887
677.907
679.054
674.601
670.573
671.628
675.133
677.873
680.836
674.725
670.928
667.921
670.825
671.190
679.037
675.362
673.932
673.860
675.437
678.843
672.701
680.971
683.105
686.907
687.510
684.195
684.378
680.128
683.469
683.665
684.766
683.495
686.762
687.924
687.893
681.983
682.795
687.793
689.692
690.310
687.516
684.800
689.460
691.908
693.656
693.089
694.611
698.018
695.857
697.046
697.057
698.236
696.766
696.638
695.132
699.353
697.323
695.588
691.745
694.191
695.760
695.035
697.954
700.632
703.401
702.014
697.844
693.704
694.352
700.471
704.480
703.849
702.760
701.572
699.008
702.946
695.520
697.473
702.615
700.463
701.213
693.968
697.668
702.329
700.277
697.839
698.767
697.950
697.012
691.396
695.436
694.401
695.093
694.320
698.132
693.665
695.544
698.537
693.504
691.144
693.382
689.340
691.496
692.137
695.332
690.434
689.950
685.445
689.055
686.472
691.970
694.717
690.412
690.028
694.793
694.753
697.980
694.822
695.600
698.747
695.832
695.599
696.907
698.741
700.022
698.352
699.342
695.688
703.347
701.766
697.002
695.467
696.433
695.038
691.758
693.775
696.608
696.948
699.636
695.070
694.485
695.552
692.634
697.332
691.816
692.081
689.354
689.818
687.066
691.001
689.420
688.346
686.477
688.958
689.376
685.852
685.365
687.068
685.217
680.444
681.127
685.226
686.194
687.174
684.074
688.065
690.132
687.814
687.872
690.686
689.860
688.854
690.885
693.338
695.980
692.979
689.468
691.175
684.726
688.645
691.328
693.134
691.768
691.202
691.728
693.444
688.105
684.498
686.691
687.743
681.723
686.832
680.776
678.975
678.806
677.491
684.159
689.890
684.934
681.446
683.530
684.149
682.618
679.403
682.910
687.416
689.225
689.554
684.355
684.103
687.599
689.181
689.079
686.517
680.548
678.298
682.860
679.855
676.872
679.413
684.056
680.765
679.912
683.845
681.869
683.150
679.589
680.637
680.697
678.105
682.650
682.089
687.320
683.244
676.236
675.837
677.832
679.961
680.064
678.861
679.505
678.170
682.126
680.668
681.070
679.530
676.090
681.229
676.140
675.742
681.621
680.276
684.266
679.296
678.367
683.051
675.489
677.588
672.418
674.782
672.993
671.873
670.118
674.581
672.207
673.426
678.236
673.351
671.500
671.875
673.682
676.494
677.631
681.706
675.143
675.971
681.391
679.461
685.269
680.854
679.444
679.412
683.251
675.517
672.949
671.484
677.390
674.837
672.737
671.784
673.862
670.829
669.253
672.079
672.762
670.191
675.031
669.217
669.004
668.005
667.510
669.424
668.316
672.437
675.131
675.135
677.506
672.096
676.835
677.025
677.252
675.215
679.673
674.745
671.331
674.523
671.824
675.018
675.373
673.404
678.663
681.502
679.293
676.242
683.373
679.153
680.165
682.368
687.267
682.545
677.341
682.515
683.136
679.563
681.982
678.595
681.169
676.302
677.877
681.586
679.515
678.028
682.772
682.538
682.597
681.458
683.110
687.465
687.041
683.173
683.249
684.884
684.000
689.985
683.190
682.001
677.248
682.216
684.003
686.069
687.685
689.426
686.257
686.810
688.186
688.925
686.141
688.767
689.953
686.950
689.087
694.968
689.965
695.610
690.902
691.174
695.933
696.129
691.952
693.788
697.020
696.388
691.727
694.957
690.723
692.540
694.652
693.655
690.009
685.974
682.259
683.837
688.420
694.310
689.921
695.223
688.846
691.581
690.479
690.706
690.216
693.494
689.761
686.825
680.560
679.047
679.890
679.508
680.652
675.558
674.036
674.096
676.878
677.106
679.023
684.996
689.671
686.568
687.822
687.931
687.470
685.907
688.792
693.687
695.631
691.433
693.771
689.725
691.636
696.777
697.968
700.852
702.267
703.975
698.747
696.038
698.295
700.132
704.681
702.965
698.517
699.916
697.945
699.398
698.543
699.986
700.975
706.424
699.820
699.928
699.928
698.947
697.747
697.855
695.613
698.382
698.866
698.258
693.486
693.702
687.077
697.112
696.243
697.080
693.386
695.354
699.100
697.726
696.854
694.730
694.987
692.188
696.472
692.145
692.340
692.396
693.798
696.601
695.155
694.092
696.165
692.108
694.945
693.947
695.040
693.860
695.302
694.245
695.835
701.082
701.217
694.247
694.929
694.951
698.732
693.992
695.806
693.971
699.913
698.696
698.841
700.731
700.561
700.581
697.524
697.927
698.384
695.260
696.539
700.233
701.498
699.180
694.147
698.237
697.769
700.073
695.336
699.271
693.756
688.318
690.613
691.018
687.780
690.685
688.091
689.206
691.150
685.874
685.952
689.477
694.939
698.519
693.981
693.526
689.397
688.935
691.012
695.443
692.283
690.766
691.213
692.369
688.851
689.919
686.744
688.407
694.426
693.609
688.940
692.240
693.821
691.202
686.725
687.961
684.993
687.284
682.304
683.124
683.853
686.250
692.450
695.558
689.074
695.870
692.135
696.111
700.789
692.641
692.043
693.594
685.650
687.008
691.202
694.081
688.576
690.865
688.541
688.937
689.888
690.406
691.938
696.010
697.954
694.769
695.658
695.423
696.334
698.598
695.606
693.727
696.802
693.940
691.871
696.449
692.252
700.231
702.094
693.988
696.113
689.156
693.320
687.317
692.679
687.613
690.284
687.304
680.977
681.803
680.264
675.023
675.990
679.699
677.820
675.170
678.536
677.579
680.104
681.792
681.667
682.738
681.102
676.701
681.015
677.350
671.589
678.826
683.676
680.609
684.512
682.103
682.253
678.040
678.513
678.808
678.058
682.352
676.214
682.941
690.132
692.089
691.929
690.721
690.888
687.714
681.625
684.368
679.678
682.769
683.632
684.902
689.472
694.042
689.222
691.001
691.103
690.844
693.198
688.715
687.394
685.199
683.871
688.559
685.812
690.518
690.786
690.214
689.102
696.670
692.311
692.156
692.378
688.311
687.672
685.742
684.078
688.915
686.519
680.957
677.213
674.221
680.185
684.645
684.201
680.404
678.840
678.127
683.850
681.606
680.792
684.155
682.489
685.922
684.486
682.353
685.156
682.276
678.490
683.011
682.327
685.441
681.961
688.133
691.883
700.274
705.359
703.735
703.495
700.159
701.544
705.017
706.349
703.816
703.779
705.761
697.555
698.604
704.970
699.027
703.109
704.647
703.331
698.584
700.741
704.021
696.172
695.386
696.816
698.043
700.778
697.824
694.435
696.484
702.249
697.165
697.234
695.799
693.554
687.261
690.861
692.863
689.416
691.834
688.194
683.893
687.165
689.314
692.261
693.159
691.504
688.656
692.939
698.044
698.085
690.078
690.912
693.779
691.100
690.088
692.488
692.196
694.650
693.099
689.917
692.921
694.481
691.667
694.807
697.092
698.944
700.101
698.286
695.776
693.907
691.301
690.844
694.663
693.371
689.168
688.757
689.936
696.014
693.234
693.792
694.635
700.151
704.491
704.966
702.463
710.862
703.717
697.586
698.340
701.068
701.126
702.632
704.354
702.130
708.096
706.305
711.126
709.687
703.456
698.875
704.669
710.100
707.338
704.810
701.982
703.098
700.471
695.415
696.786
692.009
694.339
691.011
693.741
692.082
686.182
694.302
695.168
695.395
699.630
693.000
693.341
696.531
698.167
698.193
699.430
698.948
697.297
695.258
694.282
695.179
691.569
693.742
696.809
690.614
691.034
694.711
693.187
688.482
690.756
686.761
694.204
689.499
687.528
690.127
686.427
685.613
688.226
691.539
688.124
684.786
686.715
687.473
685.090
681.535
683.936
687.969
688.693
695.746
699.776
698.632
700.543
698.124
697.551
698.107
701.456
707.118
702.260
706.651
705.790
703.893
707.598
707.773
708.370
716.806
711.350
705.751
708.142
709.989
707.036
707.733
709.135
696.611
699.221
695.716
702.346
697.681
698.494
690.464
692.766
698.976
695.865
697.237
699.379
696.516
696.090
703.652
704.199
704.826
703.431
701.799
699.728
698.468
693.095
689.737
696.224
694.047
698.721
696.435
691.744
699.202
698.017
696.233
690.698
693.966
699.257
696.734
695.343
700.749
694.357
693.993
702.004
692.609
694.202
697.181
697.495
697.162
703.069
701.152
709.111
706.534
704.992
702.375
700.851
704.241
706.174
706.188
714.891
715.364
714.485
715.155
711.649
714.652
712.508
707.713
707.190
713.924
714.624
718.212
714.902
718.253
715.504
717.800
711.257
709.425
708.990
709.315
716.200
714.989
711.128
707.710
708.387
706.073
711.867
716.278
705.450
706.880
707.033
709.322
707.267
704.392
702.957
703.509
703.605
707.092
704.465
704.469
707.209
707.250
710.161
707.974
702.562
704.184
704.087
706.909
704.002
710.137
702.351
709.393
702.438
709.283
703.330
704.858
707.652
703.573
707.183
705.873
705.619
700.888
703.902
709.803
710.484
710.592
711.408
710.882
709.067
712.277
709.753
718.577
721.333
724.690
720.750
721.389
721.192
720.018
716.274
719.038
717.083
714.570
720.885
717.993
721.333
719.060
713.224
714.973
710.693
712.216
713.924
709.745
711.123
711.018
710.419
711.589
709.228
714.901
715.286
710.249
714.393
710.280
706.192
703.996
703.414
703.423
702.932
698.581
700.106
695.405
696.215
697.701
696.939
701.863
698.832
698.249
702.030
700.845
700.145
701.179
695.252
699.078
702.860
703.297
700.882
699.599
695.291
700.278
693.885
693.890
694.218
695.803
688.294
687.359
685.898
684.223
689.008
684.133
682.758
687.787
687.541
694.064
694.988
695.807
688.288
689.214
689.325
686.975
685.297
691.738
695.881
692.349
687.869
688.005
687.153
688.220
690.202
694.901
698.263
694.596
690.770
688.706
690.939
691.006
700.096
699.725
700.935
701.387
694.359
692.939
690.898
689.976
688.881
691.002
690.613
693.754
694.079
694.859
698.487
695.998
694.173
692.917
689.282
690.638
688.627
686.616
680.530
678.979
683.421
689.124
693.012
689.508
700.250
692.536
690.289
690.343
692.271
689.146
686.903
688.710
686.822
688.904
693.648
690.780
695.972
692.136
694.657
696.189
694.815
689.725
688.250
688.189
692.827
693.333
698.394
690.349
693.776
683.674
688.547
692.094
692.266
690.980
690.250
690.384
686.897
693.828
690.857
694.825
688.370
692.729
695.208
695.616
693.194
698.867
697.398
699.935
698.970
692.914
696.592
692.538
687.307
689.662
693.889
694.637
696.664
699.726
697.821
703.885
706.268
702.497
705.913
712.418
712.980
705.424
704.317
702.483
703.875
696.856
694.897
695.254
696.537
696.595
701.945
697.609
692.643
690.195
690.172
694.926
690.366
693.943
689.363
682.122
688.571
691.673
686.166
687.413
686.114
689.913
687.275
689.748
688.924
680.310
687.004
683.225
686.229
683.147
686.089
686.546
693.184
691.140
690.946
692.654
692.916
692.182
691.351
690.585
686.508
690.938
693.326
698.851
695.322
694.695
693.757
695.571
695.946
694.300
693.140
690.959
696.124
685.345
682.469
678.579
677.659
678.183
679.011
683.786
680.094
684.121
689.576
687.489
689.525
689.399
696.700
688.944
695.147
688.559
684.761
687.866
689.899
689.996
693.935
690.868
690.927
695.346
692.937
689.469
691.016
689.241
688.199
693.131
692.308
688.399
688.460
688.498
690.094
690.544
684.389
688.460
686.079
690.674
688.362
687.718
684.718
683.521
679.574
682.154
678.829
677.799
671.328
679.025
680.489
679.930
678.740
681.483
675.728
677.737
684.628
680.997
678.303
683.423
686.356
683.681
681.012
675.354
679.770
681.127
680.742
680.173
678.269
678.660
685.687
686.831
691.392
688.383
692.887
686.976
685.792
684.009
683.465
681.082
678.329
676.559
677.037
672.504
676.075
674.686
683.659
685.945
685.363
685.081
687.107
690.067
686.460
693.283
694.340
691.744
692.575
690.471
685.294
691.325
690.803
685.510
684.130
681.729
685.650
682.416
682.002
680.681
683.454
685.665
679.720
685.831
688.610
691.668
677.973
681.087
684.163
680.370
679.914
679.965
685.735
688.767
683.227
678.701
682.663
680.938
679.547
675.794
678.929
682.811
682.352
686.851
681.217
682.839
686.653
682.552
686.105
682.811
683.798
682.979
688.954
683.774
679.165
683.303
684.561
685.933
682.406
678.928
682.034
685.103
680.749
684.372
687.142
684.284
685.710
688.923
686.207
687.365
686.613
684.608
687.799
682.583
680.199
679.610
684.276
690.111
695.358
684.618
694.997
689.434
692.247
691.502
690.864
688.104
688.079
688.093
689.018
690.384
693.127
689.120
689.116
690.841
685.089
691.131
691.029
692.113
694.632
690.766
694.821
691.798
693.169
690.360
689.239
690.739
694.397
686.830
689.609
691.995
689.160
688.948
691.242
693.616
692.995
695.175
695.848
689.785
691.511
692.144
691.876
693.057
688.474
685.165
690.605
687.501
683.148
677.615
686.248
688.980
691.099
694.054
694.041
693.818
692.362
688.583
686.760
684.681
690.761
686.448
686.279
694.117
692.957
692.213
683.770
691.456
686.588
689.170
683.481
685.579
688.273
686.436
687.815
683.449
689.064
691.290
695.486
692.290
692.781
691.994
692.922
695.953
695.003
700.100
697.391
694.756
694.888
691.231
694.380
688.490
684.789
691.045
691.952
689.485
681.041
692.449
684.309
686.634
691.308
687.361
688.769
692.424
694.752
692.951
699.729
699.399
696.603
693.219
694.283
692.583
693.518
689.419
690.212
689.656
687.184
684.428
683.457
685.136
686.407
688.387
690.010
685.440
683.432
681.039
681.575
678.013
681.603
681.744
682.893
683.435
686.768
680.932
679.539
686.173
689.357
682.736
681.702
683.287
679.800
677.115
682.676
681.128
681.899
680.571
684.112
687.780
688.780
690.273
690.643
688.273
687.528
689.605
691.469
687.225
686.864
677.432
675.983
679.291
678.239
671.646
676.061
679.205
679.598
679.454
681.593
677.100
678.611
681.651
677.251
677.551
680.869
680.898
675.236
676.339
672.277
672.968
680.905
685.560
682.630
682.285
680.952
680.421
683.197
682.928
684.160
683.686
687.154
687.568
690.636
696.530
686.935
689.562
682.800
687.057
686.211
690.765
691.242
693.472
696.064
690.080
688.695
688.649
688.822
690.737
686.026
683.927
687.229
692.048
693.627
692.312
697.657
690.802
693.220
692.756
692.054
692.510
694.555
693.655
693.669
693.965
694.569
687.228
689.815
690.907
693.251
692.657
694.166
695.076
693.688
694.322
697.273
700.757
692.135
691.920
694.006
693.999
692.674
695.418
698.584
691.511
690.595
692.923
692.601
685.593
682.237
684.011
686.330
677.731
681.744
680.162
682.115
686.748
682.645
681.440
683.254
682.915
684.048
682.942
685.892
686.424
680.767
679.881
677.525
673.247
678.854
676.817
684.373
684.617
684.228
678.771
681.019
680.208
679.151
673.202
672.901
669.743
675.684
677.176
679.342
678.521
678.360
676.736
684.205
683.681
680.583
686.899
687.426
686.850
688.731
685.868
686.823
691.619
693.162
685.353
688.236
687.291
691.814
696.225
696.370
693.621
694.999
695.957
693.227
692.004
691.280
690.593
686.699
689.001
687.268
696.166
693.156
690.441
689.857
687.111
680.843
684.466
688.853
691.754
688.975
687.279
688.822
689.632
690.432
687.100
689.000
695.070
695.900
693.048
695.662
692.922
695.986
693.017
688.482
687.058
684.679
690.623
691.362
690.493
691.473
693.476
692.925
693.215
694.651
689.318
692.523
692.298
692.831
697.724
697.398
700.856
695.975
702.575
699.734
700.624
693.798
697.704
696.221
696.900
697.271
698.776
699.492
697.900
693.188
698.653
697.703
699.868
700.656
695.405
698.770
694.932
695.827
695.505
694.808
698.705
696.212
693.134
689.517
688.928
689.013
692.466
691.244
685.036
687.120
687.692
691.172
691.442
690.674
688.194
691.056
690.624
690.881
693.391
691.664
689.407
689.251
697.569
690.080
694.028
697.827
698.562
697.588
694.581
699.049
698.227
701.636
700.496
701.785
699.768
701.924
699.410
701.396
700.787
700.611
705.316
704.179
700.739
693.944
694.991
699.099
698.228
700.368
703.851
699.856
699.047
703.762
700.219
700.790
697.670
700.651
701.580
698.368
702.116
704.190
698.899
697.848
695.721
693.756
698.532
693.088
694.050
693.343
695.932
699.209
700.410
698.811
699.553
693.484
690.570
691.841
694.282
696.445
693.482
697.566
695.307
696.240
692.972
693.044
702.194
698.518
698.224
693.604
692.522
696.503
700.058
697.403
697.399
699.136
697.892
697.610
698.513
702.532
696.123
699.333
707.103
705.293
703.986
701.513
702.790
701.660
699.208
696.697
699.362
695.516
693.141
697.766
701.916
703.277
700.152
703.277
708.760
707.319
704.595
700.249
702.530
698.013
701.333
700.729
704.056
703.674
710.909
710.992
705.589
712.370
711.642
709.888
707.747
707.876
703.784
709.738
709.256
706.361
712.046
715.655
711.193
705.761
705.238
703.796
705.032
700.577
701.949
705.989
711.752
708.691
708.999
707.997
711.724
713.491
716.427
719.676
719.350
715.446
718.949
720.774
722.070
716.962
718.621
719.425
719.969
716.466
717.031
714.410
715.717
713.821
715.505
718.663
716.320
713.493
710.724
709.162
710.492
709.046
714.584
713.934
713.151
713.691
716.283
719.266
715.111
711.297
711.337
712.681
715.028
710.090
709.350
709.960
714.872
715.765
708.252
710.697
711.965
709.057
710.107
708.410
708.951
705.688
705.541
704.263
707.206
695.012
699.740
701.416
700.799
698.758
697.812
695.743
695.218
698.685
695.720
700.065
696.206
696.546
697.676
692.965
702.189
701.416
695.920
696.307
700.908
696.712
699.503
706.937
708.955
708.000
708.031
706.042
704.102
711.255
708.062
709.710
717.710
718.383
720.378
714.966
713.882
710.903
708.019
709.396
704.393
711.110
706.571
709.395
705.115
701.894
701.717
700.896
699.996
705.992
709.122
704.792
705.470
701.348
702.173
700.382
695.860
698.639
699.366
700.085
703.828
698.801
692.286
695.364
692.226
691.529
687.030
685.239
690.425
685.917
685.030
684.166
680.409
682.774
681.765
683.669
682.480
683.131
689.602
688.787
686.025
689.029
691.551
688.358
695.396
695.656
697.102
695.016
689.446
693.696
694.654
693.004
688.512
693.603
686.032
688.316
691.906
693.119
688.087
689.260
693.508
690.511
693.136
696.814
700.451
701.391
701.453
701.704
697.084
696.296
688.934
690.123
692.851
697.592
697.700
699.287
695.150
701.330
703.985
707.876
708.572
705.794
705.496
705.529
713.636
708.270
708.794
704.986
713.362
711.347
707.502
706.018
711.216
710.722
707.504
709.392
705.343
703.522
711.199
704.303
702.961
705.986
703.921
701.450
697.374
703.855
705.535
707.382
705.600
712.529
714.769
710.196
715.886
715.939
714.915
718.043
713.433
715.859
715.649
716.742
718.049
714.206
720.299
720.493
721.268
721.737
722.456
714.708
712.969
711.592
711.107
710.640
713.871
714.064
716.025
717.853
717.505
718.211
715.933
720.019
718.535
715.262
714.643
708.392
711.331
713.212
708.183
712.689
713.575
708.685
712.066
714.210
705.361
707.315
702.795
709.174
710.708
709.178
704.827
706.325
703.638
708.753
707.065
708.773
708.512
709.721
709.955
706.916
706.584
701.709
699.052
700.536
705.012
704.102
705.557
702.409
702.035
699.613
700.270
697.068
698.309
701.754
699.925
702.990
705.016
697.670
700.070
704.140
706.518
709.988
713.002
706.707
708.998
704.683
707.450
716.186
715.685
715.700
718.767
718.387
709.445
715.090
716.118
717.513
717.456
711.744
713.178
717.734
717.410
717.141
714.415
709.989
711.102
712.295
713.442
715.965
713.710
711.510
706.421
710.510
705.338
702.734
701.558
706.299
703.920
708.244
703.559
703.357
699.684
702.458
702.890
702.664
695.447
693.906
691.688
696.466
699.868
698.362
699.306
697.248
703.987
705.886
710.787
709.432
702.382
704.698
703.910
699.194
700.580
705.522
702.691
705.112
706.471
703.266
710.416
707.852
702.781
702.085
703.941
710.021
705.017
702.509
703.073
701.124
702.462
704.996
702.049
700.239
700.263
702.735
701.456
695.439
698.930
696.361
696.685
693.374
700.216
700.473
700.486
707.806
698.594
698.264
701.060
699.777
701.216
703.307
704.496
704.605
698.288
695.488
694.273
702.721
705.038
701.846
702.406
706.279
702.798
706.028
704.650
701.887
703.101
704.145
700.128
701.421
701.633
700.998
701.031
705.460
709.846
712.665
709.314
700.608
701.417
707.536
705.441
701.602
695.714
694.508
697.947
694.629
701.567
695.589
703.202
695.597
693.907
695.194
687.762
691.313
694.767
692.445
690.760
687.547
688.859
683.769
682.405
683.079
690.120
683.242
685.851
690.136
689.364
686.290
686.824
691.728
690.476
694.311
689.889
689.811
689.385
686.128
688.468
684.643
686.152
689.585
689.992
694.751
691.725
686.138
686.754
685.015
691.450
694.378
690.655
688.059
688.204
687.404
689.972
688.652
687.182
690.970
686.577
688.014
685.249
690.325
685.087
693.829
687.606
689.267
690.182
693.599
699.397
699.191
700.019
706.388
703.451
701.775
695.092
690.257
689.135
691.382
685.548
691.658
684.921
685.314
684.734
690.070
689.742
687.148
694.282
685.679
684.321
684.243
689.414
685.860
688.538
693.249
696.453
689.763
692.054
692.755
699.410
693.926
696.795
700.388
701.822
700.259
700.296
703.203
695.057
691.965
694.633
694.396
693.393
690.075
691.234
695.721
693.818
692.585
696.625
698.255
695.096
695.949
693.077
693.843
697.318
700.580
695.130
695.646
695.405
696.249
699.270
702.917
698.481
700.913
702.089
698.360
700.596
694.099
701.088
702.957
702.081
705.420
704.855
707.917
710.546
709.288
704.224
698.845
700.516
699.164
699.806
700.863
700.182
700.603
697.736
701.716
702.674
701.196
701.468
695.591
694.358
697.750
697.012
696.412
696.912
697.028
695.704
698.039
701.799
700.081
698.245
695.544
696.117
699.207
692.380
690.915
693.675
691.514
692.109
695.783
692.242
689.977
695.202
689.914
687.957
684.348
685.845
682.867
686.268
684.270
685.724
687.573
678.375
687.361
685.467
687.573
685.270
688.899
688.679
688.393
691.026
684.734
693.391
696.446
691.953
691.871
690.098
689.799
693.375
685.479
687.132
686.370
685.027
687.536
690.248
697.846
699.394
697.275
689.541
697.501
697.159
694.388
693.445
687.691
685.857
688.157
691.201
689.904
690.079
680.398
687.729
687.668
680.225
680.743
685.980
690.008
684.562
683.053
683.410
684.755
683.300
684.299
692.101
689.258
692.874
690.471
686.302
687.993
681.538
688.907
686.762
682.992
682.862
683.293
689.746
688.294
684.479
685.544
685.460
685.359
684.913
685.683
689.439
687.901
688.741
690.884
694.138
691.729
697.172
699.242
700.346
695.303
692.322
691.821
694.439
697.338
692.250
692.650
696.390
692.839
697.743
700.448
704.879
703.560
693.479
693.137
698.891
697.116
695.836
693.264
694.279
700.718
699.979
700.347
697.948
696.881
695.246
694.020
694.675
698.302
703.247
700.990
693.946
700.200
695.824
698.076
703.613
708.028
699.232
703.683
699.450
703.447
697.186
696.828
703.831
698.301
703.782
695.625
695.996
696.944
697.893
694.591
690.789
689.739
695.665
700.836
702.054
695.457
699.355
697.102
697.108
694.989
696.429
698.794
699.890
694.582
695.930
691.430
694.900
693.374
699.195
694.201
700.894
696.229
693.459
696.966
693.217
690.663
689.985
688.581
687.770
689.908
692.098
693.007
694.396
691.249
696.947
695.989
693.212
694.388
696.389
693.668
691.552
694.941
694.172
689.916
699.432
697.839
702.005
702.842
702.282
697.252
696.834
698.472
698.931
700.903
699.118
695.655
697.802
700.305
705.593
702.388
698.336
703.924
696.943
702.794
702.894
707.503
703.619
702.601
707.512
704.287
704.587
705.688
707.615
703.518
704.345
701.003
703.790
702.165
701.800
700.569
701.112
706.019
702.470
701.041
714.135
710.930
710.656
711.898
707.521
705.107
702.853
705.411
710.887
710.524
710.679
709.377
708.465
707.522
707.192
707.338
706.506
706.576
707.936
708.951
705.526
708.645
703.977
699.392
701.335
697.660
695.986
699.296
701.319
705.006
700.355
702.254
707.876
709.372
702.665
701.560
699.983
696.419
700.885
695.189
695.154
692.705
691.911
687.735
688.115
687.356
683.023
680.209
676.814
676.798
682.454
682.871
685.896
688.320
685.684
680.752
685.032
680.730
684.573
682.708
682.133
680.609
679.460
683.607
683.785
682.790
683.592
686.133
679.271
686.792
682.782
681.731
683.215
688.335
687.051
682.902
685.036
685.985
683.214
684.221
684.585
690.520
685.759
686.602
686.565
688.176
686.322
688.112
686.129
684.106
682.075
685.497
689.915
685.995
688.503
688.095
688.297
687.622
688.763
687.192
685.147
690.485
685.850
688.128
686.973
685.774
688.552
690.355
688.423
686.837
689.105
686.680
689.250
686.670
688.657
688.464
695.262
690.277
697.988
700.596
697.781
692.741
696.500
697.164
696.365
696.001
699.316
696.505
693.042
690.917
696.708
698.131
703.545
706.179
703.828
701.921
706.962
705.343
705.926
702.859
707.170
701.253
700.703
703.981
707.323
707.845
707.494
714.251
713.814
715.464
708.533
709.829
705.119
707.888
706.729
704.553
703.064
701.385
702.519
707.410
704.604
699.093
699.665
696.523
702.518
702.836
696.942
700.407
701.315
705.411
702.591
698.102
694.776
692.445
688.974
694.495
690.171
691.281
692.260
692.387
693.301
694.222
688.856
682.905
689.475
685.222
691.855
692.958
688.917
692.767
700.061
698.291
694.625
690.372
696.306
692.401
691.958
693.240
687.452
690.743
690.218
688.885
686.054
688.174
684.422
686.641
681.785
685.707
685.913
687.043
683.534
685.897
687.704
686.805
684.570
690.232
690.639
692.486
690.105
689.378
693.993
695.462
695.951
697.894
695.963
694.544
692.501
690.438
693.610
687.007
686.237
689.665
689.726
691.777
690.263
689.373
692.541
693.785
690.249
690.688
690.525
689.979
688.829
689.129
682.692
679.580
684.527
678.427
687.614
688.203
691.175
690.179
688.538
689.512
687.095
686.018
687.434
693.191
693.856
694.311
690.942
689.200
690.575
698.550
698.801
701.453
696.847
698.822
697.042
700.683
695.571
687.930
685.852
688.348
688.551
692.714
687.483
688.103
693.572
697.784
696.205
696.706
693.795
697.289
696.950
689.707
684.458
686.105
688.806
693.003
693.218
695.179
694.722
690.513
687.017
686.266
683.126
688.938
692.198
689.534
686.814
691.316
689.905
684.500
688.053
691.074
692.065
693.566
692.274
697.891
698.508
692.871
696.343
695.076
694.435
696.161
691.616
690.965
696.720
698.599
702.330
697.174
701.083
701.009
699.650
697.623
699.383
698.636
702.057
702.743
702.610
699.800
696.030
690.549
690.801
691.305
697.593
697.367
692.889
695.008
689.175
694.195
700.390
697.394
701.770
703.510
700.800
701.919
704.046
705.527
704.006
697.127
702.239
697.318
696.951
696.664
697.618
694.416
691.762
691.036
689.666
696.609
693.916
698.960
700.337
697.213
699.220
697.123
697.909
695.013
701.464
702.580
702.673
702.552
699.958
704.279
704.510
699.578
705.135
699.530
705.900
698.497
695.582
700.338
706.728
702.141
706.717
704.075
704.035
706.403
705.804
710.293
711.407
706.529
703.840
703.959
703.617
702.952
705.254
701.213
703.682
705.919
713.853
711.635
710.654
706.885
709.865
708.898
707.792
711.465
712.459
712.528
710.294
711.065
712.873
711.193
714.830
719.720
714.306
712.125
715.906
717.249
718.910
714.881
714.095
712.638
711.071
708.482
705.396
703.900
701.154
704.909
702.261
704.924
703.292
709.359
707.271
710.180
711.334
711.473
705.722
703.207
710.331
704.371
703.796
711.848
710.220
709.252
708.183
707.969
705.694
709.112
702.840
703.208
702.319
702.841
697.771
698.974
691.850
699.538
697.172
703.597
700.620
701.408
705.167
703.137
707.976
704.480
700.705
703.634
694.558
698.752
699.940
699.544
702.585
702.624
702.712
699.587
705.653
708.376
712.585
711.942
716.227
721.060
718.183
717.183
719.859
724.356
724.030
729.495
725.676
725.370
724.528
717.615
724.676
722.169
723.601
719.249
717.710
715.694
716.135
713.514
718.170
716.451
707.661
709.580
706.707
707.129
706.064
711.368
707.603
711.516
715.472
718.179
718.535
721.216
720.487
717.095
723.995
718.802
720.409
719.882
718.125
719.913
722.289
720.348
724.516
728.801
722.382
722.498
724.591
720.372
726.386
728.548
725.439
729.571
732.744
728.015
727.542
724.600
718.457
722.820
711.114
714.901
718.975
716.559
717.375
717.839
715.156
710.571
710.579
711.526
717.808
713.018
713.641
716.113
718.240
712.151
711.393
707.633
710.711
707.563
709.082
710.511
716.312
717.109
718.153
718.427
719.082
713.724
718.251
724.478
727.103
722.089
719.723
718.224
717.462
721.911
719.230
726.296
723.241
724.277
723.405
727.720
722.265
716.630
720.209
716.752
714.647
719.435
712.125
708.675
715.906
717.468
716.702
716.146
715.882
715.639
709.969
711.753
718.524
717.109
714.536
716.446
711.995
712.839
717.199
724.576
721.098
725.500
719.908
716.663
717.544
724.265
721.584
722.829
715.406
721.318
716.624
719.588
717.667
718.148
717.160
720.429
714.179
715.021
721.052
722.512
727.224
720.986
718.003
722.218
726.162
722.135
718.070
715.271
714.110
718.062
713.205
718.020
717.838
718.023
719.967
721.029
722.112
716.799
713.519
713.543
717.808
720.555
717.903
719.381
720.530
717.259
721.339
721.370
720.568
723.721
725.783
723.335
724.967
725.192
727.808
730.366
718.585
715.705
725.865
725.590
733.181
733.445
727.484
728.376
725.542
724.435
727.193
723.019
718.610
719.944
721.135
717.558
721.039
720.671
716.968
719.351
718.194
716.604
716.004
717.638
719.715
716.340
719.613
725.454
722.216
724.572
716.273
719.022
721.069
715.081
718.932
715.426
721.065
721.320
717.917
714.122
715.944
708.328
706.634
705.433
697.382
702.738
703.208
705.652
708.688
699.034
702.866
699.717
701.559
700.718
695.185
702.949
697.485
697.558
700.168
701.111
699.908
704.232
703.784
710.365
705.955
704.871
706.185
703.026
705.553
708.355
703.386
700.092
696.515
696.668
703.342
699.066
696.558
692.195
691.571
696.566
695.326
697.325
693.457
696.535
695.569
693.806
696.373
697.943
704.078
700.680
703.571
702.524
704.718
705.960
705.839
704.448
699.248
705.499
698.659
701.529
701.722
709.208
697.606
700.633
701.988
697.430
697.901
704.163
706.219
711.154
709.998
706.187
706.493
705.403
707.916
703.973
712.824
703.798
705.450
707.563
704.425
708.511
713.202
712.470
707.588
712.777
716.860
710.722
708.588
717.194
713.198
710.597
706.815
708.533
702.906
706.250
703.683
709.823
713.823
716.577
715.781
717.459
719.039
718.747
721.038
721.630
724.036
718.039
717.568
716.739
712.785
715.986
715.065
713.219
719.052
714.654
715.709
716.914
717.086
715.402
719.676
716.899
722.825
727.265
724.012
723.344
720.998
723.738
724.620
723.874
722.319
724.488
728.086
722.154
722.404
725.213
729.354
734.153
726.322
722.107
727.327
722.062
720.938
722.872
725.016
720.351
726.348
726.563
730.098
728.500
723.937
721.413
726.600
729.027
726.836
726.374
726.868
727.848
729.462
726.681
724.290
723.971
726.625
733.024
726.120
723.180
729.616
730.418
736.146
738.117
733.856
735.280
737.304
742.008
739.585
734.164
731.132
728.255
728.499
735.556
727.107
723.281
721.093
725.133
725.159
722.544
726.610
724.170
719.035
717.063
718.033
719.896
722.295
725.551
721.434
712.496
723.016
731.137
729.528
735.183
727.694
726.607
727.360
728.886
721.632
720.994
725.202
725.556
720.601
724.685
722.588
725.228
723.248
718.260
719.043
718.916
718.496
719.887
720.918
717.721
720.923
724.725
723.801
723.974
724.369
721.915
719.601
720.106
724.018
722.538
721.649
723.734
720.425
717.132
721.252
717.929
722.839
720.149
720.296
721.313
720.325
724.231
718.852
716.733
717.283
718.100
713.404
721.343
722.431
723.925
719.001
715.892
717.667
718.966
716.308
714.663
714.921
714.474
713.760
710.204
711.032
715.052
712.435
709.363
711.617
709.115
712.718
712.245
710.450
703.610
705.121
706.084
707.122
705.038
714.170
710.112
709.586
709.511
708.363
704.615
712.440
711.974
706.473
712.691
710.254
713.168
716.950
713.484
713.418
713.604
711.893
709.753
704.933
709.252
708.994
707.863
707.864
713.676
708.030
712.977
710.894
708.535
709.252
708.412
710.088
712.756
713.367
707.362
707.641
711.029
711.374
714.127
709.839
714.987
715.269
713.974
719.682
717.763
719.511
712.208
718.880
714.565
716.984
716.916
711.899
713.268
719.569
720.680
720.723
716.509
715.218
715.870
717.850
715.091
714.874
708.703
708.274
705.899
708.772
710.145
701.357
708.342
704.690
711.822
713.155
710.974
712.028
708.927
719.144
714.698
714.433
713.316
706.551
704.403
706.324
703.773
708.667
704.317
704.656
702.510
705.483
707.948
708.985
702.469
700.594
698.333
703.159
705.218
703.843
707.300
704.082
707.323
709.569
701.957
704.127
703.138
706.020
703.995
706.128
700.474
701.111
704.799
709.808
704.271
705.346
698.727
706.280
708.437
706.883
703.760
700.771
697.706
704.604
700.067
705.633
704.598
709.214
707.664
710.949
713.845
712.395
711.575
709.645
710.727
710.996
710.781
711.376
718.446
715.528
715.739
714.859
711.242
723.587
722.011
725.840
724.603
720.350
720.664
719.418
727.695
727.205
723.031
727.065
726.839
726.578
723.614
721.093
722.935
720.783
722.091
723.684
731.927
727.315
721.590
722.251
722.891
721.940
718.425
720.826
725.912
726.641
724.157
729.060
725.000
729.073
720.995
719.577
721.415
720.269
721.580
713.226
715.110
