533.780
530.802
531.365
528.143
530.277
527.932
527.720
529.614
532.504
530.163
536.461
532.198
534.277
531.126
532.800
531.558
529.976
532.371
531.359
531.245
533.594
534.517
533.158
533.075
530.117
534.129
530.218
529.566
529.585
530.512
530.911
530.839
531.095
529.572
529.492
532.372
534.171
528.839
531.548
533.306
528.390
529.894
532.608
531.516
532.436
532.888
531.408
531.621
531.765
530.179
529.171
529.367
528.101
532.916
530.095
529.908
529.350
528.951
530.259
528.968
532.091
530.247
530.362
533.080
531.176
530.112
531.718
530.208
531.213
531.460
533.041
530.286
533.622
534.702
532.077
531.293
532.964
533.894
534.662
534.707
530.493
530.787
534.034
533.187
531.694
530.874
533.337
532.338
532.926
529.305
529.433
532.252
531.675
530.916
530.183
527.709
531.847
531.636
531.794
529.713
527.411
531.159
534.008
529.975
530.544
530.128
530.379
530.965
531.671
529.152
529.196
532.357
531.846
533.584
530.643
530.966
532.644
530.780
531.311
531.866
528.730
530.172
533.096
530.962
528.039
533.226
531.922
528.985
533.404
530.068
531.195
533.573
531.204
530.363
535.486
530.174
529.851
530.509
533.332
534.576
534.581
534.200
532.331
533.912
533.237
530.773
529.374
529.387
532.368
534.936
529.772
533.061
529.501
532.419
533.077
531.396
533.272
531.064
531.016
531.633
535.580
532.399
533.003
531.006
531.783
533.001
533.185
532.172
531.522
531.455
534.053
533.221
532.039
532.333
531.801
531.960
530.200
528.838
530.551
529.185
530.901
530.072
531.579
531.993
530.512
535.492
531.885
533.671
535.732
532.979
531.846
529.680
529.457
529.923
532.233
531.780
528.527
528.045
530.149
530.497
530.814
530.180
531.907
532.374
530.462
532.103
531.246
531.557
532.604
532.107
529.365
526.110
531.971
530.712
532.833
535.419
533.318
530.803
529.983
533.970
531.763
531.816
532.416
530.309
531.889
529.776
532.170
531.828
530.439
531.928
532.071
530.763
531.456
531.424
532.116
529.878
530.442
530.609
530.734
531.422
530.985
529.993
532.762
530.584
533.547
532.621
530.447
531.115
530.877
531.925
531.904
530.184
530.164
530.416
528.893
527.710
528.491
530.545
528.802
530.599
530.597
531.075
530.687
529.559
530.413
530.053
530.611
532.001
533.000
534.851
530.030
534.068
532.855
532.488
532.352
532.051
531.608
535.086
532.317
533.106
532.483
532.824
534.277
530.020
532.393
531.082
530.563
530.189
528.983
529.863
531.229
530.094
531.712
531.418
532.562
530.369
532.839
532.144
531.436
534.277
533.673
532.386
532.610
532.687
533.175
530.466
527.176
532.678
532.337
532.162
531.782
529.952
528.866
533.152
533.749
532.430
532.013
529.913
531.576
529.271
529.650
532.330
529.918
530.762
531.083
532.504
533.483
532.923
532.050
531.490
530.795
528.830
530.998
529.519
527.068
530.488
528.642
530.097
530.039
531.672
529.980
532.258
532.862
531.872
532.780
533.148
533.890
527.900
532.514
531.350
530.427
535.239
534.651
532.161
532.413
536.530
530.033
529.723
530.733
529.047
533.660
533.083
534.385
532.345
530.545
534.188
530.171
531.045
532.905
530.539
532.015
532.798
529.862
530.486
531.364
532.626
534.504
532.786
534.032
531.106
530.627
532.476
533.174
529.998
530.840
532.518
532.050
529.675
530.588
532.853
533.326
531.496
530.157
533.032
532.518
531.915
531.923
527.638
530.529
531.051
533.296
533.985
533.084
531.079
531.245
532.069
532.891
533.596
533.002
530.701
531.186
531.349
533.034
532.655
528.082
534.320
531.004
533.627
530.391
531.649
531.944
528.390
531.330
529.926
529.556
533.476
533.421
531.772
529.529
531.339
530.835
530.067
533.497
534.655
531.409
533.825
535.445
530.629
529.069
533.193
534.020
533.798
531.118
534.107
531.588
529.754
532.133
530.920
530.630
531.271
533.410
532.778
532.702
528.538
530.901
528.556
529.380
528.850
534.113
531.997
529.620
531.209
535.172
530.639
530.515
530.723
529.436
532.978
530.966
531.857
534.631
530.553
530.589
531.123
530.200
529.217
529.328
531.153
532.237
531.890
530.946
527.122
532.777
531.645
529.127
532.766
531.428
531.006
535.074
532.444
531.516
533.827
530.117
529.420
532.372
534.209
532.992
534.634
534.318
534.395
532.257
533.288
533.055
531.434
528.892
530.337
529.177
531.973
533.050
532.213
533.683
532.385
533.907
532.302
530.915
528.795
532.814
533.319
534.191
531.839
531.447
533.124
529.285
533.386
531.601
531.119
530.373
528.048
532.378
530.183
530.887
527.636
530.502
528.357
530.457
530.160
531.321
532.529
533.424
530.695
533.492
532.774
532.006
532.825
529.743
530.771
531.803
532.592
534.218
532.046
530.574
530.447
528.585
531.599
533.507
530.402
532.023
531.383
532.017
534.460
533.181
531.737
532.978
533.048
534.691
531.725
529.287
529.559
531.266
532.602
531.181
531.025
529.342
528.678
526.889
529.266
532.878
530.823
531.347
531.172
532.359
531.520
528.298
530.656
528.460
529.533
530.320
531.100
528.924
531.385
530.043
532.081
534.708
533.154
528.824
528.596
530.821
533.179
529.985
531.087
532.066
532.174
533.241
531.695
532.881
531.513
530.822
535.146
532.358
531.308
530.959
530.330
530.801
532.176
533.573
532.752
532.783
532.466
530.106
531.666
531.363
528.999
530.385
527.904
530.780
530.613
528.699
529.651
530.922
529.447
529.526
534.352
532.431
533.229
531.200
529.434
531.082
528.726
532.185
529.138
530.303
531.431
531.050
531.328
531.310
528.962
531.816
529.581
528.818
530.607
531.416
531.587
531.687
533.089
529.543
531.912
530.919
530.611
529.867
533.338
534.132
529.367
532.780
531.139
533.461
529.714
529.112
532.204
532.201
531.136
532.098
529.551
531.989
529.736
529.573
530.945
530.211
532.216
532.891
532.240
529.000
533.316
534.276
532.724
529.632
531.157
532.791
531.683
534.011
530.917
530.792
529.786
531.804
532.050
531.017
532.517
530.919
531.728
531.984
529.667
532.220
531.305
531.943
533.714
533.077
531.885
533.875
531.992
530.958
527.478
530.990
532.081
531.315
533.792
531.718
534.073
529.851
532.904
531.134
530.158
530.687
530.965
531.344
527.886
529.380
532.435
529.512
529.475
531.959
531.188
529.818
534.344
532.556
531.905
531.657
532.271
532.693
531.663
534.601
532.078
531.268
530.132
530.020
531.461
531.073
532.786
529.898
533.757
530.317
530.598
532.511
532.998
531.908
532.938
530.859
528.268
530.083
531.936
531.513
531.434
528.415
529.077
528.436
530.747
533.072
529.770
529.201
528.422
529.351
530.893
533.341
532.806
530.251
531.759
528.986
530.736
530.334
531.534
531.921
532.098
530.885
531.169
533.489
531.193
530.347
529.520
532.545
531.330
535.703
534.080
532.603
533.047
530.260
532.996
533.707
533.668
533.602
528.740
531.929
532.744
527.621
532.017
534.459
532.178
533.140
533.781
530.747
530.378
529.260
531.867
530.876
531.644
531.337
532.571
532.277
530.302
533.197
531.712
533.793
531.971
533.602
532.931
533.516
534.816
532.445
530.005
529.764
530.752
532.497
530.838
529.647
530.361
528.913
530.017
534.026
534.747
532.943
534.157
536.263
535.360
533.996
532.921
532.014
532.456
533.346
529.227
532.171
531.231
532.486
531.284
530.881
529.227
530.680
532.020
531.069
528.875
529.877
531.057
533.401
528.768
529.250
530.341
532.775
532.034
532.198
532.266
530.927
530.455
528.440
530.822
532.824
531.782
530.901
530.310
529.232
532.450
533.687
530.146
532.355
533.705
530.596
533.093
533.134
529.389
529.323
529.966
529.400
529.569
530.380
528.356
533.354
531.168
532.756
530.735
531.360
531.517
530.590
530.680
531.626
533.483
530.734
532.650
535.403
530.170
534.821
531.648
532.802
531.830
532.084
530.919
531.540
531.389
532.971
527.599
529.755
531.182
531.550
530.500
532.940
529.051
529.670
530.337
527.946
530.923
529.284
530.860
532.325
532.187
533.216
534.409
536.919
533.576
530.253
531.955
533.056
532.183
532.076
533.223
531.850
533.349
531.245
530.432
531.282
530.680
533.657
531.859
530.813
529.817
531.843
533.579
530.005
531.817
530.661
533.418
528.571
530.015
528.331
528.836
535.271
532.753
533.439
531.800
532.895
533.708
533.685
534.679
534.599
534.325
529.469
533.155
533.263
530.673
529.476
531.039
530.865
533.344
532.639
529.892
530.754
530.109
528.763
530.016
532.727
530.920
532.064
531.172
533.629
535.363
534.251
535.258
533.528
531.498
531.477
533.718
531.169
534.378
530.308
532.990
534.564
531.122
532.171
529.824
530.437
531.787
530.551
534.767
533.263
532.279
532.622
532.878
532.279
532.553
533.189
532.026
531.123
531.828
533.188
530.566
532.779
532.432
533.546
532.325
534.198
533.347
531.068
530.668
533.460
532.009
530.576
533.846
534.188
532.927
534.757
534.338
531.698
535.115
530.591
530.217
530.083
529.644
534.340
531.652
532.583
534.432
533.940
532.059
531.070
532.926
530.061
531.434
530.788
532.405
535.338
533.138
530.622
530.237
529.145
532.402
532.247
530.975
528.510
531.246
528.771
532.445
537.119
531.869
535.026
533.936
531.482
532.658
530.271
532.224
531.187
530.709
529.876
533.744
533.751
530.713
534.942
529.928
530.027
531.999
531.460
528.729
530.452
526.693
525.812
527.615
528.408
526.911
529.657
530.922
532.210
535.024
532.837
531.481
532.069
531.422
529.714
527.898
529.433
531.356
532.884
534.265
533.027
530.233
534.109
529.808
527.540
531.869
531.505
533.794
529.982
529.710
533.779
530.981
533.425
529.303
530.764
530.082
528.512
530.789
533.688
530.129
530.340
531.017
532.861
533.228
532.280
531.946
531.103
530.971
530.689
531.485
532.000
535.338
532.575
530.798
530.718
529.772
535.146
530.353
531.659
532.602
530.358
532.316
530.470
530.702
529.917
530.607
529.814
530.342
529.295
530.242
534.186
530.983
531.962
531.302
532.520
534.267
532.308
531.018
530.657
530.084
532.359
531.253
533.129
532.830
533.950
531.331
531.443
530.438
529.967
530.454
531.904
530.806
529.411
533.516
532.633
532.134
530.298
532.824
529.111
531.377
530.508
531.275
533.794
532.307
534.716
533.436
530.464
531.080
531.180
529.258
530.380
531.293
530.566
536.648
530.963
533.512
530.732
529.527
531.632
529.657
531.365
530.934
535.247
532.083
530.147
530.641
529.951
531.582
529.924
528.883
532.695
529.107
533.139
535.322
533.292
532.083
534.061
535.203
530.053
531.103
532.166
529.752
528.969
530.047
529.742
528.760
527.614
528.483
530.002
529.620
530.979
529.330
526.492
531.483
529.823
531.151
529.797
529.876
532.232
532.136
535.489
532.240
531.118
531.197
531.825
534.198
531.255
532.449
537.199
535.809
532.469
531.815
533.245
532.603
531.351
532.524
531.253
534.665
534.160
533.136
531.978
530.233
530.055
531.020
529.857
531.271
530.270
536.684
532.395
531.543
530.678
533.497
533.575
533.315
533.158
531.999
535.444
535.132
532.526
533.095
532.299
531.060
532.595
529.422
531.841
531.531
532.234
535.408
535.095
533.480
531.220
528.066
529.624
531.961
529.841
529.701
532.092
532.576
532.069
530.908
528.030
531.402
530.311
527.488
530.480
531.352
533.131
532.934
531.799
528.824
529.195
534.899
534.104
535.147
534.214
535.180
532.085
532.245
532.221
534.612
531.956
533.684
532.815
531.450
533.094
530.177
533.407
534.594
531.016
531.126
530.473
531.678
528.704
530.523
531.484
532.787
534.893
533.147
531.753
532.487
533.049
532.771
530.205
530.991
529.865
528.149
530.452
529.102
531.164
531.320
532.402
530.085
532.465
530.461
531.744
529.285
529.142
534.370
532.255
531.074
531.042
530.071
532.553
532.688
535.076
533.231
530.116
529.975
530.749
532.785
532.686
534.387
531.894
534.863
534.276
530.969
529.330
530.782
531.369
533.580
533.906
531.109
531.354
529.135
529.785
530.112
529.656
532.634
530.610
533.194
531.522
529.419
530.307
533.464
531.267
530.208
529.908
530.951
531.873
531.013
530.556
531.738
531.083
530.453
532.597
528.515
531.216
532.061
534.084
533.173
530.159
531.958
534.170
530.434
531.203
532.818
533.905
532.233
533.319
534.537
531.213
528.803
532.724
530.981
533.929
532.453
531.646
533.583
532.054
532.311
532.444
532.897
531.377
532.526
532.088
531.021
531.109
531.761
532.101
532.362
532.336
532.246
530.928
533.427
533.053
533.320
533.938
533.215
532.100
532.097
533.501
532.585
533.995
530.984
534.062
530.449
529.521
528.895
531.300
532.631
530.745
529.774
528.732
531.143
532.278
532.402
530.360
531.055
532.996
530.313
528.910
531.769
530.315
530.349
530.693
531.534
531.342
531.639
532.336
532.245
531.121
531.632
533.223
531.786
532.737
528.089
531.756
531.189
532.939
535.320
528.372
529.851
530.942
532.387
530.567
530.967
531.269
528.783
529.656
529.796
529.271
530.665
532.849
532.117
531.133
529.917
531.488
533.432
531.965
532.007
529.823
532.165
532.856
531.005
532.860
533.525
533.843
530.675
530.366
530.974
533.035
531.292
531.842
530.856
530.867
530.581
531.837
532.786
529.967
532.566
533.836
531.930
531.860
530.144
531.618
532.274
532.973
533.278
530.933
530.943
529.412
532.312
531.029
530.078
530.479
530.999
529.897
531.300
532.870
531.721
529.655
528.604
534.442
533.366
531.185
528.702
532.069
529.681
527.884
531.157
532.834
534.982
532.830
535.169
531.408
534.201
535.546
532.209
534.102
529.821
529.057
529.005
530.679
532.958
532.525
528.391
531.140
531.715
530.516
533.234
533.076
534.552
532.312
531.369
532.174
534.052
533.842
530.977
531.946
532.315
530.775
527.618
528.954
529.040
531.837
531.781
531.382
530.849
531.794
533.467
532.901
532.863
532.491
530.478
531.235
530.999
530.414
529.198
533.336
530.515
532.803
531.410
532.382
532.660
532.442
531.568
532.605
530.564
529.789
530.295
531.709
529.441
530.666
529.617
529.587
532.762
531.549
530.943
532.561
530.314
532.366
532.917
533.066
530.649
532.366
529.627
532.656
531.778
532.147
528.355
530.883
530.635
530.682
531.921
529.181
530.425
533.210
530.837
528.792
534.079
529.837
532.638
532.110
530.943
531.627
531.464
531.981
531.162
528.445
529.878
533.405
531.805
533.638
530.455
531.712
529.987
531.192
529.083
527.605
529.554
530.789
533.023
532.892
533.374
530.688
530.025
530.200
530.581
533.814
533.049
531.778
529.490
530.167
532.698
530.182
530.073
533.119
533.715
531.833
531.559
531.005
529.470
530.861
530.797
531.955
530.643
531.580
529.332
529.267
530.565
531.706
528.985
531.184
533.844
532.490
533.654
531.872
531.616
529.544
529.651
533.931
530.871
529.596
531.843
531.275
530.686
532.908
532.614
532.286
531.052
531.217
532.887
530.316
535.744
533.241
532.898
533.882
528.327
531.684
532.810
531.201
532.382
531.527
530.084
530.647
532.142
529.499
526.445
532.359
530.391
531.257
531.855
531.717
536.805
528.987
528.571
529.876
532.282
531.119
534.132
531.952
529.563
528.509
529.703
534.527
531.436
530.823
529.392
531.073
528.187
529.343
530.850
530.704
528.710
530.694
533.402
531.696
531.574
532.106
530.151
529.896
527.778
529.403
528.495
532.134
530.728
532.108
531.028
530.884
532.546
532.697
535.672
531.978
530.414
530.507
530.116
531.695
532.455
531.891
528.777
532.466
531.374
533.713
529.577
532.075
531.082
530.744
531.122
530.824
531.420
531.758
531.180
532.045
533.269
534.503
533.253
530.978
530.298
533.812
531.619
530.592
529.376
529.181
531.010
532.391
529.297
532.243
532.188
531.181
532.574
533.079
531.629
532.090
533.829
536.762
534.551
531.765
533.216
531.029
533.343
532.112
529.887
530.463
529.350
529.287
532.041
534.814
533.650
531.967
530.014
533.900
531.779
533.178
532.520
531.193
532.591
530.575
531.221
531.890
532.615
532.853
530.813
529.369
532.295
532.182
532.109
526.708
532.793
531.795
532.094
532.103
531.640
535.112
533.412
533.671
534.060
537.043
533.582
530.530
533.936
530.853
532.406
530.195
529.882
532.185
532.771
533.310
533.155
533.068
534.391
534.397
531.075
529.438
533.385
530.899
531.327
534.310
532.322
531.053
531.844
531.057
532.270
530.039
532.525
533.337
535.056
535.412
535.419
535.558
535.025
531.365
530.139
532.511
532.064
534.900
531.625
532.994
527.660
530.456
529.832
530.713
532.256
531.538
529.288
529.734
525.960
530.406
529.767
532.772
532.899
531.634
531.907
530.201
531.832
529.699
532.876
532.518
531.703
531.627
530.067
530.306
533.609
532.896
531.066
531.663
530.066
534.078
530.836
531.597
531.753
532.398
533.142
532.933
530.899
530.578
532.294
532.472
527.937
528.401
532.154
533.662
531.269
529.774
532.455
532.626
532.628
533.214
533.287
533.084
531.538
530.834
530.695
531.119
529.021
528.955
531.151
532.500
534.757
529.750
535.870
533.345
532.062
530.249
532.855
531.554
528.258
532.090
532.929
535.520
530.579
529.956
528.071
530.477
532.072
529.713
530.745
531.457
528.724
530.802
532.650
534.075
531.881
533.362
531.518
531.915
531.753
529.589
531.065
532.687
532.115
531.192
531.957
532.636
532.066
530.232
530.258
531.509
532.669
535.795
529.904
532.319
532.128
534.102
533.430
534.730
531.959
533.152
534.440
535.507
534.520
537.532
533.085
534.025
530.364
528.774
529.922
531.224
534.677
534.354
531.626
533.141
535.186
532.010
528.289
532.681
533.111
533.914
529.271
533.804
534.132
531.398
535.378
533.009
532.585
534.106
529.262
530.882
531.556
534.494
533.153
534.286
533.780
531.274
532.351
530.984
533.998
530.176
535.145
530.504
530.889
532.164
530.903
530.301
534.944
531.449
531.537
533.366
534.406
533.125
534.886
531.293
530.671
529.740
529.514
532.269
529.993
532.641
533.042
533.371
534.338
529.595
531.521
532.725
534.351
531.644
534.167
529.863
533.000
532.762
534.731
534.897
529.970
528.438
531.161
532.397
532.815
532.450
533.509
531.112
531.389
530.922
532.947
534.165
533.000
531.691
532.215
531.535
532.056
531.829
533.238
530.736
530.049
531.570
532.010
532.345
532.241
530.026
533.865
532.252
531.167
529.174
531.231
531.118
529.935
531.448
532.070
532.799
533.059
535.058
534.518
531.098
530.764
532.004
530.277
531.151
530.019
530.694
530.002
531.570
532.842
532.346
532.475
529.772
530.894
529.934
527.325
528.599
531.166
531.270
530.711
534.390
531.282
532.186
531.466
531.898
532.225
532.195
532.239
532.888
532.912
530.914
532.993
531.668
532.407
530.933
534.397
532.776
532.261
531.218
531.970
533.477
536.804
531.838
533.495
532.731
533.447
533.409
531.589
531.806
532.263
530.593
533.670
529.871
529.432
525.775
529.450
527.917
531.279
533.173
533.017
530.983
529.254
530.014
531.378
531.017
533.435
535.896
533.520
532.900
532.655
532.341
532.579
531.885
532.022
534.475
533.115
531.162
531.222
533.828
533.128
531.932
532.591
532.044
534.120
536.687
532.650
533.726
533.947
533.748
535.305
532.008
529.675
532.698
531.797
531.895
530.890
531.156
536.341
531.687
533.249
530.708
531.280
532.586
532.163
531.409
530.638
532.160
535.300
530.364
530.183
530.311
530.113
530.632
527.659
532.551
527.270
531.275
528.237
533.958
533.824
533.028
531.334
533.181
532.667
528.943
531.046
529.022
531.544
531.517
531.163
532.121
528.728
533.526
534.169
534.176
532.755
530.152
527.563
527.849
528.961
531.164
532.620
532.234
531.783
531.405
530.279
531.445
533.598
531.522
531.034
528.498
529.221
530.900
530.241
532.990
528.808
532.397
528.146
530.610
530.041
531.323
530.843
532.195
533.021
532.217
531.581
531.755
533.825
529.756
532.323
532.391
533.424
531.651
532.326
529.050
529.901
530.921
531.789
531.637
531.783
534.117
531.508
532.974
532.170
531.970
532.246
533.176
535.276
533.563
533.070
532.625
532.067
531.900
530.436
531.054
531.597
531.971
531.869
532.477
533.218
535.503
530.580
532.228
534.580
534.331
534.429
534.779
532.814
533.371
530.368
532.220
533.220
532.338
531.565
531.865
531.715
528.523
529.760
532.163
529.261
531.033
532.080
532.307
530.422
534.038
530.848
530.969
533.324
530.726
529.812
532.006
531.771
531.292
532.032
530.856
532.147
531.809
532.843
529.546
532.057
532.045
529.405
529.872
531.703
531.143
532.020
529.418
531.560
528.748
531.257
532.078
531.000
532.505
531.205
532.598
531.900
535.417
532.438
533.169
534.650
531.579
530.216
530.641
531.753
531.054
529.427
531.733
531.758
531.202
532.775
532.275
533.212
529.533
531.481
531.459
533.011
530.126
532.858
529.974
533.684
531.205
528.915
534.830
530.707
530.112
529.476
530.330
526.541
527.170
527.683
531.096
531.104
531.811
533.029
532.764
531.157
530.354
529.738
530.244
532.046
532.147
531.170
532.966
533.504
531.602
530.727
536.129
530.774
530.699
533.381
532.460
528.069
533.333
530.600
532.823
530.731
529.915
532.160
530.280
533.414
532.897
532.465
534.336
533.790
528.451
529.284
533.559
530.422
532.064
532.263
532.423
532.483
530.232
530.331
532.856
531.297
532.712
530.089
531.009
531.978
531.198
534.478
528.843
531.307
533.074
531.463
534.360
535.815
529.978
531.629
533.489
531.884
532.088
532.126
531.413
533.655
533.210
530.801
533.312
533.406
532.138
532.469
532.799
531.099
530.513
531.988
530.311
533.998
533.618
533.665
534.935
533.006
533.338
529.459
535.236
533.715
536.192
530.427
532.063
530.397
532.747
531.743
532.004
531.543
532.830
534.470
536.508
534.376
534.454
532.400
529.987
531.439
530.247
528.920
530.568
532.672
531.751
533.946
533.664
531.362
531.099
528.604
533.391
535.471
533.138
534.628
531.223
532.693
535.366
533.791
531.794
530.850
532.792
535.917
531.275
533.445
534.065
533.687
533.578
533.704
534.029
534.699
533.824
531.721
532.087
528.949
532.640
530.592
530.071
532.098
533.638
532.201
533.705
532.293
530.145
529.549
531.069
531.545
531.111
531.661
532.533
532.022
531.338
534.655
532.225
531.973
530.507
531.794
530.315
529.475
529.734
529.575
529.484
528.720
531.610
532.123
530.710
531.810
529.355
533.227
531.271
532.290
530.432
530.243
530.880
528.556
530.537
530.676
529.566
532.148
530.850
534.655
532.674
534.591
531.508
534.006
531.118
534.316
532.525
529.905
531.743
530.894
531.807
531.521
531.390
532.930
529.439
531.092
532.805
534.372
531.867
532.478
532.046
533.474
533.386
534.582
532.717
532.846
535.319
533.777
531.396
530.303
532.597
531.682
530.338
532.201
533.912
534.197
533.582
529.186
529.435
530.044
530.838
533.249
533.185
530.928
531.947
531.737
533.139
531.256
532.212
530.624
534.008
532.450
530.851
532.550
534.323
530.857
533.346
533.691
531.838
531.641
533.743
532.007
532.459
530.815
530.954
527.231
527.696
527.883
531.788
530.537
531.572
531.841
531.353
534.805
532.769
533.807
530.040
529.350
530.523
532.883
532.437
528.968
533.095
533.565
529.440
530.686
529.834
528.780
532.120
529.698
531.973
530.007
529.723
530.359
531.924
534.446
530.037
532.569
528.212
531.706
531.954
533.455
532.433
533.046
529.790
529.959
530.232
529.122
531.293
531.667
528.840
527.959
529.888
534.196
532.217
529.761
533.144
530.175
534.350
530.289
533.911
530.848
530.940
530.759
529.952
532.320
529.873
531.076
530.806
531.107
528.694
528.718
532.393
530.213
533.237
535.794
532.308
530.909
526.953
529.925
528.868
530.778
530.382
531.057
532.461
532.321
529.694
532.825
529.943
530.575
532.510
532.062
532.033
529.268
530.642
532.979
533.823
533.766
531.266
533.319
530.206
532.101
534.669
535.179
533.657
534.238
532.870
532.341
530.145
529.840
531.610
531.627
535.610
535.722
532.539
534.508
534.591
532.225
533.898
536.145
534.959
533.506
532.569
532.778
531.598
530.714
530.530
531.207
532.439
530.785
531.071
532.304
531.643
532.278
533.466
533.343
533.450
530.149
532.154
532.290
532.197
532.547
532.966
534.216
531.141
528.647
532.094
533.014
531.573
531.734
531.960
529.104
527.517
527.604
530.124
533.323
534.927
531.517
533.630
533.090
531.703
532.780
530.516
531.967
533.834
533.136
532.559
528.462
531.647
527.950
531.439
532.019
531.413
529.874
533.861
529.097
528.540
531.255
533.806
530.029
531.293
531.928
529.501
529.260
530.266
530.782
530.165
532.678
532.574
529.611
530.100
530.026
531.077
532.105
529.367
532.512
529.332
530.498
533.970
531.878
531.083
531.251
530.350
535.356
535.016
532.358
533.102
531.470
529.439
531.986
531.925
530.978
531.223
530.737
531.201
530.584
535.605
531.380
531.569
531.009
531.433
529.391
531.683
530.561
533.845
532.651
531.803
532.295
530.373
528.318
531.146
529.544
530.086
530.296
531.080
529.608
532.993
529.111
530.232
528.543
530.374
530.165
529.578
531.857
533.489
533.845
531.348
529.636
532.587
530.470
531.172
532.361
534.235
532.138
534.128
530.986
530.166
530.898
531.155
530.928
529.792
531.763
533.036
533.670
533.442
530.633
534.331
534.821
532.140
532.172
533.387
535.331
532.206
530.353
534.548
536.030
534.058
532.106
530.870
532.052
532.131
528.752
531.423
532.921
531.678
530.796
532.154
531.844
530.965
530.976
534.779
530.662
528.025
530.507
530.074
530.833
533.048
531.732
533.316
532.003
530.349
530.008
531.097
531.678
531.965
532.894
530.687
533.369
533.197
531.377
531.108
531.923
533.175
531.568
529.765
531.465
529.191
529.200
529.327
532.030
530.772
530.654
530.845
531.214
529.720
529.713
531.239
529.771
531.592
530.898
532.451
533.113
531.397
531.937
532.269
532.649
532.203
533.155
535.213
535.756
529.589
529.768
530.920
532.962
534.202
533.509
531.377
530.863
530.677
533.213
531.303
530.433
531.686
531.386
530.588
529.300
531.517
531.027
532.210
535.032
530.310
531.112
532.416
533.335
530.462
531.448
534.922
532.950
531.317
533.468
532.173
531.715
531.011
529.502
530.631
531.607
533.370
533.477
531.978
532.003
528.298
530.925
533.662
532.612
530.322
531.002
532.142
532.364
530.833
530.469
533.605
535.406
532.809
532.850
534.357
532.089
529.747
532.624
531.427
535.263
536.010
534.873
534.425
533.756
532.950
533.020
535.828
531.127
533.366
528.882
534.006
532.560
535.226
532.386
538.395
539.930
534.541
533.558
531.990
530.810
534.065
534.541
531.732
533.159
530.442
532.244
534.542
533.610
537.147
531.744
532.334
533.365
533.974
531.131
530.619
533.692
531.318
530.597
530.211
532.490
530.840
527.585
534.421
531.379
533.728
532.226
532.498
533.536
532.263
532.548
531.001
532.739
531.255
531.890
532.412
533.991
535.372
534.934
531.713
530.445
531.509
527.317
531.665
531.046
531.222
528.757
529.141
529.769
529.885
532.406
530.384
530.836
531.863
532.690
531.478
530.784
530.488
529.366
530.979
531.160
533.123
531.604
533.023
534.971
533.356
530.790
533.937
532.551
532.181
531.395
530.798
534.694
531.202
531.814
530.035
528.919
530.489
532.248
533.097
531.838
530.520
530.845
530.220
533.095
530.946
531.407
528.653
532.179
530.870
531.532
530.978
532.644
531.664
531.833
534.198
533.975
534.551
532.630
532.848
535.138
532.239
534.562
531.798
535.244
532.072
533.971
532.709
534.961
535.848
531.541
532.571
533.126
536.290
532.613
534.309
534.643
535.078
534.010
533.703
532.486
531.451
531.500
530.112
533.390
531.849
531.752
532.021
533.200
532.382
533.267
530.711
532.319
532.302
531.294
530.935
532.936
528.851
529.586
533.460
532.647
531.939
532.294
530.866
531.626
532.471
530.249
530.332
531.894
533.688
533.567
528.751
529.010
530.687
533.113
534.420
531.772
529.927
532.906
531.912
533.150
533.215
532.054
530.864
531.956
529.030
531.762
532.183
531.998
530.733
530.070
527.087
528.488
532.800
530.823
529.573
532.659
532.233
532.090
531.368
533.852
532.705
529.481
534.486
531.162
530.939
529.896
531.043
533.692
531.655
529.199
530.806
535.593
533.317
532.947
535.532
530.420
531.107
528.588
532.383
533.442
534.837
532.282
532.153
531.402
533.135
531.661
533.035
531.884
533.152
533.985
530.881
531.373
530.815
533.105
531.723
531.912
534.430
534.245
536.654
534.797
533.336
531.808
531.477
533.629
533.533
531.135
533.210
532.733
527.413
531.648
529.509
534.049
534.815
533.781
531.127
533.006
533.983
532.610
531.371
531.973
531.841
533.371
534.661
528.318
531.083
529.584
529.872
532.115
532.348
528.851
530.553
533.538
533.269
532.513
529.867
530.557
529.513
531.034
529.931
530.782
534.107
532.419
530.170
532.881
531.024
529.022
531.563
528.562
530.004
527.728
530.313
531.451
532.796
534.734
533.857
534.617
530.904
533.625
531.594
530.693
531.594
532.951
530.797
530.418
532.834
532.071
532.947
533.879
528.201
528.539
529.310
530.850
532.773
531.697
533.571
531.076
532.448
534.916
530.220
531.082
527.738
530.806
535.190
534.314
532.124
530.447
531.625
534.429
533.089
534.255
531.944
534.967
531.067
533.167
529.606
534.209
532.405
530.993
533.255
530.658
530.836
531.841
531.782
533.863
530.975
534.803
534.446
530.557
529.861
531.053
532.265
532.504
532.665
530.022
529.982
529.977
530.464
530.943
530.946
531.379
531.656
531.912
530.584
532.394
530.645
531.215
530.910
531.718
531.767
532.066
532.481
533.461
532.823
531.565
531.644
530.975
530.976
528.191
530.459
528.793
530.677
530.308
529.321
531.512
529.261
534.814
531.584
530.644
532.354
532.204
531.397
529.235
532.079
531.265
528.523
530.827
530.244
529.031
529.229
533.220
530.133
530.801
531.849
531.180
530.730
527.148
530.771
530.769
534.125
530.140
529.744
532.124
532.875
531.442
533.348
531.581
532.109
532.970
532.104
531.978
530.631
530.240
528.442
533.564
532.271
531.271
531.220
532.761
532.471
530.849
530.728
530.176
531.377
529.663
530.530
531.064
533.190
531.677
534.719
531.240
533.985
532.097
531.565
533.705
532.450
534.625
532.153
532.978
532.548
530.928
534.135
534.012
532.326
530.114
530.999
528.844
531.379
530.761
530.574
533.637
532.739
534.226
535.209
532.298
532.505
532.840
529.821
530.551
531.217
531.635
530.897
533.626
530.030
531.791
532.247
530.490
530.011
533.501
532.522
530.473
532.902
532.704
533.360
531.001
534.570
531.168
531.488
530.960
532.015
534.014
532.718
532.894
534.363
532.555
533.266
530.478
533.176
532.798
529.724
531.758
529.779
528.495
530.140
528.217
533.351
533.513
531.796
533.288
530.200
531.423
529.494
535.374
531.790
532.203
531.614
530.848
530.083
531.810
533.201
529.743
531.679
531.473
529.984
533.680
532.773
529.406
532.876
532.487
533.880
532.510
532.291
532.791
529.384
531.595
529.578
531.659
531.443
531.833
532.459
531.862
532.647
534.276
531.743
533.298
532.141
528.929
528.921
527.900
528.783
528.157
527.681
528.826
533.021
531.353
530.983
533.076
530.943
531.170
531.231
533.137
527.580
532.264
530.647
535.174
533.074
533.003
532.900
532.856
533.274
531.987
532.718
530.172
529.833
531.583
533.063
530.282
530.224
534.244
533.354
532.552
531.047
532.451
528.427
531.594
529.668
530.412
528.037
531.390
532.113
533.191
532.881
530.425
534.840
532.488
532.090
530.511
529.496
530.830
532.706
531.545
530.767
532.309
530.317
531.807
532.698
531.911
528.088
532.603
532.823
532.273
529.515
529.991
532.062
533.303
534.715
533.643
531.043
533.570
533.981
530.175
533.536
531.742
531.488
532.787
530.692
530.913
533.372
531.885
533.362
532.613
535.376
531.813
530.702
532.839
531.066
533.668
532.180
527.747
533.908
534.939
531.891
531.260
531.260
532.630
533.933
531.544
533.621
532.382
533.047
533.410
530.345
533.335
531.611
533.434
532.150
533.690
533.537
530.923
530.796
533.074
531.750
534.019
532.855
530.047
530.204
530.001
533.601
531.280
529.705
531.281
530.077
529.999
534.380
532.920
532.093
528.965
530.609
533.564
532.830
533.699
533.764
531.280
533.555
531.872
534.738
530.906
528.237
528.224
532.969
532.161
529.861
534.055
533.139
532.094
530.865
531.916
532.566
532.294
534.226
533.950
531.936
529.671
528.464
531.683
529.685
532.350
534.296
529.580
530.682
529.423
531.572
532.028
531.245
535.623
530.930
532.115
531.238
531.609
532.080
529.558
530.477
530.618
528.172
528.586
529.723
531.016
531.671
529.626
531.404
529.572
527.189
528.412
533.808
530.007
532.453
531.229
533.246
531.317
530.368
529.918
531.225
533.253
531.962
531.244
531.034
530.361
530.465
530.453
527.705
529.990
529.519
529.868
530.437
532.391
531.748
530.752
533.183
532.554
531.806
531.488
533.514
532.872
533.447
529.398
530.623
534.573
533.712
533.262
532.050
531.714
534.004
535.128
531.233
532.294
529.604
531.584
533.759
533.023
531.378
531.243
532.916
532.140
531.154
527.462
530.193
532.999
532.872
529.124
531.689
531.306
528.831
531.711
532.743
533.246
533.798
533.052
531.868
530.909
531.517
527.719
530.786
531.480
530.326
532.810
532.911
530.009
530.752
531.363
533.445
533.991
533.554
533.143
531.484
530.418
532.160
530.678
527.976
530.865
529.168
528.882
530.524
531.448
528.581
531.404
532.087
531.158
528.663
528.891
528.912
532.471
530.853
533.260
530.830
531.912
530.613
531.189
531.079
532.444
531.085
531.224
530.831
528.782
530.334
529.331
530.414
531.185
532.119
531.526
533.255
533.125
532.723
531.856
529.138
529.596
530.317
529.941
531.939
528.314
531.358
530.455
533.421
531.800
532.407
531.994
531.206
528.989
530.799
530.337
531.650
531.807
531.835
532.815
530.695
533.471
533.909
532.338
534.276
529.143
533.166
532.191
533.165
531.389
531.105
531.051
530.309
532.446
531.145
534.724
530.602
528.748
528.564
531.742
530.893
531.510
532.716
532.438
529.285
532.860
532.832
532.656
529.337
533.902
532.464
533.018
532.012
531.493
530.230
531.617
528.332
534.967
536.184
531.754
527.414
530.271
529.603
531.260
532.650
534.008
532.025
531.415
529.762
531.603
529.215
528.971
529.865
531.452
532.461
532.945
529.351
527.411
532.545
530.199
532.853
532.848
531.541
531.513
531.989
532.756
533.486
532.680
529.501
527.807
530.008
530.865
531.597
530.832
532.157
531.592
535.226
532.889
532.760
534.599
531.480
529.613
531.416
531.712
533.379
532.557
533.382
532.276
533.106
533.852
531.470
535.918
534.786
536.754
535.201
532.450
532.997
534.723
532.859
533.254
531.676
532.068
530.724
529.767
530.810
530.404
533.705
530.888
533.372
532.606
531.108
533.308
530.045
530.577
530.780
531.891
531.038
530.604
533.098
531.838
530.012
532.050
529.826
531.861
534.667
529.798
534.506
532.320
534.331
533.293
532.660
531.566
532.745
533.091
531.151
534.131
532.560
532.250
531.727
532.563
532.418
531.129
534.999
534.191
534.952
533.200
533.873
531.841
532.043
529.563
530.500
531.754
529.550
534.067
531.175
534.905
532.418
533.509
531.231
530.703
530.802
530.672
532.876
530.537
530.238
531.022
532.166
531.486
531.940
534.490
532.615
530.476
531.101
532.384
532.134
531.127
532.266
529.486
529.732
528.837
529.169
531.568
530.707
528.583
529.373
528.467
534.576
533.685
533.777
533.337
532.659
532.997
535.030
532.643
531.779
533.115
531.958
530.340
529.512
529.866
528.954
531.698
530.057
530.317
530.757
531.927
529.984
530.097
532.340
531.217
529.155
529.833
529.708
530.403
532.103
531.877
530.983
531.848
533.509
531.507
535.085
533.518
532.884
531.225
532.120
531.866
534.252
534.755
534.408
533.513
534.240
535.977
533.562
533.097
533.011
532.531
533.042
531.713
532.421
532.532
532.113
533.308
530.698
531.841
533.905
531.432
533.933
534.877
535.145
535.725
534.290
532.692
533.083
531.714
531.116
531.749
532.890
527.890
530.876
532.921
529.288
533.245
530.385
533.096
533.849
532.456
532.549
531.572
531.946
532.268
532.515
531.086
533.862
534.980
532.018
531.807
529.531
530.637
530.656
531.124
530.759
531.729
532.717
531.853
529.292
530.678
529.683
530.718
529.121
530.856
529.736
529.021
530.112
532.090
529.391
531.148
531.799
532.075
533.400
530.721
530.695
534.399
530.071
529.419
530.389
531.628
529.299
531.483
532.368
530.898
532.599
533.659
531.663
530.728
531.262
530.011
532.090
532.062
531.673
532.438
530.573
530.354
533.238
531.726
533.668
533.862
531.366
532.801
531.472
531.464
530.114
531.046
531.770
531.751
533.313
532.718
532.048
531.672
530.936
532.390
529.353
531.147
533.964
530.611
531.035
533.713
530.320
531.577
531.535
533.488
533.874
531.766
533.618
533.723
531.413
531.463
531.201
534.096
533.947
531.961
534.831
532.287
532.866
533.050
529.790
528.328
532.173
533.407
533.803
532.224
528.752
530.583
532.351
532.758
527.861
528.228
531.083
530.990
530.801
533.348
531.570
530.365
531.742
530.902
530.487
531.565
531.418
534.379
531.376
530.875
534.368
530.708
532.747
533.671
534.203
529.954
536.556
532.820
533.287
531.959
532.340
532.938
531.070
530.696
530.403
527.675
531.921
531.242
527.315
530.036
531.709
532.073
531.204
530.017
528.838
530.833
531.423
529.401
529.462
531.919
531.190
530.264
531.854
528.622
531.668
531.532
530.528
528.880
531.469
532.009
534.121
534.139
532.429
532.790
531.499
529.637
532.996
534.872
533.105
530.131
529.175
529.756
531.600
532.411
533.887
534.702
533.062
532.875
530.872
531.765
529.164
531.652
529.754
532.516
531.093
531.705
532.195
532.727
533.874
533.937
534.639
531.476
534.188
534.382
535.868
531.851
530.867
529.296
530.251
531.643
529.379
532.362
531.078
533.896
531.868
535.440
529.582
532.170
537.732
531.747
531.710
532.552
528.222
529.982
531.825
532.225
532.963
530.632
534.559
530.990
533.286
534.831
530.749
532.926
531.996
532.275
529.070
527.928
528.607
531.925
528.805
532.576
530.957
533.815
534.538
533.095
532.960
533.513
533.092
532.179
531.895
531.677
532.448
535.309
533.914
531.567
531.898
531.186
532.873
533.689
533.139
533.497
533.115
531.216
536.149
532.352
532.465
532.234
532.415
531.328
533.786
533.672
533.758
534.090
532.368
532.811
531.518
534.960
534.522
535.020
531.327
531.595
532.397
532.736
532.641
533.002
532.220
534.401
536.344
536.952
535.553
534.788
532.271
532.485
529.758
529.974
531.446
532.781
532.063
529.738
529.073
531.844
530.704
531.211
531.238
530.157
533.756
530.985
527.919
530.447
531.125
529.096
528.851
529.758
532.345
531.421
531.226
532.574
532.458
527.829
533.108
532.597
531.359
531.018
530.118
528.399
529.612
534.551
534.428
533.330
532.355
528.550
530.547
533.714
531.918
531.738
530.100
530.562
531.091
531.882
534.069
530.406
532.202
531.246
528.797
528.268
530.850
531.286
528.807
530.032
531.456
533.728
531.483
529.353
531.301
530.536
530.662
533.156
532.579
533.246
532.010
531.851
530.916
531.437
529.472
529.329
532.495
530.856
531.485
530.931
531.946
531.286
532.935
528.768
531.695
532.461
530.823
531.404
530.313
532.009
532.427
533.177
533.448
531.923
529.885
535.307
534.545
531.861
530.843
529.796
529.554
528.255
532.010
530.103
533.197
530.064
528.183
535.259
534.751
535.581
530.516
532.341
534.108
532.532
531.296
532.007
529.347
530.202
531.082
533.366
532.479
531.256
533.464
531.786
531.886
532.121
531.239
528.951
532.453
533.849
534.930
537.165
533.834
533.038
530.925
533.148
532.142
531.661
530.871
532.229
532.145
531.645
532.225
531.415
531.311
533.216
532.855
532.920
529.402
528.515
532.394
531.766
530.683
531.359
533.470
533.033
532.319
530.377
532.074
530.960
531.723
530.472
531.339
532.297
532.680
531.973
530.139
533.173
531.385
532.722
533.926
530.445
531.823
528.900
534.349
534.234
532.805
534.594
533.383
533.420
528.882
533.681
532.440
529.349
531.767
533.214
530.643
529.519
529.969
533.311
532.532
530.736
534.138
533.555
532.294
529.347
530.171
529.516
530.905
533.219
529.754
531.914
531.719
532.650
533.115
531.328
532.527
535.792
531.558
531.988
531.687
529.834
530.764
533.805
535.937
534.502
533.594
530.951
533.735
529.374
530.377
529.938
531.487
532.980
532.395
531.999
533.038
533.545
533.171
530.677
530.933
530.301
531.128
534.229
529.718
530.900
529.589
530.736
530.398
529.281
531.251
527.830
529.701
529.786
531.539
531.708
533.305
531.596
529.774
531.901
531.794
532.299
532.128
529.282
530.181
529.362
529.398
532.827
536.027
533.633
532.958
532.278
530.073
536.214
534.332
531.025
532.132
532.464
534.750
535.353
531.824
531.099
534.862
531.284
534.463
532.848
530.829
533.444
531.593
534.022
530.793
532.444
530.434
528.168
533.279
532.915
535.193
531.156
532.775
533.569
532.234
533.802
533.067
530.957
531.782
532.903
533.069
531.260
531.559
532.109
531.498
532.034
532.834
532.977
532.160
531.737
534.335
532.373
533.547
533.921
533.089
531.179
531.874
531.584
533.204
530.800
532.022
530.847
531.716
532.675
532.077
531.883
532.856
532.367
533.120
535.097
531.653
534.275
532.487
531.662
530.240
533.559
534.280
534.306
532.665
530.050
532.660
533.867
534.686
531.381
533.562
534.364
531.437
533.005
535.638
533.582
533.488
533.893
533.495
530.021
532.100
531.523
530.706
529.400
534.513
531.453
532.073
531.727
534.301
527.927
530.619
532.566
530.415
530.440
530.817
530.193
532.043
528.985
531.525
531.541
532.193
534.185
532.591
529.536
530.869
528.468
530.468
533.114
534.136
534.688
529.639
532.976
531.149
529.698
531.016
531.447
531.737
533.243
530.842
532.810
532.299
532.733
530.533
529.493
532.803
531.723
531.715
532.261
531.991
532.708
533.304
531.062
529.199
529.533
531.628
530.504
530.888
531.921
530.208
534.372
532.794
533.245
529.522
528.537
528.999
528.903
528.522
529.824
529.087
531.021
526.168
529.647
529.041
530.431
533.982
531.893
530.930
534.442
531.789
529.581
535.881
531.258
534.346
532.425
530.918
531.880
534.173
532.065
532.981
537.577
529.858
528.588
532.659
536.957
529.622
530.799
530.795
531.304
532.582
531.852
530.835
535.179
531.800
534.678
532.550
532.994
530.572
532.152
533.468
531.368
534.046
531.347
531.201
530.571
530.590
531.616
533.608
528.443
530.550
532.163
533.770
535.274
528.500
532.875
532.466
531.811
530.551
530.590
533.420
535.094
536.805
534.256
530.018
532.084
531.960
530.336
530.279
531.198
531.992
530.402
530.587
532.181
533.203
532.592
528.538
529.844
531.652
530.694
528.937
529.464
530.223
529.637
531.877
532.491
529.649
529.543
530.954
529.586
530.609
531.457
530.628
530.561
531.541
