531.737
531.808
533.997
530.061
529.679
531.269
530.563
532.510
532.518
532.444
532.567
533.843
537.295
530.686
529.099
531.347
527.629
530.467
529.559
530.320
532.157
529.757
528.524
530.844
529.070
531.211
528.274
527.744
529.217
528.630
531.558
529.293
528.126
530.188
529.636
530.355
532.194
530.604
532.155
531.179
530.041
532.658
530.878
530.475
529.392
530.776
532.236
533.060
533.008
531.846
530.359
530.873
529.028
533.709
531.243
531.405
533.214
532.799
529.177
531.125
534.379
532.656
530.849
531.501
530.063
530.574
533.598
530.156
529.267
529.505
531.394
527.716
531.896
534.345
529.741
530.551
529.585
532.664
534.702
534.104
530.778
529.472
532.481
531.813
533.641
529.683
530.398
531.652
532.156
531.156
529.544
530.745
531.595
532.356
529.944
530.077
533.213
531.833
532.462
530.204
528.040
532.208
533.575
532.288
531.676
530.701
531.626
530.797
531.556
530.170
531.168
533.505
532.756
531.068
530.886
529.833
531.694
528.940
533.914
531.258
530.397
529.872
530.701
532.409
531.790
533.782
534.385
530.067
533.319
530.342
532.096
532.086
532.326
531.367
533.209
530.512
531.517
531.016
532.578
531.581
535.486
531.296
533.833
533.149
530.673
532.180
529.442
531.419
529.446
531.874
528.594
531.072
530.999
530.697
531.949
531.300
531.489
531.176
531.131
532.831
533.406
530.498
532.310
529.717
531.740
529.406
532.106
530.573
529.865
529.391
531.356
531.231
529.637
529.840
532.386
532.664
527.615
528.731
528.586
530.368
531.060
530.351
531.362
533.210
531.579
535.095
530.425
531.128
533.487
532.658
531.459
530.596
530.148
529.767
532.405
532.016
532.574
531.746
532.709
533.773
532.185
531.768
531.598
530.313
530.076
530.108
532.754
531.151
533.864
530.809
530.521
528.836
528.955
528.033
530.650
531.246
532.068
529.456
530.070
533.899
533.567
532.379
529.045
529.767
532.944
532.691
532.588
530.737
531.222
532.254
530.821
532.241
526.645
530.157
531.095
533.474
531.641
530.422
529.231
532.079
531.398
531.108
532.042
528.049
530.226
531.445
527.049
527.460
529.820
529.090
530.804
530.433
529.421
532.220
530.871
530.283
531.993
529.608
533.037
530.429
531.802
527.220
528.791
531.643
533.536
528.780
529.143
529.628
530.257
530.444
530.120
528.555
527.931
529.876
528.140
531.166
529.695
530.984
531.677
533.097
531.743
533.334
534.325
532.415
532.669
530.421
532.985
531.856
533.045
530.431
530.034
528.975
532.637
529.328
528.525
530.849
530.583
531.326
529.962
530.222
531.789
529.241
531.087
529.154
529.668
529.150
529.058
530.810
530.964
532.240
531.566
530.491
529.122
531.226
532.794
530.172
532.401
530.525
530.772
529.279
528.810
530.115
529.588
531.108
533.004
534.324
532.199
532.359
532.231
535.385
533.055
530.308
531.940
528.033
531.192
530.769
529.095
529.812
529.566
534.053
530.301
533.215
529.981
531.309
530.357
529.304
531.455
528.720
529.148
528.771
528.187
530.691
529.180
531.152
529.610
531.154
527.636
532.172
531.610
529.246
530.356
532.354
532.494
533.310
531.156
532.611
531.488
533.217
533.044
531.964
534.360
532.637
530.514
528.978
531.207
532.565
534.689
532.242
533.878
532.140
530.829
531.206
530.484
532.495
531.713
532.068
533.306
530.563
532.536
531.524
530.549
530.573
531.680
531.955
532.518
531.488
529.967
528.525
528.519
531.142
531.927
531.930
534.409
532.694
531.771
532.271
531.810
534.491
530.958
531.394
530.548
531.754
533.461
534.636
532.477
532.919
531.929
533.137
534.375
531.297
531.748
529.202
529.015
528.203
529.078
532.975
532.297
532.070
532.379
529.895
532.206
530.370
531.929
532.845
533.297
532.255
532.446
532.972
528.758
531.594
531.485
529.285
533.107
536.877
532.807
530.008
531.900
529.459
528.943
531.631
529.793
529.966
530.374
529.996
529.894
530.171
531.917
532.131
530.511
531.661
532.104
533.374
533.357
531.499
530.482
531.658
530.090
532.566
532.795
532.051
531.634
532.437
529.221
533.700
529.528
530.066
530.173
533.747
533.140
531.902
527.525
529.220
533.128
531.083
533.580
534.597
531.324
530.956
531.801
532.615
531.862
531.118
532.200
530.629
530.270
529.754
529.252
533.510
533.827
532.553
532.029
531.894
530.486
530.219
530.572
532.531
528.421
530.036
531.401
532.690
530.012
531.624
532.619
532.590
531.461
529.120
528.571
530.825
534.758
528.874
529.983
530.869
530.609
530.515
531.974
530.293
530.529
529.772
530.516
529.341
528.085
527.153
531.162
530.917
529.333
530.420
530.062
529.864
531.834
528.881
530.128
530.133
531.496
528.223
530.065
531.253
528.638
531.528
532.767
530.959
530.789
530.827
527.510
530.565
530.829
531.512
529.384
529.689
529.520
533.080
530.393
530.277
532.215
531.949
535.118
532.177
533.615
534.004
534.681
533.500
529.997
531.853
530.837
532.550
531.307
531.918
533.118
532.546
529.658
529.622
534.390
532.075
528.954
532.610
530.603
533.153
532.717
533.744
531.055
530.753
530.455
530.752
535.288
533.365
531.582
531.012
531.895
531.310
529.819
531.642
532.050
531.984
534.087
533.094
534.427
532.234
532.248
532.526
531.689
531.321
529.083
529.970
532.537
533.937
530.743
528.886
530.474
532.872
529.255
531.019
533.456
529.946
532.024
526.973
531.097
531.818
531.014
529.393
531.652
529.456
531.344
534.132
532.515
531.492
530.081
527.962
531.783
530.510
533.201
532.503
528.243
530.051
532.468
534.367
533.201
534.762
533.641
533.132
530.682
530.772
528.558
531.081
528.420
531.605
529.362
528.219
533.454
529.460
533.294
531.065
531.242
532.156
530.258
531.402
532.556
531.178
531.513
530.642
529.994
530.315
532.377
527.868
531.465
532.649
528.252
528.928
530.822
530.126
531.480
531.889
532.117
534.062
532.562
533.426
532.000
533.027
532.378
531.368
533.303
530.916
531.119
531.145
534.147
531.279
532.297
533.335
531.765
532.012
532.979
529.395
528.682
530.880
529.556
533.414
531.786
530.552
533.187
533.097
533.442
530.705
530.959
533.791
533.406
533.596
529.452
530.564
528.919
530.864
530.010
530.806
531.057
530.534
531.188
530.512
530.969
531.093
531.848
530.650
529.108
529.931
529.942
529.753
530.481
530.897
530.452
529.597
530.243
530.611
535.740
533.304
533.962
530.887
530.499
532.171
529.433
530.703
528.275
531.717
533.760
531.657
533.159
532.482
528.432
532.008
530.104
530.370
531.035
529.297
530.453
531.005
529.761
532.085
529.608
531.877
532.189
531.243
530.283
527.708
529.557
531.064
530.188
531.804
530.639
531.173
531.721
530.362
530.801
529.333
530.912
534.537
532.179
533.766
533.471
530.819
532.496
530.552
531.276
529.065
533.315
531.783
529.191
533.699
527.880
531.615
532.422
533.926
530.388
531.796
531.493
529.315
530.311
530.188
533.596
533.062
532.935
533.759
531.192
529.077
527.887
530.439
529.095
531.444
531.595
534.122
534.952
531.529
532.346
531.797
533.513
532.431
530.371
531.123
531.548
534.109
531.535
531.376
530.829
532.049
531.390
531.231
531.213
529.817
528.429
529.597
530.136
531.807
535.645
532.178
533.239
533.976
531.717
533.324
530.332
530.715
532.889
530.570
531.123
529.912
531.666
530.942
530.060
528.265
530.624
532.017
533.805
531.284
530.021
532.375
530.186
531.696
532.421
536.367
530.501
530.366
532.615
530.609
532.495
529.972
529.395
532.444
532.771
531.729
532.861
530.725
526.767
529.872
532.468
529.933
532.171
532.330
527.870
532.540
531.917
532.915
533.747
530.993
533.411
530.797
529.872
530.889
533.528
531.569
531.833
528.569
527.606
530.015
528.968
532.464
529.246
530.900
529.711
532.036
534.805
534.140
533.844
532.696
532.327
527.896
530.474
530.131
530.871
531.900
529.795
528.354
527.914
530.803
530.120
533.688
530.745
529.461
532.261
531.527
531.659
533.175
532.059
529.743
533.548
534.262
531.215
532.197
535.574
532.118
529.717
529.269
532.070
528.975
528.698
531.746
531.456
529.662
531.892
530.209
529.646
530.284
531.537
531.137
531.145
531.881
531.359
531.600
530.744
531.258
529.880
533.168
529.472
530.147
530.379
531.328
530.891
533.116
533.056
531.473
534.465
533.780
531.687
531.812
535.055
533.821
531.423
530.998
532.216
530.512
529.540
529.528
530.961
531.200
532.274
528.571
531.074
531.915
529.414
531.604
531.683
530.890
529.688
532.852
531.066
534.760
530.528
529.586
530.035
530.947
532.931
536.004
534.844
532.939
529.995
533.113
531.682
530.796
532.431
527.632
531.863
530.310
530.536
532.306
530.364
528.812
531.888
533.436
532.524
529.745
530.957
531.296
533.946
533.673
532.967
529.693
531.165
531.442
531.542
533.977
534.722
533.633
530.195
529.547
531.962
531.555
531.206
531.453
531.927
531.541
533.009
532.477
531.879
531.007
529.719
528.292
530.669
530.068
531.697
531.679
532.099
532.183
533.174
529.249
530.067
532.109
531.902
533.113
530.673
531.739
533.489
533.610
531.825
530.422
530.276
530.885
529.316
529.949
530.694
531.133
528.714
532.488
532.123
531.253
531.274
530.892
529.018
530.321
528.581
529.572
528.105
529.319
531.167
532.328
531.891
529.908
533.576
533.633
532.081
532.366
530.138
530.565
531.355
527.729
527.525
532.472
530.082
528.728
533.340
530.658
533.744
531.997
532.061
532.490
533.283
531.409
531.271
531.561
530.124
533.258
532.622
534.363
531.460
531.294
530.909
530.548
531.525
531.710
530.711
531.123
531.740
530.758
534.376
528.888
534.326
529.660
531.260
528.486
528.317
530.043
528.859
530.260
528.426
530.479
531.520
529.108
530.064
533.379
527.208
529.907
533.170
531.117
530.761
530.256
530.647
530.795
530.137
527.997
531.617
532.815
533.949
529.827
527.819
531.942
531.052
530.442
531.695
530.650
534.909
531.108
531.460
531.955
532.422
531.449
532.738
531.829
533.069
532.391
532.300
530.142
530.731
530.033
529.947
529.607
531.685
531.818
530.767
531.349
531.622
531.554
531.711
530.812
532.423
532.140
530.730
532.369
531.738
530.980
530.121
531.096
528.809
530.270
530.284
529.928
534.207
532.386
531.629
534.028
532.325
531.576
531.879
529.344
528.261
528.905
530.269
533.033
531.934
533.870
529.887
530.400
531.378
531.111
533.326
531.404
535.044
533.618
534.154
532.410
534.398
532.124
532.557
529.377
530.798
530.854
532.505
532.481
532.895
532.984
531.741
530.469
530.426
533.607
532.398
531.090
532.207
530.867
528.387
529.969
527.809
529.337
528.686
530.315
529.544
529.719
528.898
529.354
529.289
528.900
530.339
531.423
530.096
531.649
532.045
531.740
532.351
529.532
531.263
531.080
530.732
529.630
532.390
532.671
532.447
529.305
531.487
531.686
530.789
528.765
529.740
534.145
530.841
531.542
528.428
530.424
528.034
527.725
531.175
529.458
531.940
531.143
530.156
527.143
531.288
531.168
532.502
530.702
532.674
532.387
535.192
533.548
530.451
532.883
532.774
529.355
532.806
530.202
530.545
531.862
531.600
531.090
533.018
529.006
529.506
529.600
532.445
533.501
529.077
530.163
532.779
532.497
532.910
531.313
532.160
534.342
533.903
529.978
531.459
532.471
531.917
532.509
529.094
530.235
530.426
532.620
529.006
529.932
531.700
532.329
530.089
531.677
530.999
532.173
530.981
530.701
531.226
530.882
530.487
530.090
530.626
533.357
529.928
532.667
531.570
529.932
528.341
531.091
533.155
532.656
529.082
528.660
528.679
531.161
529.982
532.502
532.651
528.782
528.578
528.721
530.957
528.862
531.166
531.698
533.193
530.767
530.029
529.308
528.557
528.017
530.206
531.719
529.731
529.830
530.166
532.513
530.116
530.576
531.779
532.626
531.648
532.577
531.641
532.336
533.290
533.957
528.585
530.687
530.947
530.331
531.117
530.297
530.184
533.963
533.453
531.460
531.707
528.792
529.407
530.256
529.737
531.680
528.239
532.563
531.132
531.790
532.136
531.560
533.693
530.406
528.464
531.282
531.325
532.160
530.194
529.455
528.372
530.844
531.953
533.296
531.702
530.314
531.114
529.589
530.057
530.372
530.096
529.337
526.900
534.058
532.462
531.886
530.741
533.745
531.920
528.943
530.408
530.775
530.350
533.404
530.499
531.825
531.508
527.808
529.595
530.241
531.693
530.447
529.741
530.043
530.705
533.696
531.901
535.140
531.067
529.915
529.521
530.841
534.153
530.203
528.934
531.066
531.651
531.226
533.474
528.202
528.247
530.254
532.010
529.623
529.894
527.279
531.208
529.893
529.513
530.727
530.393
528.698
532.395
530.254
529.529
530.837
531.020
529.905
528.972
532.431
531.055
529.986
529.941
530.003
531.170
531.085
531.641
531.370
532.476
531.193
531.383
529.548
531.245
530.004
530.757
530.390
529.891
530.507
530.816
529.640
530.409
531.747
528.684
530.802
532.343
532.491
530.770
530.466
534.866
530.515
532.090
531.340
529.900
530.665
534.586
532.112
531.530
529.992
527.627
530.640
529.241
531.074
530.422
531.236
531.599
529.549
531.433
533.719
533.324
530.548
530.856
529.748
533.089
531.499
532.254
531.859
530.918
532.514
534.666
529.960
530.573
529.691
531.168
533.147
534.251
532.041
531.701
529.005
532.473
531.135
531.831
532.259
534.588
532.745
532.328
532.624
534.251
530.887
529.967
530.020
533.076
531.126
532.255
530.085
532.242
532.765
531.165
530.911
532.966
531.810
532.594
532.861
530.218
532.426
533.101
530.240
532.929
529.862
530.495
530.468
529.948
532.117
532.012
531.234
530.322
530.721
533.827
529.290
535.426
533.185
531.069
528.788
529.453
530.746
531.173
529.628
526.408
530.471
528.605
528.831
529.237
528.042
529.021
532.275
532.464
533.588
531.675
532.059
529.627
529.424
529.789
528.234
529.013
528.998
532.476
531.253
530.769
530.243
531.850
527.925
528.701
529.392
529.622
527.056
530.864
530.641
531.331
530.763
531.350
528.396
533.483
531.370
529.021
532.523
530.034
527.797
530.028
528.443
532.660
531.559
533.320
530.614
531.491
530.535
531.563
530.065
530.474
530.122
530.530
530.702
532.277
531.174
534.080
532.639
533.394
530.085
530.600
532.963
531.905
532.184
532.856
530.953
532.255
530.976
532.512
531.703
529.034
530.137
531.436
531.778
535.618
531.567
530.325
532.894
530.613
529.102
528.741
529.093
530.423
532.911
532.546
531.680
529.595
530.023
531.603
531.985
531.123
531.805
532.289
529.494
533.633
530.499
529.170
527.121
531.208
532.724
530.946
532.154
530.471
533.590
531.224
530.119
530.366
530.958
531.927
530.460
530.723
527.988
531.225
529.194
529.592
530.751
530.482
532.579
531.604
530.757
531.783
530.900
531.705
531.262
532.602
530.280
533.449
530.208
528.889
533.828
532.537
530.271
531.866
532.430
529.643
531.427
531.474
534.354
532.281
529.736
531.318
529.604
530.546
529.816
530.889
530.791
534.288
535.823
531.257
528.487
532.907
529.194
532.062
531.113
530.406
532.674
528.294
530.306
534.099
534.608
531.198
531.098
533.486
531.253
532.450
535.101
530.955
534.143
533.200
530.433
531.734
532.588
532.385
529.786
531.060
531.075
531.793
529.297
530.302
531.839
529.948
530.417
528.986
530.189
529.597
528.696
528.973
529.257
529.243
529.713
529.703
527.892
529.895
534.552
533.972
529.614
531.356
531.807
531.728
531.107
532.809
530.225
531.293
530.580
533.053
533.698
534.238
534.070
532.158
531.828
531.650
533.155
534.024
529.547
529.430
529.618
532.741
532.757
531.763
530.212
531.572
531.115
530.780
531.815
531.547
531.343
531.351
530.248
531.878
532.620
531.188
532.834
531.812
529.522
532.314
533.782
532.447
533.298
530.857
531.031
530.888
532.367
529.463
532.100
530.940
528.932
527.263
530.929
531.028
532.176
531.712
530.452
530.275
531.152
534.342
532.782
530.789
530.734
530.612
533.095
529.111
529.279
532.250
533.669
531.228
535.184
534.300
532.577
532.730
534.320
532.425
533.635
531.825
529.998
532.201
529.701
531.107
531.083
532.543
531.340
530.797
532.994
532.762
534.066
532.029
533.929
532.799
533.240
533.527
531.301
529.066
531.746
529.286
530.248
532.006
530.091
529.807
527.896
531.914
529.810
529.273
529.098
530.727
530.553
530.387
530.986
531.493
530.774
530.460
533.810
532.053
531.725
532.136
531.650
531.480
533.008
531.370
530.397
531.153
529.000
533.270
532.760
532.399
532.950
532.616
529.362
532.172
526.082
530.860
529.742
529.752
532.141
529.872
531.808
531.223
529.853
528.871
530.088
530.462
532.281
529.336
534.111
533.157
532.938
530.779
531.280
530.439
526.919
530.654
531.106
529.564
529.178
530.202
530.169
530.548
528.448
531.067
530.360
529.149
529.723
529.590
530.551
533.198
531.648
529.883
533.687
531.976
532.538
530.855
532.168
529.337
533.645
532.954
530.425
532.256
531.432
529.466
529.265
530.195
532.884
532.125
534.383
531.462
531.375
531.509
530.463
531.958
531.217
532.974
532.390
530.798
529.692
530.176
530.479
529.610
533.133
529.555
531.814
532.444
531.139
531.017
532.720
531.135
532.503
530.583
532.420
533.979
528.583
529.467
531.026
532.105
530.933
533.959
534.884
533.650
532.954
529.687
528.194
530.524
532.892
533.569
530.120
529.671
535.729
529.750
531.767
536.126
530.577
531.242
533.415
534.186
531.691
531.826
527.657
530.447
531.453
533.078
531.493
530.468
533.571
530.382
530.025
531.832
531.276
531.655
530.682
529.956
532.658
529.248
526.732
530.755
531.580
530.206
530.697
533.048
531.213
532.375
531.596
531.534
531.195
532.761
530.852
533.957
533.748
528.219
531.606
532.411
531.807
532.700
531.018
528.359
530.910
530.315
532.380
531.086
532.277
533.203
531.204
533.652
529.392
531.536
532.126
531.104
531.802
529.369
531.434
530.275
528.792
529.291
531.182
532.418
532.796
530.457
533.592
530.895
534.109
531.999
531.734
532.214
529.112
531.412
533.595
531.128
530.394
530.696
531.821
531.340
530.341
530.439
531.618
532.696
530.027
529.726
531.898
535.177
532.630
533.263
530.354
529.222
529.629
529.432
533.559
529.002
529.790
530.830
531.846
530.646
531.777
532.671
529.863
533.375
529.994
530.631
531.244
531.363
530.670
531.089
532.875
531.003
530.797
532.701
534.222
531.792
530.537
531.074
532.390
528.865
532.514
530.576
528.762
532.008
530.050
531.195
529.979
528.261
533.509
529.903
530.260
530.255
532.867
531.568
532.347
536.368
530.320
530.608
532.007
530.918
531.342
533.474
532.695
531.610
529.045
529.773
529.432
532.270
533.806
532.564
532.101
533.055
529.461
528.934
527.810
532.738
532.487
531.369
530.328
531.150
527.587
528.979
530.659
529.884
534.576
533.513
533.696
528.951
530.910
529.267
530.579
530.939
528.810
531.596
528.866
529.945
529.154
531.342
531.329
531.328
531.094
530.649
531.396
528.748
531.652
530.533
530.265
531.133
531.721
532.781
532.455
531.657
532.829
530.493
529.426
531.078
530.536
532.143
532.511
533.614
532.940
534.980
530.684
530.150
531.775
534.461
531.612
532.438
528.044
528.443
529.534
531.895
532.685
532.638
531.219
530.707
528.879
530.703
528.207
529.538
532.315
532.364
535.407
533.940
528.647
530.328
531.646
532.134
529.460
531.208
530.073
529.989
528.500
532.687
529.617
530.832
533.188
530.240
531.963
530.892
531.317
531.499
531.952
529.056
529.886
532.627
529.630
533.437
532.075
531.789
531.654
532.293
531.405
533.310
532.907
527.043
530.553
533.301
532.181
530.389
532.621
531.915
532.625
530.499
528.740
529.171
530.185
530.558
528.312
529.176
529.806
532.302
528.855
531.349
529.279
532.735
530.491
533.175
532.680
527.761
531.525
531.828
532.637
530.235
530.402
530.241
529.598
532.945
529.202
529.387
532.404
528.560
530.256
533.159
529.446
530.571
530.989
532.090
530.508
531.287
529.299
530.250
533.489
533.437
532.315
530.278
530.863
534.810
530.856
533.105
531.510
532.661
532.206
535.647
532.592
534.910
531.683
532.133
534.706
533.019
532.916
528.657
531.813
532.268
531.916
532.179
532.003
531.216
530.699
530.720
529.417
525.578
529.065
530.955
529.609
530.666
529.743
530.780
526.953
531.139
528.963
531.331
531.949
531.892
531.627
532.452
532.799
530.787
530.658
531.031
532.656
531.373
530.480
530.602
530.269
530.793
527.472
529.891
531.722
534.281
531.491
531.035
531.686
529.670
532.561
532.691
530.551
529.683
533.505
532.155
531.328
529.975
528.690
529.125
533.054
535.255
530.162
530.825
531.988
532.812
528.872
530.874
529.442
531.852
532.693
532.304
530.339
531.714
530.528
531.964
534.504
533.516
532.178
529.477
530.279
531.137
530.813
533.162
532.072
533.606
531.579
533.465
532.018
529.338
528.468
530.779
530.279
530.503
529.179
532.731
530.623
529.113
527.238
530.228
530.682
529.562
531.217
528.310
531.342
530.394
529.550
531.234
529.325
528.662
533.839
532.063
529.798
532.004
529.936
533.190
532.264
530.655
533.063
530.981
530.598
531.638
534.058
532.940
534.812
531.186
532.887
532.476
531.195
531.055
530.312
533.215
533.021
532.024
533.355
534.752
532.114
534.612
531.046
531.609
530.833
532.268
531.096
530.956
532.118
531.088
532.138
530.821
531.316
531.891
531.593
533.228
531.599
531.475
530.464
530.014
532.005
530.134
528.314
532.065
533.235
527.750
529.088
530.404
532.765
529.863
530.057
532.617
531.795
533.766
531.981
531.425
530.570
530.452
528.965
530.943
533.573
534.858
530.173
530.130
530.606
533.111
531.763
533.710
530.637
532.164
533.585
532.879
532.113
531.507
530.448
529.059
529.600
529.224
531.026
528.770
533.175
533.551
530.613
535.263
532.356
534.061
528.506
531.516
529.856
532.052
531.549
532.223
531.118
532.388
530.730
532.559
533.049
531.534
531.123
528.383
531.881
533.242
533.636
531.575
530.727
532.247
528.982
529.568
530.299
527.836
528.955
528.233
527.232
529.891
531.729
530.410
530.032
531.410
531.911
531.295
530.969
532.310
530.743
527.308
529.529
531.730
530.860
529.899
531.752
527.837
532.359
530.910
530.094
530.439
528.349
531.775
531.241
529.836
530.134
532.943
531.730
530.234
531.352
531.490
531.831
531.805
530.217
528.903
530.257
529.171
528.840
529.637
529.357
529.654
530.403
531.037
532.606
530.064
532.098
531.100
532.298
532.463
532.199
531.308
529.117
529.063
530.160
532.412
531.724
530.808
531.711
529.870
530.244
531.582
529.943
529.389
533.223
532.594
532.255
532.027
533.642
530.328
532.701
532.560
531.176
528.232
528.319
528.918
529.146
530.090
528.239
530.442
530.601
530.573
530.743
529.205
531.507
534.064
530.614
531.960
531.542
532.652
532.728
532.175
529.078
529.926
531.652
534.818
534.444
531.247
530.019
530.950
531.526
535.159
533.977
531.351
530.569
532.424
530.606
529.549
529.566
530.613
527.589
527.158
528.435
532.699
531.832
531.719
531.591
530.691
532.353
532.263
531.048
532.550
529.140
529.027
531.965
531.037
528.807
532.316
530.250
528.998
531.795
531.555
529.054
533.895
530.880
529.599
531.723
531.836
531.428
533.372
533.253
528.212
532.562
530.869
531.872
531.830
531.276
529.940
533.070
532.135
529.747
530.609
530.500
531.434
531.188
531.264
528.185
532.041
531.793
531.335
529.104
532.440
531.644
534.393
533.569
531.873
532.812
532.282
531.048
530.610
531.953
530.687
531.605
532.024
532.886
530.471
530.984
533.321
529.606
529.369
532.838
532.584
532.802
530.146
530.037
529.525
533.905
531.049
531.900
531.146
528.649
528.550
532.058
529.987
529.165
530.637
531.578
532.835
530.620
532.528
530.293
533.657
534.510
528.395
529.663
532.397
528.402
531.776
532.841
531.566
534.690
533.668
530.039
529.203
528.329
530.558
532.416
534.631
534.438
534.215
531.736
532.631
529.805
536.317
534.905
533.589
530.892
531.049
531.215
531.538
534.258
535.601
533.149
532.121
531.906
532.178
533.072
532.956
531.755
531.284
532.920
534.911
533.848
534.500
531.979
531.238
531.315
529.228
532.367
532.558
529.341
531.737
530.630
529.574
530.201
530.975
528.141
530.066
530.083
531.453
532.364
533.344
533.512
534.037
532.542
531.465
534.172
529.592
529.739
529.614
530.811
528.931
528.945
530.392
529.789
529.728
530.860
531.448
531.402
531.142
529.857
528.517
527.892
531.199
530.561
532.827
530.950
528.668
527.097
526.173
530.820
530.667
533.124
531.930
530.853
532.235
531.377
528.197
528.661
530.058
530.168
532.563
532.148
528.758
530.766
530.249
530.862
530.664
529.782
530.560
531.035
529.750
529.205
528.757
530.511
530.473
529.550
533.708
533.058
531.671
530.283
530.395
530.675
529.689
530.618
530.289
530.208
529.847
530.276
529.769
529.802
532.252
531.548
530.206
531.612
532.860
531.044
531.513
532.616
533.297
531.541
532.455
527.232
532.709
531.123
531.429
531.110
530.352
530.455
532.332
531.623
531.995
531.059
532.698
530.441
530.141
530.698
530.929
532.000
533.322
530.948
533.786
530.070
529.945
530.476
530.798
530.443
531.286
531.856
532.630
532.631
535.069
532.471
529.460
531.854
531.674
532.445
531.981
529.818
533.229
532.690
528.196
533.378
532.356
528.659
533.190
531.349
529.284
532.657
530.463
528.939
532.328
531.499
531.005
531.477
530.474
530.207
531.302
530.318
531.757
530.291
534.114
530.872
531.479
530.097
530.114
529.608
529.406
530.646
529.319
531.017
532.154
531.142
531.941
530.634
531.301
529.142
532.103
529.182
530.248
529.851
530.764
530.205
530.622
531.789
530.693
531.382
533.940
531.008
528.873
529.636
529.899
529.182
528.553
530.793
529.290
529.497
531.249
531.033
531.940
532.646
531.433
532.288
531.266
530.797
531.746
530.555
532.723
529.729
531.568
528.981
532.303
529.070
530.106
529.526
527.732
530.584
533.484
530.576
529.716
529.399
530.465
530.654
531.051
531.267
530.861
529.403
529.755
530.543
528.882
530.296
532.407
533.332
532.562
530.725
528.718
529.128
530.662
528.228
531.646
530.157
530.442
531.481
529.221
531.697
529.012
529.309
531.903
531.988
529.439
528.743
530.949
530.096
528.874
526.813
529.326
535.040
531.019
531.763
533.528
530.329
531.808
530.889
531.228
534.041
535.304
534.076
532.661
532.732
531.522
529.867
532.458
531.849
531.825
527.778
529.342
532.310
531.562
530.078
530.489
533.877
530.007
528.212
528.849
527.422
530.829
531.521
528.296
529.528
527.793
529.971
532.935
533.201
533.057
529.732
529.346
529.648
528.612
528.049
530.840
531.959
532.183
530.997
529.976
533.238
531.346
529.641
533.148
532.729
530.914
534.389
531.818
533.792
532.995
533.727
530.411
532.221
531.163
530.833
531.808
531.176
534.132
534.566
530.405
530.815
531.231
529.843
529.833
532.970
533.657
533.206
529.307
530.148
531.324
530.903
531.422
531.515
534.045
531.807
529.360
531.203
531.213
531.599
531.003
532.047
530.157
529.378
528.121
532.313
533.719
529.879
531.294
531.059
531.071
528.713
528.970
531.461
529.498
533.088
530.234
527.287
530.421
530.964
530.882
526.668
527.494
528.618
528.090
528.189
532.274
529.677
532.080
530.204
528.646
532.304
529.800
532.120
531.679
531.991
531.273
531.998
531.110
530.335
530.955
532.830
532.578
532.712
529.624
533.076
527.711
530.191
531.683
531.914
531.473
530.775
530.997
531.835
530.394
529.312
531.365
529.891
531.115
530.971
528.992
528.747
528.940
530.880
530.552
533.169
529.556
532.787
533.549
532.092
531.605
532.719
532.638
533.831
532.105
530.865
535.302
535.503
532.198
530.588
532.977
532.774
532.087
535.077
530.041
531.643
532.168
529.672
531.660
530.926
534.907
533.678
529.773
527.401
530.321
532.166
534.239
532.191
533.864
532.168
536.670
530.833
534.897
529.016
533.852
532.153
529.224
530.465
533.914
531.051
529.951
532.914
528.151
530.300
530.772
528.729
530.566
531.771
531.408
530.542
528.549
528.373
530.225
529.334
528.260
531.909
528.276
527.979
531.568
531.317
531.778
528.899
533.493
529.702
531.383
532.457
536.209
531.959
530.166
529.143
532.508
530.068
530.154
526.677
529.626
531.677
530.937
530.256
531.260
529.467
529.978
528.862
528.800
529.482
528.841
530.620
529.940
528.531
531.515
531.165
531.527
529.845
528.623
529.236
528.278
530.478
531.020
529.077
529.858
532.142
527.157
532.401
530.677
532.872
532.003
531.784
528.705
532.144
531.586
528.421
528.608
530.448
530.759
531.719
532.887
530.732
532.598
532.422
532.379
532.312
531.531
530.582
532.477
531.882
530.481
533.031
531.780
530.880
529.933
532.030
533.671
530.710
532.436
532.499
531.680
530.671
531.048
528.732
529.295
526.127
530.277
528.707
529.182
530.694
530.419
529.047
529.641
530.692
530.463
531.246
530.196
530.519
529.651
531.673
526.967
532.059
533.480
533.582
532.532
532.660
532.023
531.479
532.984
530.090
531.509
533.515
531.814
533.050
530.708
532.817
528.934
530.604
530.977
529.306
532.557
532.630
531.372
532.042
531.492
528.037
531.748
531.465
532.879
531.587
529.279
530.381
530.250
532.344
532.771
529.391
527.518
532.779
531.985
532.450
532.942
529.048
528.936
532.304
530.658
531.436
529.633
531.301
531.998
531.097
529.817
529.675
531.307
532.336
530.458
530.321
530.345
532.076
530.003
532.569
530.826
533.571
530.749
531.734
530.600
531.729
531.261
530.987
531.997
529.127
532.733
530.331
527.411
530.662
531.892
530.481
531.401
529.286
528.739
529.876
531.931
532.585
530.561
532.681
530.204
530.164
529.992
528.646
530.975
529.547
530.556
532.326
528.517
532.919
531.337
531.056
530.752
532.128
531.060
529.737
532.309
531.429
529.305
529.968
531.054
529.415
533.355
530.225
532.330
534.068
533.072
534.873
531.544
532.031
532.592
534.417
533.460
532.239
528.626
527.639
526.534
531.145
531.714
529.691
527.818
528.741
529.755
527.669
531.506
532.529
530.563
530.312
529.830
529.376
529.488
530.802
530.858
528.165
529.223
530.377
530.907
533.983
533.453
534.121
532.606
531.995
531.396
533.292
530.813
530.937
531.636
529.159
529.392
529.105
528.145
533.011
529.455
532.220
532.229
532.370
530.514
531.106
530.045
530.426
531.538
530.961
529.133
529.577
531.071
533.986
532.878
530.743
529.075
529.377
529.099
533.837
529.531
530.071
532.981
532.207
533.873
529.193
529.187
531.850
531.791
529.226
531.878
532.459
531.566
532.955
531.276
530.726
532.251
530.277
530.307
532.069
531.674
530.010
529.271
528.934
529.533
529.761
532.868
533.815
530.687
530.100
530.720
531.787
531.264
531.459
531.369
533.124
532.618
530.780
530.728
531.308
530.948
530.263
530.707
531.243
531.144
532.576
531.358
529.762
531.182
530.842
530.091
532.328
533.589
535.162
534.809
534.577
530.138
531.984
530.928
531.576
531.426
533.632
534.364
534.313
530.905
534.874
532.357
530.447
531.352
530.895
528.472
531.771
531.104
529.600
534.955
533.104
534.257
535.383
529.549
529.366
529.032
533.195
531.633
533.179
532.019
530.555
532.733
531.107
532.015
533.690
531.793
532.268
531.484
528.138
529.449
529.967
532.464
529.861
531.619
530.362
529.606
532.519
529.619
529.447
529.196
530.561
531.649
530.527
529.520
530.531
532.048
531.450
534.281
533.273
534.069
531.735
531.250
530.250
531.692
530.110
531.591
532.886
531.918
533.719
529.459
532.781
534.956
531.905
527.838
531.382
531.813
530.282
530.609
529.366
531.127
530.236
531.271
530.479
529.537
530.422
530.417
531.657
531.056
528.969
530.434
531.805
530.371
531.331
529.463
533.907
535.153
531.054
532.213
530.826
530.866
532.804
529.888
531.318
529.793
529.208
531.958
530.846
529.020
532.095
529.600
527.898
529.296
530.564
528.543
531.232
531.490
530.931
528.600
531.018
531.187
533.517
531.959
532.236
533.118
532.241
530.840
533.040
532.589
532.740
533.062
529.929
530.927
530.296
533.302
531.507
530.961
533.910
532.362
529.748
530.365
532.335
530.598
531.482
531.984
530.305
531.426
532.591
533.487
529.328
530.956
529.194
533.197
532.854
533.240
532.914
533.345
532.884
530.132
532.281
534.343
532.261
531.632
532.466
532.395
529.790
532.267
532.191
531.426
532.166
530.384
530.920
532.147
530.635
530.024
529.381
529.434
527.900
530.223
530.116
529.577
532.373
531.921
531.286
531.677
531.249
531.946
530.029
531.897
530.617
530.994
529.549
530.962
531.014
528.332
531.145
529.593
529.699
529.118
531.000
530.147
529.261
532.380
529.945
530.668
529.878
529.055
529.691
528.808
532.708
530.139
530.772
531.425
531.169
528.926
532.055
531.741
531.091
531.818
531.382
530.441
532.518
532.212
531.300
534.888
533.008
533.185
530.883
531.134
534.096
530.458
530.907
531.607
533.108
532.919
533.571
530.321
532.300
532.684
536.782
530.360
532.036
530.623
530.647
532.493
531.479
530.959
531.245
533.088
532.931
531.603
529.103
531.857
531.174
532.464
532.492
533.187
534.380
531.766
529.826
532.360
532.403
531.859
530.991
531.272
531.450
528.758
532.063
531.027
535.293
532.465
533.994
531.690
529.717
529.809
531.656
535.410
531.676
532.629
531.642
529.610
528.885
529.905
529.431
531.519
534.415
531.364
530.710
530.462
531.131
532.124
532.803
533.013
532.173
531.352
530.516
531.690
530.744
531.232
532.405
532.238
532.471
529.874
531.614
528.188
531.482
529.460
531.643
530.767
529.317
531.733
533.076
531.102
529.764
532.887
527.876
533.841
530.113
530.643
533.313
528.635
531.778
528.929
530.547
529.150
529.225
529.899
530.802
531.863
531.442
529.409
534.038
533.725
528.641
530.274
530.570
532.045
532.580
532.324
533.499
531.125
530.206
530.460
530.138
529.771
531.600
532.807
527.922
532.685
528.534
531.336
530.353
529.540
533.004
532.182
530.933
531.252
530.008
531.899
532.040
528.651
531.830
533.725
531.374
526.141
530.605
531.499
530.206
529.102
531.634
529.335
528.222
531.082
531.704
528.870
529.916
529.813
530.515
530.495
530.933
531.837
530.088
531.754
530.057
532.609
534.436
530.053
532.073
527.804
530.409
532.025
529.785
530.987
531.671
531.422
533.590
532.795
528.221
531.130
529.293
532.999
528.670
529.705
531.099
532.839
530.476
529.364
529.399
529.555
528.268
530.847
531.352
530.476
530.593
534.082
531.089
532.772
532.499
532.405
532.414
531.914
531.307
532.851
531.234
534.734
532.221
534.700
532.224
532.864
531.598
532.318
534.603
532.684
531.828
530.082
533.663
534.222
534.099
531.736
531.900
530.725
528.685
528.832
530.640
528.278
526.541
530.348
529.043
532.974
530.326
527.462
529.761
528.164
531.411
531.261
530.129
529.870
529.787
533.078
536.134
531.459
532.500
528.270
530.198
533.213
528.837
531.466
531.926
532.403
532.186
530.411
530.910
531.901
531.966
530.962
532.616
528.338
529.522
528.599
529.981
531.755
529.894
533.030
530.833
533.580
530.301
529.191
530.728
530.004
530.646
528.566
528.418
529.470
529.897
530.015
532.864
530.579
530.828
530.699
531.381
532.431
530.746
531.874
530.813
529.955
528.428
528.834
531.727
529.094
530.715
533.370
531.789
531.937
532.621
533.252
529.668
534.951
534.528
532.648
534.276
530.205
530.854
529.753
528.692
529.399
529.385
531.536
533.546
533.708
530.904
531.734
536.606
532.556
533.133
530.079
532.512
532.339
529.064
530.071
529.441
531.602
530.797
530.001
529.951
530.870
533.650
533.485
532.262
532.875
526.258
530.256
531.174
531.158
530.740
530.846
529.684
532.089
533.482
531.881
529.433
532.780
530.311
530.507
530.582
528.521
533.173
532.545
534.024
530.491
534.493
535.038
532.389
534.688
531.974
531.173
534.701
533.365
532.938
530.860
531.906
532.988
532.424
532.344
532.737
533.972
531.661
533.936
532.503
532.771
536.120
532.508
530.891
530.693
529.348
530.554
531.545
532.978
528.499
529.150
531.010
528.531
532.163
530.143
530.100
530.458
530.595
532.143
531.738
534.201
532.016
533.081
529.527
531.651
529.729
527.415
529.384
528.815
530.688
531.033
530.036
529.257
529.478
531.599
528.540
529.613
530.850
529.547
530.869
531.431
531.286
532.938
531.307
529.980
531.634
530.115
530.163
532.701
531.962
532.510
535.163
532.702
533.939
535.004
532.720
529.539
528.316
528.881
531.229
531.306
529.858
531.051
530.676
531.467
531.364
532.753
530.787
533.582
532.719
532.525
531.874
530.153
531.207
530.182
531.143
534.226
530.548
529.369
529.876
529.481
532.868
528.630
529.702
531.760
530.965
531.586
530.413
530.078
529.090
532.462
530.009
531.802
530.725
531.985
529.081
532.468
531.974
532.995
531.742
531.754
533.931
532.884
532.294
532.385
532.504
531.549
532.585
532.458
531.194
533.338
531.086
530.479
531.154
531.282
532.688
531.676
530.989
532.680
532.555
534.064
532.980
530.600
532.590
530.291
533.438
530.001
528.670
530.809
527.489
530.822
531.283
532.840
530.946
533.563
529.593
530.935
531.148
531.140
530.646
530.172
529.710
531.133
532.927
531.566
532.714
532.597
531.244
533.109
531.217
531.708
531.560
526.279
530.140
531.834
529.612
529.380
527.459
527.349
528.683
529.683
531.352
529.803
530.480
531.677
531.768
531.043
532.021
529.211
530.164
531.403
528.555
530.079
530.134
533.030
532.079
531.796
531.885
528.178
530.695
532.647
532.263
531.776
530.895
531.194
531.272
529.878
531.656
532.450
532.479
531.802
531.647
534.043
531.342
533.764
532.210
530.621
531.740
531.128
530.289
530.602
529.587
530.458
531.484
532.016
533.226
533.157
531.975
531.597
533.131
532.662
531.623
529.713
531.291
531.218
533.048
531.404
532.740
531.681
530.663
529.961
531.545
529.548
531.880
532.486
532.501
530.937
533.029
532.234
530.005
534.345
531.693
532.931
533.518
530.875
529.738
531.812
529.499
531.788
531.817
532.672
534.506
533.627
533.184
531.840
532.156
532.555
532.069
531.653
527.748
531.255
533.651
534.071
528.954
532.905
532.236
532.811
531.137
531.006
533.238
531.379
532.161
532.353
531.056
528.528
532.102
532.928
532.905
532.417
529.145
532.797
532.048
531.862
531.565
529.945
530.761
533.285
531.157
531.451
532.262
530.655
531.343
532.179
530.998
535.873
532.218
533.666
534.530
530.368
531.179
533.949
532.330
532.410
532.994
533.110
533.636
530.371
531.417
530.720
532.628
535.338
531.548
531.359
531.194
530.937
530.824
529.450
529.898
529.462
530.358
530.612
531.473
530.614
530.893
530.437
530.496
531.718
529.616
529.929
531.506
533.678
534.086
533.133
528.981
530.168
531.636
530.122
530.976
529.455
531.702
532.181
530.006
531.127
530.928
531.540
531.777
531.323
527.799
531.102
533.592
531.173
529.034
530.196
529.824
527.884
532.127
532.002
530.461
528.607
530.254
532.057
532.122
534.558
530.924
533.903
532.822
530.126
530.747
530.952
531.988
528.106
530.560
532.066
534.650
531.517
533.598
529.267
529.830
529.396
531.014
531.399
533.336
533.013
532.123
532.618
532.425
529.669
530.561
534.607
532.672
529.693
530.254
531.363
530.953
533.192
529.544
529.217
529.545
533.107
531.528
529.170
533.221
535.099
534.956
531.904
533.568
530.509
532.122
532.021
531.084
533.792
531.448
530.878
529.758
527.595
531.454
530.684
530.935
530.447
532.629
531.349
533.619
531.442
531.676
531.415
531.467
530.060
528.493
532.354
532.693
533.044
531.988
531.476
529.810
532.907
530.516
529.962
528.897
529.263
531.937
530.482
530.204
532.853
533.099
533.095
532.399
530.133
531.157
533.407
533.388
531.094
530.828
533.421
530.695
529.809
534.801
530.948
531.908
534.226
531.814
531.465
528.666
531.239
531.915
532.161
534.725
534.693
533.597
530.579
528.790
530.584
528.062
534.854
534.404
531.612
532.451
531.016
531.220
531.853
530.960
530.629
532.519
532.772
532.053
531.058
530.699
534.659
533.466
533.152
530.725
532.665
529.972
528.842
532.119
533.705
530.960
530.014
530.769
533.523
532.076
531.285
533.652
531.948
530.588
530.065
531.189
528.349
530.877
531.875
532.026
529.842
529.816
532.051
532.904
532.887
529.486
533.020
532.529
533.041
534.148
534.458
529.442
528.794
529.535
529.158
534.924
532.663
532.905
531.838
531.410
530.629
530.809
530.354
531.996
530.353
531.706
534.169
532.263
531.177
531.644
528.327
530.323
531.399
529.425
531.702
531.718
529.202
530.757
532.056
530.626
528.514
530.771
530.573
529.451
530.949
529.024
529.014
530.258
531.008
529.999
531.812
531.714
532.431
528.737
529.677
528.344
529.677
530.276
529.692
530.127
531.847
529.400
531.029
530.772
529.780
534.085
534.459
531.157
534.337
532.780
533.844
533.157
532.489
528.949
531.208
529.476
532.592
530.950
532.002
533.626
531.529
531.712
528.770
530.949
531.087
530.123
529.909
530.577
533.204
530.154
530.918
531.998
531.135
530.836
530.456
529.271
529.433
531.132
531.494
531.504
529.697
529.730
531.923
531.548
532.216
531.767
527.681
527.329
529.285
529.678
530.497
527.395
532.837
533.502
531.843
532.381
533.442
533.134
533.447
532.700
531.984
527.937
531.962
532.188
530.683
532.536
534.420
533.757
531.610
534.327
530.059
530.650
532.511
531.584
532.519
533.866
531.523
532.032
530.578
531.803
533.289
530.214
533.758
532.396
532.870
528.720
533.163
531.648
531.313
533.912
533.654
533.188
532.193
531.840
533.725
529.941
530.859
532.569
530.285
532.666
529.942
529.829
531.681
532.547
531.875
530.383
532.550
531.476
532.159
532.099
531.127
530.425
529.864
530.982
530.811
531.636
531.575
531.640
530.690
535.292
533.927
533.652
528.950
534.369
527.909
527.901
528.731
531.817
531.090
530.019
526.960
529.869
531.986
533.176
529.850
532.051
531.962
531.574
528.817
533.366
531.733
530.340
532.099
529.438
536.839
532.280
531.335
531.169
534.006
529.871
530.656
530.760
529.456
530.904
529.586
530.812
529.553
530.071
527.348
531.229
532.147
530.040
530.911
528.954
530.291
532.127
530.730
531.427
534.202
533.197
531.414
526.070
533.629
533.519
532.167
532.484
530.963
529.966
534.905
530.527
531.867
533.723
528.966
528.326
530.522
534.541
531.340
531.800
530.682
532.682
531.650
532.096
531.201
532.671
529.087
530.066
530.465
529.934
529.641
531.921
530.802
532.968
532.280
532.078
531.858
529.519
530.491
530.788
528.841
528.874
534.250
530.452
532.016
531.505
529.021
530.379
530.053
533.663
529.028
528.191
528.289
530.376
531.043
530.274
532.075
532.089
532.672
530.116
529.935
529.571
529.097
529.402
528.256
532.107
533.696
531.338
529.818
532.364
532.575
530.738
529.880
529.414
530.311
532.189
530.070
532.349
530.043
530.095
531.331
529.419
530.869
529.436
531.699
532.198
534.137
