779.590
780.545
771.864
771.063
765.535
767.206
768.720
768.708
767.702
776.772
775.327
776.804
778.369
777.438
783.604
784.378
784.875
781.508
786.602
785.065
785.375
788.954
797.125
791.951
794.114
794.822
796.302
796.906
793.460
788.308
792.774
786.608
786.778
780.830
780.226
784.271
788.314
789.065
784.482
787.267
787.827
782.252
794.406
786.750
782.839
787.286
795.195
796.533
796.619
802.376
800.480
806.867
808.655
808.291
803.344
801.040
801.227
790.490
796.696
794.589
808.352
801.673
799.616
794.254
792.268
793.248
783.993
798.087
797.740
793.358
791.043
792.119
793.443
797.587
793.298
798.174
789.793
803.622
808.461
795.977
802.898
806.863
811.757
819.794
808.259
803.549
807.449
812.888
808.874
810.175
815.810
815.257
805.957
803.664
804.439
806.309
812.190
814.466
815.331
807.226
809.734
813.539
819.868
817.476
814.353
805.976
807.133
810.643
808.142
808.734
815.481
813.356
814.102
806.067
802.973
807.287
809.102
810.475
822.875
818.145
813.995
819.362
831.211
824.737
825.788
821.376
822.422
815.268
811.481
806.326
807.081
803.192
800.840
795.648
794.027
801.287
796.552
794.454
802.242
796.299
798.276
803.649
804.764
806.514
799.579
797.489
797.260
806.713
799.635
802.374
802.192
801.566
802.063
801.124
795.112
789.648
796.428
798.309
797.157
787.887
786.569
787.306
786.582
784.601
784.060
789.487
788.709
784.669
790.409
803.724
800.501
802.528
797.696
799.571
798.351
792.761
796.262
794.285
789.020
795.152
794.443
795.262
795.821
805.027
802.692
804.367
806.399
806.823
800.318
800.531
799.467
801.921
807.008
801.086
806.489
798.582
794.633
800.428
800.893
806.654
797.545
802.058
803.717
814.555
812.975
812.459
814.876
808.989
816.221
816.873
817.974
806.561
812.967
815.336
828.092
826.311
826.086
818.736
821.214
828.648
823.484
821.814
823.281
819.243
828.582
823.823
818.944
814.494
829.118
831.414
823.764
819.589
821.060
811.114
813.637
814.691
813.605
808.592
803.970
812.726
811.123
806.742
809.635
807.602
810.426
807.181
808.409
804.769
806.545
811.467
808.448
810.298
799.371
804.679
805.368
805.303
797.303
805.229
802.694
798.093
799.190
792.710
798.258
800.271
795.617
791.472
796.643
791.472
796.662
804.492
796.992
793.389
795.832
789.055
790.756
790.498
792.903
790.844
801.542
795.880
797.857
792.258
798.209
797.162
797.457
795.229
801.263
793.631
788.314
793.222
793.423
790.021
789.779
780.766
779.822
784.153
788.880
789.945
789.721
795.987
796.464
795.041
794.959
801.173
803.839
796.727
796.686
796.174
809.632
804.911
807.080
802.325
801.511
803.588
809.498
806.549
807.443
812.096
813.426
812.844
810.813
810.984
808.951
814.728
823.991
815.138
816.854
814.212
809.656
814.241
810.864
799.400
797.705
789.208
791.787
789.780
792.087
797.477
797.047
803.700
796.600
799.093
802.795
804.652
811.607
808.088
810.316
805.117
804.119
807.530
804.758
808.821
819.047
821.572
817.832
819.496
813.337
812.455
815.413
806.442
812.109
813.389
817.547
821.413
806.795
807.754
806.755
811.023
806.666
801.130
802.244
803.059
801.022
801.846
807.050
806.007
811.672
803.107
797.014
792.181
795.202
794.487
797.035
805.536
804.331
801.967
789.123
792.588
793.606
792.858
800.266
794.424
796.447
785.977
789.649
793.132
798.658
798.608
800.323
801.359
793.004
789.530
793.246
795.594
793.589
796.431
797.077
796.165
798.462
798.624
798.756
801.001
796.152
791.355
792.431
803.934
797.730
792.495
790.479
788.846
790.564
787.053
790.943
794.358
791.839
794.110
795.505
791.408
792.358
802.057
804.066
802.673
804.665
801.459
797.368
795.791
782.554
786.103
786.431
787.449
790.049
792.585
795.513
789.871
788.663
778.054
770.618
772.441
778.213
781.859
774.416
773.041
765.636
771.424
769.436
773.975
768.706
771.469
782.240
778.224
780.117
783.276
787.060
779.744
779.250
789.768
782.554
786.792
788.004
789.092
795.264
792.680
791.857
798.562
791.525
795.579
803.919
801.538
798.310
801.014
797.633
808.776
816.420
811.792
813.415
811.888
800.888
805.464
808.896
798.944
800.183
799.379
794.642
805.123
803.668
802.532
789.805
793.744
798.151
798.042
803.346
806.119
800.139
795.908
806.528
802.816
799.687
806.903
803.008
804.863
803.489
807.429
806.076
800.776
799.926
800.290
801.653
797.934
804.780
805.047
804.117
798.470
794.888
794.953
783.490
782.446
782.880
788.999
794.328
786.413
787.606
788.456
786.796
787.617
792.702
783.973
777.522
786.122
795.861
789.775
790.994
796.174
800.362
806.664
802.350
806.934
801.873
806.756
806.909
808.915
809.685
802.074
801.667
800.199
797.787
792.520
784.411
782.703
780.370
785.191
788.761
781.681
792.035
785.458
795.697
792.223
794.874
803.024
802.821
807.867
799.512
803.108
794.814
806.066
808.368
806.666
809.061
811.488
810.136
804.628
803.277
812.230
810.518
810.420
817.298
816.921
816.429
815.479
802.951
804.104
801.506
807.616
816.060
814.868
807.099
800.674
802.711
804.849
793.944
794.840
793.422
797.118
800.825
795.421
799.537
790.971
794.044
803.329
801.529
797.490
791.284
796.850
799.448
806.925
801.664
795.882
795.806
802.407
796.114
797.284
798.567
794.885
796.838
798.297
794.811
799.553
796.579
798.783
798.327
800.564
792.037
799.358
794.486
790.293
784.639
778.550
786.817
787.540
792.427
793.682
783.744
799.642
799.198
799.537
801.577
801.943
806.362
807.935
806.361
806.944
804.650
809.699
802.126
809.331
796.425
795.195
800.533
799.605
800.918
803.154
797.750
791.059
790.777
789.462
785.318
787.780
794.275
793.012
794.011
790.849
794.435
797.963
796.061
796.350
788.637
799.470
795.023
782.857
790.019
788.147
793.494
796.850
796.669
789.025
782.325
795.133
791.542
792.628
794.236
794.298
792.918
796.962
797.310
797.482
802.723
804.831
802.655
802.051
809.611
805.632
805.307
806.772
799.859
809.222
810.246
807.849
812.341
808.655
809.528
808.988
800.964
801.657
803.214
803.637
795.884
799.173
796.946
798.030
795.829
803.244
801.406
798.809
796.509
796.452
804.163
801.437
796.597
792.678
797.265
797.392
797.642
799.443
799.767
793.493
787.435
790.107
791.792
796.163
814.185
815.663
807.234
799.446
804.789
808.354
812.844
811.136
804.967
805.811
798.648
800.113
803.446
803.553
801.291
798.600
795.720
801.646
797.129
806.527
811.267
811.948
812.048
807.592
812.926
808.035
807.537
804.263
806.990
815.473
812.140
808.140
800.894
804.077
795.053
792.899
803.305
799.012
807.296
811.985
815.641
812.762
810.155
813.126
807.454
805.532
797.020
792.003
791.398
802.722
812.206
815.731
802.708
807.752
804.200
813.448
814.712
807.621
804.633
803.174
796.899
795.507
792.791
786.631
788.293
789.874
787.123
795.052
788.977
791.532
795.946
799.664
793.389
795.803
803.113
799.781
796.869
799.572
803.108
795.872
797.419
801.601
803.952
798.866
794.281
793.574
797.429
790.259
788.803
785.025
788.496
791.872
793.444
793.751
796.774
794.954
795.468
789.628
790.737
788.928
787.023
789.042
792.779
785.418
783.189
788.772
782.512
784.413
790.288
802.804
814.030
813.278
815.523
809.338
805.822
807.909
796.106
788.600
794.221
793.679
783.619
782.085
783.901
780.831
778.059
774.983
776.849
781.564
773.090
775.533
775.601
783.564
783.697
785.572
786.338
785.406
786.859
796.130
797.897
788.348
795.681
798.518
798.786
802.293
804.757
801.161
807.297
797.577
794.117
797.825
794.714
790.668
792.570
788.714
796.507
803.695
801.047
797.106
798.710
789.357
793.228
789.735
790.113
790.124
791.488
788.882
787.258
783.240
789.370
784.592
787.168
783.732
789.891
794.308
799.714
795.231
794.682
803.474
805.532
807.644
805.388
794.738
801.830
797.858
792.643
797.386
796.385
802.676
798.859
794.687
794.381
797.582
799.842
788.696
783.106
789.537
791.388
789.871
795.775
792.001
790.076
790.146
788.083
779.041
787.026
788.248
787.043
784.564
783.152
785.210
788.856
793.231
794.941
794.018
788.050
786.234
785.224
782.494
785.179
784.983
786.246
779.838
785.266
772.888
783.057
775.357
779.448
783.313
783.837
785.753
785.732
784.796
783.113
780.870
779.688
775.064
780.853
780.444
777.029
784.297
784.462
779.797
776.576
781.852
779.544
780.071
775.228
779.550
777.840
789.336
790.447
784.279
786.560
788.649
777.942
787.082
788.406
785.622
780.909
782.140
778.065
772.135
779.375
783.766
796.127
795.606
794.822
795.676
792.125
784.846
777.730
776.908
781.123
791.495
791.014
788.060
787.135
782.321
789.187
785.042
784.819
784.673
783.932
788.550
791.761
790.983
784.551
789.065
791.262
789.593
791.335
794.286
792.743
795.873
791.208
795.438
797.003
796.852
795.763
789.568
792.607
797.519
807.369
804.325
805.922
809.100
814.613
812.861
811.285
811.999
813.559
809.870
802.886
796.796
790.907
793.057
790.339
797.214
802.706
804.349
797.574
807.433
804.720
801.228
800.479
803.047
803.907
804.255
807.752
795.360
797.840
796.686
792.136
801.065
801.902
803.425
811.498
820.189
813.277
810.330
822.545
818.578
812.179
807.626
813.841
811.648
807.898
803.920
805.974
806.193
807.215
797.751
801.802
805.161
811.998
812.185
810.846
808.375
805.721
808.188
790.811
791.382
801.861
806.991
794.864
799.204
807.861
807.347
811.570
806.231
796.685
795.221
787.798
794.463
787.839
794.745
805.293
799.133
793.882
789.225
785.095
785.098
781.095
779.010
782.542
787.359
785.483
785.216
778.312
781.256
779.922
786.349
778.169
779.175
775.105
772.828
782.203
785.173
776.446
779.432
779.905
779.780
777.682
784.649
783.304
782.103
779.765
788.663
796.599
793.238
801.258
798.816
797.244
803.730
804.603
802.696
800.975
796.421
798.062
798.049
801.065
799.523
804.147
803.916
805.840
807.089
804.994
811.671
817.908
816.794
806.008
804.942
800.940
797.381
791.689
785.260
785.350
788.878
786.966
789.185
792.697
788.611
786.853
790.956
792.598
797.296
794.145
794.146
792.281
802.473
801.102
801.091
792.672
799.095
803.053
795.892
791.298
790.228
787.980
792.533
797.107
800.859
801.265
800.578
799.928
801.222
800.663
797.340
798.931
795.843
788.802
793.944
785.018
786.454
787.211
783.608
790.886
793.086
795.123
800.240
795.983
800.119
803.180
804.174
800.019
814.538
826.743
823.922
816.152
821.644
820.666
812.625
811.539
813.985
825.015
825.468
830.953
828.357
822.525
823.785
824.017
823.184
832.152
830.632
834.802
828.881
824.516
829.843
830.833
823.474
827.125
830.503
837.900
834.609
831.346
825.352
818.331
822.181
829.476
832.648
828.114
835.337
834.946
834.200
830.069
834.012
828.969
822.410
815.626
818.587
823.214
820.137
817.792
818.272
819.706
808.593
809.575
817.720
815.895
816.848
818.715
815.211
819.255
825.781
818.962
820.541
817.997
816.751
815.970
819.678
823.152
817.013
816.101
821.026
817.932
812.283
817.964
805.584
806.236
806.583
800.430
803.778
805.862
803.255
804.591
798.434
793.402
797.655
794.975
798.622
799.782
797.180
794.741
796.913
783.979
786.409
789.268
800.306
790.005
799.432
804.217
805.572
802.464
801.123
797.471
804.912
805.475
803.243
798.538
804.610
801.929
805.381
806.729
810.998
808.725
812.127
815.126
819.333
814.961
819.919
817.613
816.472
822.883
823.743
817.520
825.184
816.572
818.856
820.333
812.052
804.330
807.902
805.798
811.699
810.747
808.395
808.578
811.849
812.517
807.548
806.142
811.617
812.771
814.463
822.389
815.508
810.730
810.174
803.435
807.714
805.688
801.986
792.210
800.982
801.684
802.370
804.564
799.209
792.869
793.660
802.392
789.285
796.409
790.859
788.650
790.620
794.002
795.976
792.279
794.404
798.182
794.185
797.878
807.051
802.229
803.715
810.331
807.630
805.307
803.648
807.081
808.690
807.793
808.901
804.481
805.174
805.565
804.533
811.372
812.574
817.771
819.062
825.824
819.086
819.157
815.161
823.207
816.098
821.790
819.237
820.241
817.085
814.527
819.302
822.469
819.409
810.822
812.262
819.381
812.853
801.505
804.715
802.862
804.900
808.955
809.483
807.310
809.062
805.542
806.348
800.707
803.313
810.134
813.665
820.108
816.779
805.085
797.792
802.856
805.437
812.018
814.810
811.550
806.878
808.756
803.022
804.315
802.037
801.360
795.603
794.929
796.791
799.197
789.991
791.316
791.914
791.751
789.042
785.514
777.118
786.451
788.097
781.565
778.902
778.673
776.597
784.402
787.407
794.227
791.628
794.780
789.431
795.934
792.973
789.713
801.947
791.383
793.439
802.820
807.209
810.121
802.232
800.878
799.564
795.624
795.810
796.684
790.323
792.235
786.784
797.949
795.654
793.312
792.466
795.193
794.470
797.948
799.221
803.937
799.967
801.236
797.099
802.978
805.665
794.517
799.524
790.678
798.594
785.841
794.648
788.218
787.053
780.790
783.566
787.669
792.012
790.570
792.889
801.443
791.628
794.153
792.661
792.227
792.525
797.462
798.644
806.519
800.658
799.883
797.193
793.844
793.446
793.585
793.337
787.896
788.948
786.796
781.350
784.815
785.425
782.468
783.825
783.133
783.944
781.173
775.860
768.476
778.249
785.046
783.804
787.748
787.045
781.604
788.563
787.665
799.738
801.546
788.376
797.941
799.692
793.496
795.163
790.816
790.559
797.636
787.471
784.492
788.477
780.421
789.106
784.463
791.477
794.710
789.471
791.451
789.018
791.323
787.810
782.504
784.767
790.904
779.067
778.747
776.027
782.700
778.654
783.883
781.891
786.696
787.096
790.668
795.642
794.996
800.929
799.433
792.097
794.050
795.586
803.792
797.491
805.033
807.954
801.833
798.888
797.015
796.378
792.261
790.906
794.470
800.532
802.091
799.412
804.619
811.970
813.768
813.553
812.029
813.685
813.148
807.968
809.277
807.229
801.086
800.578
803.920
806.072
810.597
815.870
816.126
801.500
793.696
794.383
794.696
794.709
797.346
795.483
797.355
794.740
797.238
793.758
794.667
797.048
796.548
794.022
796.229
795.687
792.724
787.133
792.186
777.855
779.162
779.227
790.451
787.902
784.498
786.397
779.492
782.303
786.590
789.945
782.549
778.916
786.031
783.394
777.276
770.666
777.926
784.246
777.713
779.945
780.609
777.451
768.978
772.709
779.261
774.251
778.876
777.362
774.262
777.808
772.112
775.733
777.082
781.108
777.024
782.631
782.039
785.517
790.329
787.022
796.994
791.964
798.435
793.706
794.272
795.190
800.718
793.045
792.723
792.359
794.162
793.392
789.676
783.938
788.136
783.242
783.906
784.034
783.955
790.291
788.840
793.346
794.626
799.408
790.110
787.440
793.657
791.993
792.438
794.974
791.560
796.466
790.436
794.856
796.173
804.166
803.548
797.815
798.673
799.900
797.624
805.699
799.008
805.175
802.419
791.534
795.610
793.037
801.329
801.358
789.470
788.665
793.336
790.067
790.287
789.604
786.621
779.591
788.676
795.347
799.933
798.683
796.653
797.868
805.028
792.778
794.654
803.342
799.800
789.081
789.030
789.681
791.475
789.022
785.512
786.852
779.112
782.700
786.269
792.947
788.684
799.079
791.145
788.856
786.584
786.145
786.448
784.021
792.786
788.105
797.384
791.998
794.872
795.480
792.441
793.014
793.971
789.359
789.257
791.889
790.416
788.952
790.729
797.926
799.368
796.888
792.726
786.013
791.445
795.684
796.229
790.728
789.999
791.084
792.540
792.762
788.579
789.775
789.985
780.020
783.380
789.142
786.343
789.498
793.033
795.150
791.319
805.579
804.995
804.945
804.321
805.991
804.065
802.828
800.370
807.137
806.457
797.891
807.304
800.676
798.764
803.548
798.705
797.537
799.120
798.572
796.773
784.981
789.932
791.780
777.959
777.732
778.234
776.402
778.313
774.947
779.665
785.623
782.741
788.719
782.574
783.107
779.903
790.162
788.220
793.753
785.268
788.443
792.444
778.666
792.206
804.162
803.792
806.606
802.925
802.060
798.704
802.902
794.973
800.646
798.038
802.083
803.633
806.419
799.739
811.037
812.855
808.601
801.978
793.142
797.569
794.209
805.685
800.382
799.336
799.893
804.102
803.080
796.058
790.521
794.773
791.445
789.397
788.179
791.129
790.286
792.854
787.398
787.307
796.150
799.795
792.745
794.766
792.771
791.274
794.859
791.084
797.174
796.681
796.641
802.117
795.804
797.464
796.461
786.255
789.488
784.665
787.837
786.246
784.725
780.624
778.353
781.021
775.197
765.169
768.751
773.693
771.645
783.023
780.095
787.517
786.324
787.264
787.076
784.632
780.721
780.037
778.725
783.978
782.243
784.408
784.582
789.929
788.907
779.336
785.539
790.560
785.851
785.095
789.460
790.760
786.501
786.084
796.178
791.370
797.129
797.283
800.055
793.297
785.880
781.795
785.369
787.498
790.389
784.072
787.642
777.865
783.221
774.637
772.936
775.188
765.724
765.290
776.283
776.608
779.761
787.130
785.817
786.918
789.881
775.852
779.891
775.596
772.976
770.521
777.498
777.151
770.574
769.686
769.205
773.151
772.065
769.277
771.526
776.946
771.464
777.420
787.854
782.934
790.350
785.852
787.270
785.568
787.393
790.099
790.140
784.943
783.722
779.868
776.897
785.861
777.200
780.849
781.985
784.369
778.580
780.371
774.161
781.856
777.909
776.047
768.106
767.738
767.833
763.886
759.305
762.052
766.112
769.063
762.004
769.114
780.368
779.021
769.488
777.575
778.210
778.036
780.281
784.886
784.201
788.443
782.014
787.907
786.613
778.771
784.123
782.364
782.584
784.185
788.214
795.392
792.879
798.242
803.280
804.250
810.072
808.220
811.331
808.641
807.841
806.517
806.221
803.852
808.810
808.174
809.612
807.343
815.172
808.643
801.207
809.413
813.513
816.528
821.788
815.026
821.526
824.602
827.699
821.283
814.797
804.123
807.663
807.743
816.487
823.685
823.246
815.570
810.650
805.412
806.037
803.916
806.145
805.251
804.242
802.462
808.225
810.193
815.494
814.315
813.536
813.394
810.962
808.745
812.804
810.304
815.770
825.330
824.093
818.496
812.272
814.466
815.796
815.136
821.053
820.556
813.475
809.539
804.548
806.749
803.702
809.764
806.712
805.168
807.584
816.034
808.258
802.904
796.868
805.201
808.464
801.960
810.395
809.422
807.082
813.385
813.854
812.038
812.372
810.107
813.614
802.486
807.265
807.785
801.042
799.194
799.457
810.023
812.657
807.077
811.493
801.854
808.159
799.935
805.521
798.527
788.536
785.702
788.470
784.215
786.604
788.768
791.320
794.611
784.865
781.308
787.850
788.501
794.185
785.570
788.484
786.648
791.144
797.140
799.578
803.913
801.003
802.177
802.142
798.699
793.249
794.411
796.044
804.183
804.999
802.977
803.873
795.053
798.416
796.180
791.245
796.206
795.678
790.164
801.334
800.009
805.086
792.628
795.184
800.292
792.055
793.416
795.096
792.205
788.150
789.223
784.421
792.500
793.349
797.005
792.403
789.745
793.336
793.646
794.774
793.755
789.065
784.618
779.411
781.350
782.246
782.227
785.177
784.765
790.622
787.093
785.630
780.300
781.996
784.368
783.273
787.696
788.140
792.226
793.325
791.426
793.663
790.341
780.609
781.083
779.639
788.315
776.230
784.085
787.003
789.898
788.592
786.574
790.485
797.352
797.231
791.633
796.953
792.407
798.089
792.764
791.855
794.844
798.209
799.735
800.061
799.643
809.860
801.133
799.594
794.953
797.925
793.284
795.072
799.765
796.084
791.649
789.334
792.356
797.120
798.665
781.963
783.322
790.079
787.960
785.909
789.728
792.107
792.163
785.088
784.014
781.349
784.051
782.883
783.259
787.228
782.355
783.389
791.068
796.041
784.386
789.666
786.379
785.486
794.877
797.371
790.864
793.087
795.595
798.658
795.861
797.552
792.048
789.176
793.983
784.017
788.693
781.816
788.382
785.636
787.641
784.244
784.860
788.759
791.481
780.101
782.924
786.361
785.983
779.788
783.649
788.330
792.115
791.978
795.011
798.952
793.191
793.601
783.685
791.083
792.346
791.361
787.015
786.704
789.740
792.293
794.869
793.411
788.753
793.714
791.720
788.914
795.558
793.789
800.698
792.691
800.548
796.293
798.248
805.444
808.479
803.158
804.931
804.213
805.326
808.506
797.861
790.744
799.101
794.170
798.496
804.594
805.162
803.442
799.756
798.816
803.185
809.805
805.464
802.086
803.388
802.931
803.522
800.520
800.896
801.091
796.293
795.074
792.355
791.895
801.939
798.333
805.393
801.612
800.601
801.900
799.428
795.755
789.571
784.966
793.506
792.855
798.776
795.061
797.673
797.124
798.190
798.778
802.623
801.954
799.959
790.146
784.970
784.399
793.740
796.873
801.345
789.011
790.969
787.175
784.115
789.281
791.391
790.067
793.819
790.874
795.443
793.588
798.697
805.926
803.975
805.001
811.025
810.776
815.430
804.963
801.492
804.480
809.687
798.217
802.363
804.567
799.538
789.714
798.065
806.152
818.528
811.254
815.698
807.784
806.256
807.214
810.817
808.580
811.630
811.556
802.281
806.386
811.845
807.864
806.021
803.170
805.082
798.489
802.115
794.866
800.710
800.458
805.080
812.982
807.660
810.391
810.254
797.430
799.182
808.270
806.898
802.425
802.359
797.895
800.965
799.802
800.194
798.891
791.555
786.125
788.639
793.102
791.730
784.598
791.777
781.055
778.724
783.249
786.640
790.162
792.523
789.976
788.264
784.773
783.693
789.631
795.654
797.785
794.467
785.636
796.318
794.434
785.348
768.428
779.970
774.338
786.106
783.769
786.419
781.740
787.813
782.072
784.822
780.314
784.163
785.460
784.486
792.329
793.986
786.006
783.520
786.995
786.696
778.786
780.002
766.433
773.628
772.272
785.080
789.144
792.263
792.134
784.831
785.530
786.801
788.591
786.038
779.789
773.027
782.582
783.547
783.419
780.643
780.842
776.931
776.611
776.738
776.089
779.685
777.308
778.691
770.638
767.738
766.124
768.329
774.936
775.950
768.277
777.131
780.529
779.826
782.663
785.974
789.394
786.242
789.588
790.154
793.805
800.223
797.905
796.470
797.434
795.076
798.670
795.464
792.834
790.954
791.248
787.216
783.350
798.452
794.027
797.139
801.454
794.577
798.410
797.823
803.779
798.206
795.210
794.335
797.697
796.220
794.406
792.265
793.094
797.497
800.515
804.278
797.289
793.278
795.887
792.979
796.488
796.748
792.582
804.095
807.349
803.342
804.748
793.411
801.549
801.716
800.716
802.697
798.239
802.166
804.030
807.107
800.966
804.299
811.555
801.992
803.410
796.647
789.509
798.906
800.813
798.839
798.185
800.527
805.906
807.374
804.379
804.277
803.023
799.704
791.129
792.304
784.326
781.138
789.673
792.277
791.443
786.551
785.754
789.004
795.149
795.193
800.899
793.421
791.087
791.785
786.797
787.284
789.650
788.611
785.595
791.831
787.506
789.473
790.237
789.698
788.566
789.404
793.956
792.787
801.324
796.924
797.494
800.047
808.500
802.656
796.528
794.060
797.676
801.518
799.429
803.940
801.829
804.875
801.475
792.751
796.732
795.280
794.276
795.690
790.193
796.163
792.050
789.798
792.945
796.221
802.176
790.607
796.566
798.003
794.730
790.838
784.604
790.380
786.131
784.584
784.125
791.716
788.720
792.978
788.327
786.141
789.264
788.515
787.526
779.130
780.922
787.289
783.970
790.790
788.666
788.340
779.591
781.223
777.898
781.912
783.991
780.748
772.795
771.674
776.302
772.458
764.025
763.087
759.000
759.323
764.723
770.396
763.724
765.454
767.193
773.702
780.331
777.002
774.128
774.532
771.059
775.009
774.746
773.268
778.491
782.620
791.280
801.476
803.169
801.263
799.537
800.952
802.196
791.880
791.049
795.552
793.737
796.489
790.334
780.414
775.810
768.560
761.516
768.152
769.346
772.060
770.163
777.784
774.304
773.729
779.101
777.054
772.485
774.053
773.680
779.682
772.843
768.027
779.730
780.670
779.136
786.545
786.324
788.314
791.066
792.385
782.846
780.445
781.742
779.769
772.658
776.917
779.418
787.125
775.734
777.178
778.927
789.675
790.994
789.576
784.005
783.576
783.489
784.902
791.312
790.654
786.038
781.948
778.310
786.192
795.856
792.643
796.477
798.118
801.539
801.662
804.452
798.095
792.966
795.504
791.444
787.554
779.154
780.641
786.150
790.659
789.028
787.286
794.097
800.154
799.462
795.516
796.250
800.123
800.044
800.243
796.054
801.721
803.089
807.436
803.782
795.642
791.107
793.408
790.095
796.346
800.180
802.688
800.194
801.981
795.544
800.315
805.718
808.441
804.040
800.847
797.342
797.225
796.445
805.312
804.062
800.078
799.139
802.710
802.527
796.373
803.415
815.352
802.545
800.170
801.840
812.859
813.810
805.613
812.061
814.532
806.424
801.325
805.208
797.434
794.925
800.883
797.260
794.429
791.661
792.927
795.719
798.953
808.228
807.417
798.896
808.998
813.608
826.635
821.933
818.677
814.421
809.383
815.884
812.141
812.870
809.157
807.033
816.848
803.929
811.599
805.028
804.264
813.638
810.998
814.556
811.108
804.708
794.860
795.183
802.753
800.197
802.303
811.180
811.235
809.654
812.891
814.597
802.739
802.422
799.979
798.385
798.970
800.056
801.633
798.964
794.749
800.774
791.863
793.989
793.915
785.270
786.909
787.957
790.202
797.919
794.783
810.255
801.612
799.266
805.305
798.928
797.578
800.904
799.639
809.286
807.430
796.784
791.715
795.120
790.100
793.772
789.864
791.393
786.654
783.047
781.138
781.153
785.276
785.674
791.472
795.420
793.819
787.858
783.754
780.826
782.265
777.490
777.423
778.516
780.918
788.932
787.134
791.242
792.016
795.569
798.067
796.736
799.056
801.183
802.610
804.709
804.468
808.237
814.921
813.069
801.823
805.704
803.711
806.398
794.043
803.104
799.118
804.608
812.427
814.684
804.414
800.252
800.762
803.198
798.799
796.987
796.292
794.950
802.300
807.436
805.048
800.194
802.605
801.991
803.869
799.161
795.891
797.268
793.641
795.600
797.224
797.409
799.744
802.135
799.021
795.988
794.578
789.100
795.685
793.337
784.278
781.771
774.807
778.299
770.766
775.009
776.368
779.110
785.804
788.251
782.844
783.057
782.329
784.754
786.408
787.602
787.688
786.203
787.677
785.545
776.901
786.751
793.576
792.842
793.967
799.569
798.256
796.187
795.058
801.735
804.273
802.551
804.393
797.257
803.262
805.179
798.780
787.047
786.347
792.781
790.494
789.142
797.236
798.471
794.923
801.412
799.721
813.182
810.394
812.592
812.613
818.432
814.883
813.687
815.121
816.305
812.007
804.326
807.648
809.649
815.777
806.695
809.238
808.474
811.907
806.994
816.934
813.085
814.593
821.057
813.707
813.369
810.102
809.762
801.106
801.310
801.508
799.812
800.993
805.056
802.003
806.240
806.783
808.205
803.037
799.806
799.759
799.579
801.556
799.512
801.719
803.591
799.971
792.448
797.147
804.437
803.276
816.720
804.422
802.467
803.334
795.094
797.174
799.923
797.417
794.412
795.780
795.132
791.854
795.598
800.586
798.819
795.081
799.883
801.384
802.852
803.083
801.419
803.898
800.606
805.682
808.294
801.822
795.785
794.667
796.980
801.976
798.497
792.412
784.906
782.731
782.098
783.225
796.080
792.414
799.833
799.923
799.381
795.273
803.568
804.347
811.754
813.136
806.999
803.133
804.023
808.473
810.997
812.250
810.477
803.068
811.335
816.922
820.524
825.670
814.121
806.446
803.522
808.564
815.434
814.819
822.806
819.687
816.520
816.012
815.965
819.352
815.184
813.443
815.447
818.614
814.233
812.293
812.513
817.274
821.473
815.617
816.173
818.279
816.101
812.295
814.739
826.916
822.429
815.836
820.049
815.737
812.182
818.421
821.374
822.369
817.753
820.545
821.391
808.863
806.264
802.505
814.768
820.320
815.090
814.928
815.763
824.706
823.816
823.349
817.325
815.482
806.718
799.531
804.177
796.042
789.542
783.586
791.305
790.635
795.336
805.740
813.795
807.087
815.417
811.611
812.031
805.941
818.121
814.262
807.763
813.871
805.877
795.137
806.379
810.933
804.678
807.829
805.649
816.039
814.639
805.893
808.946
808.221
808.262
812.928
813.012
811.141
811.735
812.053
823.864
820.924
823.431
828.671
828.338
829.543
822.915
825.563
831.636
822.438
818.453
820.548
828.347
821.718
820.192
815.938
819.850
818.931
809.962
816.488
813.891
819.522
811.891
807.028
803.242
801.172
801.726
797.296
802.992
810.783
814.198
813.971
820.066
808.058
810.725
806.683
803.591
806.235
810.690
811.966
811.982
811.257
803.532
806.630
801.991
807.439
811.581
808.174
807.452
819.202
816.373
817.126
821.839
817.776
815.266
823.220
821.399
819.421
817.786
811.941
813.942
816.868
812.441
807.427
806.899
807.705
798.235
808.087
809.742
816.898
818.517
828.476
836.820
829.275
836.229
830.910
835.615
837.151
832.194
821.262
831.577
829.298
829.526
828.418
828.341
819.828
827.684
831.972
833.118
833.638
823.705
819.262
813.466
808.939
809.189
801.530
814.754
821.188
817.098
813.185
816.279
817.632
819.201
809.860
806.895
811.947
812.071
811.772
821.069
824.409
816.416
812.987
815.102
810.874
817.855
816.250
812.900
815.885
821.311
816.671
818.026
817.493
809.574
801.836
811.193
816.236
811.444
814.101
819.341
824.220
823.687
824.377
830.058
831.331
836.425
828.016
814.006
820.325
814.995
824.140
827.304
826.932
830.674
824.163
821.172
825.722
827.359
830.658
827.579
832.438
828.543
835.457
825.338
823.928
822.556
823.514
825.523
826.774
825.176
832.086
830.036
829.397
828.872
822.308
826.538
815.194
806.771
804.683
805.796
816.108
814.372
822.446
829.084
815.729
824.234
828.015
835.795
840.966
851.084
854.261
849.910
856.373
858.781
851.173
844.798
850.366
844.646
842.837
836.952
834.545
829.192
832.887
835.166
831.931
834.659
831.947
826.955
825.167
830.240
828.580
824.202
820.791
826.197
819.021
821.842
828.028
830.496
822.815
828.727
835.339
829.751
827.446
824.689
828.606
825.026
829.257
819.983
819.317
825.940
824.924
830.018
827.332
834.538
837.282
840.554
839.319
831.883
827.756
828.735
831.251
829.728
829.177
831.003
831.907
828.586
828.616
833.713
826.920
824.102
828.848
823.717
826.753
824.648
823.744
815.628
812.980
818.477
815.424
815.860
824.503
823.490
824.008
823.006
828.493
821.715
822.681
822.830
814.322
819.514
822.152
816.985
825.209
822.048
821.677
821.683
825.259
821.643
825.297
824.189
820.729
824.429
827.049
825.876
821.309
822.981
821.402
818.648
818.323
814.694
804.570
809.185
825.353
822.625
822.878
826.973
819.495
819.021
820.650
824.492
822.268
827.472
825.765
827.362
823.791
818.411
827.824
828.856
832.749
829.938
834.749
842.520
854.310
854.961
849.153
851.121
847.454
848.254
848.016
847.543
847.195
837.029
843.605
836.877
839.848
838.602
832.098
839.010
851.754
842.558
852.886
861.738
857.828
870.912
864.186
848.147
850.819
855.979
858.811
854.584
855.073
847.485
853.433
844.258
842.052
838.858
829.999
831.507
830.347
830.626
825.849
833.618
820.235
832.417
829.183
819.282
831.709
828.973
819.157
818.392
827.140
818.971
821.420
820.135
812.755
821.801
813.660
813.562
813.463
819.099
811.025
810.983
807.691
812.098
814.560
815.496
815.100
816.241
820.888
815.249
812.726
809.734
811.421
814.443
816.843
814.398
813.518
816.553
820.439
826.174
824.598
822.628
828.347
831.099
822.423
825.854
829.190
836.158
833.406
829.020
828.484
829.698
832.011
830.375
838.190
831.601
828.606
830.775
825.125
816.412
816.937
813.036
802.268
807.733
799.006
797.334
798.555
805.409
802.679
802.636
809.804
811.636
807.247
808.497
807.195
803.739
800.541
804.215
803.825
804.744
796.353
798.085
805.663
798.334
798.220
795.653
798.394
802.955
807.262
811.910
802.662
809.219
812.648
815.739
810.641
809.627
811.412
805.007
812.833
812.646
809.582
811.138
817.650
819.744
824.809
818.366
809.797
808.721
802.072
804.513
803.303
800.579
809.682
808.050
800.844
803.196
803.028
803.312
808.259
807.296
809.485
804.591
809.330
799.661
810.078
806.155
805.527
813.293
810.730
809.931
801.568
806.196
814.006
810.816
809.900
810.316
816.091
809.617
808.741
807.777
803.493
805.239
805.922
813.006
817.498
821.860
819.136
817.840
823.947
823.090
826.526
815.927
812.994
818.886
814.115
814.460
811.527
811.132
810.346
810.389
811.104
812.598
812.412
806.774
809.930
809.895
812.672
813.534
818.381
816.367
820.555
815.883
815.926
815.303
806.877
805.004
798.733
792.207
789.650
790.595
784.593
790.954
791.355
796.841
796.603
797.081
805.461
809.760
810.497
808.003
808.981
801.822
793.480
797.089
787.685
794.228
801.570
801.314
790.806
790.079
792.243
789.531
792.780
803.575
814.378
815.336
815.766
804.907
801.494
800.011
800.558
803.865
787.762
801.291
800.811
808.239
805.839
804.619
799.255
799.135
802.140
801.014
797.421
788.370
789.582
796.717
799.559
802.883
807.775
809.446
798.659
801.407
799.732
802.339
803.325
795.846
789.114
789.421
790.463
788.015
783.542
774.550
779.809
785.147
791.426
790.014
790.784
786.854
796.037
793.472
797.999
803.244
807.986
808.803
808.595
806.680
807.563
808.096
802.717
805.862
802.572
802.848
808.533
819.910
818.493
816.740
815.380
812.397
814.187
814.549
810.860
807.660
805.019
798.326
804.918
805.499
805.219
814.620
804.009
810.559
819.532
809.122
807.149
809.445
817.603
816.275
823.086
818.872
817.296
813.872
805.576
814.174
815.063
823.706
823.440
827.851
827.667
831.517
828.916
823.302
823.372
820.584
824.912
820.263
822.004
815.570
823.954
811.556
812.300
804.995
813.704
819.750
820.015
821.202
811.594
806.427
800.594
794.174
796.205
796.434
800.247
805.028
801.236
798.596
794.356
798.220
802.086
803.761
799.737
797.087
799.062
798.084
804.421
803.196
812.380
808.153
799.147
800.010
799.576
805.062
798.250
797.115
799.666
795.203
790.191
789.005
787.648
790.402
794.107
797.824
801.161
794.168
801.588
800.067
799.847
793.292
798.458
798.727
798.465
803.840
813.235
804.460
805.492
807.630
807.404
807.460
810.132
809.473
814.387
803.293
812.131
805.406
801.836
803.115
807.572
805.465
795.906
792.948
797.432
807.146
791.847
790.954
793.967
797.044
801.813
804.424
793.962
793.319
785.163
793.380
790.878
791.748
797.621
795.504
793.944
795.344
804.284
807.232
802.565
806.231
807.526
812.375
809.407
810.379
807.567
805.103
808.037
804.170
801.734
806.672
808.208
808.022
805.687
804.359
796.834
804.239
805.888
801.948
802.607
799.920
809.771
815.467
809.337
814.110
808.098
808.326
816.595
816.074
813.106
812.370
815.474
822.740
821.206
814.987
816.270
810.011
816.034
813.598
810.811
808.204
804.428
802.525
808.120
798.487
799.075
810.587
813.370
813.306
806.290
809.432
809.481
814.288
811.084
802.133
798.562
797.950
798.233
787.391
787.987
782.808
771.741
776.404
783.613
784.595
778.744
788.162
781.948
790.590
794.686
797.335
805.901
799.142
803.451
802.460
807.839
806.101
807.425
800.060
795.923
800.387
798.593
805.689
811.869
813.242
817.808
816.121
807.234
809.335
810.679
800.319
796.687
797.484
801.803
801.542
800.809
805.668
803.735
801.577
810.923
813.609
810.388
809.574
809.797
806.598
800.840
805.437
806.584
811.126
809.014
804.138
806.319
805.332
810.212
808.665
807.531
808.079
806.724
805.590
799.244
795.873
811.100
805.065
792.363
792.214
792.204
794.528
802.719
791.369
796.439
801.854
795.771
802.075
812.055
803.965
805.058
797.642
805.113
809.156
806.493
812.414
800.232
798.882
790.119
785.778
785.216
779.294
774.130
777.004
776.760
786.456
785.329
790.191
782.760
782.440
786.741
784.182
788.514
793.203
798.242
789.484
784.836
777.397
780.079
769.356
767.245
762.350
767.434
774.149
775.828
773.657
770.384
768.530
771.374
775.190
769.553
773.991
774.868
773.549
778.414
777.349
771.939
769.115
776.950
777.382
779.309
784.784
787.454
793.006
790.946
796.743
802.692
800.064
800.371
798.945
802.732
803.013
798.588
793.321
792.095
793.174
795.478
792.853
798.787
791.244
786.938
791.861
791.444
791.789
798.335
796.348
799.281
809.744
802.230
813.555
808.870
802.237
803.669
803.574
802.681
810.286
805.527
807.012
805.096
800.441
804.332
810.559
812.300
803.112
805.524
803.676
806.529
808.989
808.459
807.729
807.220
804.797
801.359
805.326
800.761
791.606
792.050
790.414
780.350
789.008
785.978
782.648
775.955
784.831
776.551
774.460
775.663
787.151
796.246
804.054
804.592
800.799
799.805
807.241
805.766
800.127
798.490
809.296
805.421
799.488
799.169
800.927
795.220
796.517
796.984
801.015
802.566
800.394
801.362
804.546
808.253
809.490
817.060
812.075
813.217
806.972
804.071
803.309
800.188
801.138
790.717
790.431
786.459
788.313
794.725
796.774
798.809
804.921
794.099
794.428
797.727
786.778
780.129
789.376
793.409
789.869
791.972
799.246
801.728
806.898
806.768
808.111
808.849
805.841
813.272
813.529
814.825
812.913
810.065
818.453
826.302
820.956
824.744
814.680
818.234
804.136
808.984
805.413
811.762
810.921
808.675
813.990
809.190
805.075
795.221
796.015
797.955
796.143
801.234
792.847
797.409
801.223
802.503
805.545
799.523
796.126
788.180
785.201
783.616
788.880
794.478
789.937
794.079
791.243
800.498
799.115
802.032
804.952
802.458
804.682
812.450
810.897
807.010
813.903
804.873
802.089
805.489
808.275
804.385
797.766
795.351
801.749
798.449
800.545
799.479
789.694
786.243
793.313
793.754
795.616
796.165
799.233
795.800
792.419
795.296
794.468
792.685
796.113
796.412
796.699
796.998
792.236
796.943
806.894
807.398
806.884
810.114
805.323
798.089
802.567
803.528
805.248
810.385
805.107
802.647
802.262
804.022
801.832
805.243
801.678
800.887
798.939
807.145
798.002
804.080
804.398
802.516
807.302
822.805
821.712
827.888
829.445
834.779
830.873
827.373
817.934
819.320
809.125
808.403
803.140
804.089
805.463
796.066
790.760
792.346
795.718
800.524
808.884
808.680
812.926
811.725
805.528
805.439
800.219
800.934
800.127
804.058
800.513
808.631
804.924
805.332
803.045
797.120
798.041
789.503
788.076
789.084
791.452
791.743
787.599
786.748
784.812
788.510
785.891
789.940
792.073
797.249
795.335
791.872
788.654
783.596
787.767
787.284
788.520
788.917
788.740
787.091
792.322
788.525
790.599
790.748
789.903
786.574
787.668
787.794
797.290
799.175
802.558
796.193
786.717
784.134
789.350
792.330
800.502
793.850
796.143
795.454
790.290
794.486
792.263
787.771
787.290
787.350
790.542
793.694
795.959
791.030
793.439
795.780
785.210
793.712
795.478
785.041
787.329
790.656
800.560
808.877
803.482
812.373
809.099
815.093
818.066
813.343
799.661
803.535
806.207
806.111
810.080
809.708
802.770
796.747
792.283
798.779
802.400
809.271
801.450
799.407
804.890
810.534
807.650
798.810
805.359
805.519
808.643
800.920
800.029
791.936
792.823
786.296
783.715
789.525
789.143
791.527
789.141
780.927
788.389
782.318
787.986
791.223
788.442
787.004
787.872
785.846
792.955
794.866
797.682
795.222
788.079
794.263
796.867
800.654
802.371
801.019
796.420
783.283
784.216
784.784
791.484
786.919
785.554
787.363
786.294
787.444
779.467
784.087
783.036
791.307
795.524
786.904
784.386
786.968
785.922
779.907
780.920
784.525
786.252
789.748
805.319
794.119
802.828
798.248
790.713
789.481
786.665
786.653
795.611
794.691
795.864
793.629
798.188
790.958
791.174
798.286
801.558
804.684
797.277
789.399
787.083
792.572
789.686
792.151
784.102
777.054
773.613
775.979
779.108
782.589
784.888
785.069
785.670
787.387
788.299
799.176
789.745
785.336
787.361
782.371
787.190
785.831
780.806
783.548
781.749
786.077
789.475
793.454
789.477
795.077
787.382
786.272
786.434
785.393
787.833
781.137
781.390
784.338
786.440
783.190
787.224
779.802
783.746
786.169
786.348
781.005
777.373
779.325
787.951
797.168
794.885
793.297
794.788
797.238
793.960
792.700
793.747
803.477
805.307
787.643
784.378
785.278
782.319
793.312
783.800
792.063
787.166
780.391
781.671
783.538
781.151
790.003
788.746
784.212
787.869
787.881
788.556
789.256
793.802
792.024
797.903
795.828
789.798
791.554
787.486
791.372
790.361
784.969
782.531
786.256
773.407
780.659
775.782
781.747
776.966
787.753
791.737
790.490
791.400
782.437
784.275
788.402
788.045
790.841
798.374
800.932
796.346
793.296
795.917
802.972
795.626
800.757
800.210
796.547
804.549
809.147
809.154
802.959
800.367
796.948
795.933
799.269
798.554
802.210
795.454
800.947
799.935
797.185
796.768
800.530
793.867
793.174
792.016
791.695
788.457
791.497
796.853
794.753
788.470
788.833
804.580
809.069
805.420
803.598
801.807
797.972
794.061
799.019
809.969
811.219
808.061
801.843
803.865
800.967
797.724
799.624
801.600
809.684
800.884
804.264
800.959
804.381
811.342
811.283
811.818
810.022
808.141
810.577
807.835
818.719
819.060
815.196
813.891
805.950
807.052
809.134
815.610
806.953
803.344
793.363
801.672
795.128
791.978
785.991
790.067
793.508
790.862
792.752
789.879
794.955
784.181
790.857
793.834
791.828
795.781
797.809
798.829
798.869
801.101
796.615
802.866
811.725
805.597
808.206
806.772
809.119
805.503
810.138
811.212
811.498
811.579
811.146
809.349
797.722
800.872
808.602
804.908
804.431
799.137
796.307
795.554
795.716
789.411
792.073
791.527
793.191
791.396
788.794
802.645
801.083
805.275
792.114
804.188
802.958
797.681
798.506
799.676
803.848
800.475
795.083
801.843
800.997
806.701
807.220
812.791
812.274
800.513
800.051
800.429
790.436
798.806
799.419
796.568
807.719
794.569
788.727
789.905
800.229
800.967
800.662
799.914
798.191
807.173
801.193
799.465
805.017
798.326
804.709
803.883
800.521
792.558
800.032
810.196
807.299
807.862
807.656
805.051
799.434
809.531
818.404
821.555
825.437
816.883
813.317
813.496
815.207
809.393
819.301
806.702
810.984
824.212
813.911
816.267
823.451
822.055
828.711
829.652
827.698
832.788
822.631
823.739
830.261
833.248
842.075
834.923
827.601
825.128
824.834
830.351
833.644
835.921
831.868
823.195
824.133
834.372
833.768
835.805
835.842
835.380
834.054
831.967
838.067
840.579
831.091
823.651
823.293
825.819
821.206
829.002
828.091
823.805
829.618
825.875
822.021
827.791
823.076
817.572
825.072
822.014
818.738
811.267
814.267
827.070
831.799
840.117
833.838
831.142
828.458
827.754
840.112
831.524
833.761
838.653
832.078
840.306
839.045
836.754
841.228
839.076
840.586
833.255
829.779
835.552
831.147
