532.165
531.735
533.147
534.123
535.503
533.030
534.152
532.372
534.026
535.918
538.161
535.214
535.876
535.410
535.932
535.755
533.775
534.002
535.495
533.563
533.662
537.052
535.029
535.342
532.360
534.209
532.388
535.545
534.566
534.880
536.424
535.782
535.169
537.490
535.837
536.229
539.107
535.281
534.146
535.487
533.666
533.652
533.147
535.206
536.476
535.960
536.726
537.999
534.684
535.355
535.931
535.515
536.109
539.870
531.969
532.788
535.476
534.187
532.952
534.868
538.478
536.693
534.763
537.585
537.105
534.788
538.244
535.489
537.948
534.396
535.861
533.988
537.221
537.591
534.963
536.867
535.594
538.387
540.421
538.020
535.984
535.404
538.280
538.116
537.003
536.606
536.651
535.121
536.986
535.127
534.738
537.213
534.790
534.488
536.216
536.509
535.345
534.636
535.156
535.803
531.726
534.939
537.129
533.014
535.103
536.330
534.646
536.066
535.728
532.645
534.688
537.599
536.639
535.528
538.599
536.014
536.336
533.708
535.479
535.004
534.989
533.320
533.862
534.586
534.672
536.711
536.342
533.694
534.120
533.814
536.748
536.286
534.197
536.687
534.564
537.086
536.689
536.317
537.245
539.167
538.081
536.631
535.889
536.238
537.002
535.800
534.548
534.312
537.173
539.055
536.506
540.086
537.687
538.993
536.215
537.359
541.099
536.318
535.532
536.639
539.676
538.589
537.250
537.099
536.557
536.426
538.423
533.514
535.053
536.426
535.402
537.386
535.817
537.105
535.407
538.431
534.632
534.520
534.788
535.578
536.631
537.498
538.098
537.745
537.798
540.472
537.695
536.639
537.815
537.763
534.522
536.748
536.216
534.760
536.180
533.597
533.223
533.579
536.668
534.667
534.787
534.691
538.515
537.584
532.748
534.144
535.132
536.254
535.612
532.652
532.080
531.571
532.056
534.072
535.410
538.104
537.645
535.484
535.084
538.273
536.983
535.421
537.417
534.311
536.654
533.377
536.474
534.935
535.916
536.175
536.912
538.000
535.029
536.092
536.450
534.974
538.347
538.173
538.208
538.200
537.191
537.653
537.151
537.373
538.039
538.487
535.690
536.087
534.961
538.275
535.645
536.408
534.439
538.630
537.625
538.697
536.620
533.601
535.286
535.468
535.583
534.394
535.069
537.451
537.183
534.893
534.707
535.147
534.555
536.710
533.911
534.221
536.032
534.586
534.687
534.617
536.756
534.179
536.145
538.304
538.130
534.738
536.964
535.775
535.832
537.788
537.494
535.519
536.957
536.480
535.739
535.164
537.100
535.849
537.379
536.936
538.770
535.474
533.158
534.850
535.728
537.119
535.698
532.623
536.037
535.848
532.641
536.978
534.558
534.848
536.183
536.623
535.646
536.448
537.068
534.557
535.896
530.731
533.646
531.796
532.779
533.478
535.048
533.127
535.404
536.394
536.255
535.371
533.340
535.468
533.747
534.175
534.317
532.286
531.480
534.603
533.857
534.628
533.312
537.853
533.941
534.733
533.980
535.445
534.599
534.394
535.542
531.980
535.539
536.385
534.680
535.283
536.089
536.542
536.603
535.109
533.718
535.607
532.209
533.165
533.967
535.641
536.789
537.169
533.977
538.397
535.151
537.864
536.568
536.195
534.053
533.525
533.097
534.473
535.070
535.648
535.793
533.759
534.871
533.590
533.362
535.364
534.416
535.116
533.404
535.000
534.675
533.062
534.512
536.119
533.124
533.409
534.407
535.437
535.526
534.396
532.801
530.325
532.853
535.731
536.771
535.592
535.735
533.926
534.442
533.064
534.525
534.200
533.075
538.010
534.087
536.273
535.409
536.267
533.448
534.329
533.554
534.860
534.409
534.616
534.029
531.671
532.725
532.812
534.984
536.295
536.490
537.349
536.113
535.410
534.908
533.415
534.951
538.391
537.041
536.681
537.841
533.764
535.301
535.415
534.557
534.930
536.821
539.068
535.402
537.641
536.990
535.604
537.806
538.877
535.935
537.212
536.982
533.877
536.470
536.254
534.971
534.452
535.748
537.149
534.760
534.293
537.014
535.858
534.718
536.045
534.162
537.258
537.829
535.491
537.661
534.976
534.211
536.407
535.705
534.884
536.377
536.619
538.551
539.688
536.446
535.693
536.535
537.520
536.652
539.592
536.184
537.628
536.189
534.884
534.424
536.655
533.577
536.425
538.469
536.503
536.783
541.228
539.997
537.215
536.208
537.786
535.891
537.161
534.302
537.003
531.282
532.916
534.070
535.816
535.727
534.281
536.565
535.910
536.368
533.195
534.124
534.646
537.279
534.846
535.198
533.502
535.662
537.215
535.505
532.399
533.075
535.327
538.271
535.381
537.388
533.088
534.431
534.980
534.611
536.706
537.501
537.194
538.823
537.045
540.614
535.584
535.372
536.990
534.334
536.168
534.671
538.260
536.769
534.735
534.038
536.217
536.869
535.663
537.887
534.878
534.545
535.920
533.480
538.588
534.290
537.149
535.945
534.177
537.370
533.939
534.737
535.464
538.848
536.026
532.127
533.286
533.365
533.638
533.857
533.934
533.710
539.262
533.899
535.839
534.503
536.245
533.940
534.607
533.922
539.313
538.195
538.672
534.407
534.334
531.785
534.577
538.976
538.715
535.186
535.420
533.839
534.213
533.708
534.265
536.001
535.304
537.560
535.031
535.456
535.895
536.045
536.606
535.388
535.824
535.493
534.148
534.554
537.722
535.417
536.479
537.915
538.868
535.818
537.876
538.182
535.829
534.934
533.142
535.305
535.832
533.671
535.251
537.158
534.873
534.282
538.160
537.306
536.470
535.583
536.582
535.096
534.099
534.490
536.830
535.556
536.011
535.954
537.351
535.967
536.790
535.871
535.316
536.643
536.629
535.050
537.051
536.007
536.725
533.820
535.612
538.496
535.309
534.704
535.475
535.885
536.133
533.150
535.892
536.258
535.105
534.127
534.596
534.305
532.761
534.891
531.931
536.241
536.135
533.640
532.953
531.355
532.292
536.947
535.896
534.470
537.122
538.538
533.230
534.103
534.439
533.967
532.897
534.195
532.825
534.471
535.309
536.960
537.029
534.679
534.754
532.833
535.506
534.220
532.352
533.438
535.469
532.376
535.332
532.528
532.059
534.819
534.829
534.009
532.466
532.290
532.017
533.219
534.451
536.130
535.864
537.226
536.786
534.296
534.622
533.068
534.701
533.134
533.251
533.963
534.521
534.674
533.396
532.171
534.272
532.047
535.914
535.322
536.859
536.342
535.339
535.973
534.376
536.514
536.703
533.880
534.003
535.611
535.311
533.603
533.760
532.564
532.796
533.562
534.200
534.621
532.976
534.385
536.922
532.612
531.763
533.009
536.121
536.441
536.384
536.415
536.491
534.735
534.952
535.142
534.762
535.661
534.763
533.091
537.426
534.725
536.521
538.544
535.624
535.051
533.142
534.739
535.554
536.871
536.540
536.574
536.081
536.723
533.481
532.775
532.539
537.654
534.162
541.034
539.292
535.770
538.347
534.982
537.080
538.046
539.156
534.921
536.957
534.837
538.593
534.237
534.810
535.244
534.069
535.526
535.046
536.359
534.083
535.506
535.768
533.979
535.945
536.962
536.842
537.859
536.018
534.429
535.969
536.659
536.988
534.569
534.647
534.780
537.204
536.869
532.658
534.229
536.736
533.841
535.760
535.317
536.025
534.087
534.588
536.023
537.180
537.477
536.470
536.028
539.074
538.674
539.130
537.865
532.843
537.980
535.882
534.282
534.410
535.797
535.143
535.367
536.418
534.409
537.570
535.585
535.592
535.556
536.694
534.170
533.670
535.618
538.068
535.523
534.086
540.480
537.637
537.121
536.347
535.207
538.877
537.634
536.727
536.973
536.327
535.742
539.246
539.395
536.965
538.559
538.688
536.717
539.645
537.595
535.434
537.455
536.223
535.068
538.889
536.981
535.965
538.176
536.030
538.145
537.376
534.850
533.307
536.642
536.392
535.354
538.930
534.214
536.216
537.704
534.373
536.359
532.692
534.032
530.610
534.355
534.633
535.560
533.095
533.624
532.755
534.089
536.410
536.804
537.248
536.624
532.554
536.931
532.574
532.974
535.162
534.301
534.515
537.899
535.457
533.231
535.221
537.726
536.599
536.091
537.086
534.090
532.767
534.979
536.489
536.157
536.394
536.800
535.176
537.786
535.017
534.074
537.375
534.200
535.014
532.299
535.325
535.954
535.421
536.149
532.820
532.326
534.609
533.447
533.033
536.070
538.129
536.721
534.924
538.442
536.918
536.438
536.203
537.451
534.620
532.227
533.509
534.439
535.402
535.038
534.593
535.319
537.688
536.443
534.987
535.420
537.434
537.340
537.671
538.311
536.149
537.155
539.517
537.429
539.882
538.724
536.288
537.070
537.557
539.700
543.117
540.610
539.707
535.813
538.199
540.082
538.467
537.284
535.326
535.032
537.799
539.662
539.358
540.896
538.692
538.909
540.961
538.415
539.943
540.194
539.336
538.806
540.535
539.796
538.702
540.189
540.809
540.943
539.646
539.414
542.137
541.193
538.550
540.903
542.264
539.994
540.894
540.699
540.332
538.118
541.446
540.743
541.574
541.233
539.468
541.764
541.489
543.922
540.133
540.855
541.547
542.714
541.811
539.770
542.053
542.663
543.884
541.899
543.531
546.523
545.414
544.989
544.690
542.034
543.919
544.695
541.212
543.294
543.379
541.467
544.196
545.967
543.004
542.355
544.808
544.162
544.131
542.141
543.602
543.104
542.674
543.583
543.978
542.047
541.448
544.550
543.538
543.935
546.493
547.806
546.067
546.055
541.861
542.930
546.456
546.540
543.378
544.785
546.490
544.337
545.014
543.732
547.382
544.740
544.115
542.563
540.993
541.729
545.214
544.621
545.111
545.378
546.256
546.411
546.335
544.850
545.676
544.922
546.261
544.273
544.513
545.932
543.771
547.120
542.883
541.954
544.518
541.868
545.510
544.871
543.080
542.680
543.252
545.722
543.920
542.658
542.558
542.139
547.186
545.815
544.154
545.154
547.910
544.368
545.562
545.359
542.375
545.758
543.434
546.085
542.775
543.655
542.642
542.980
543.877
544.954
545.534
543.833
543.548
544.811
544.256
546.685
543.359
542.561
544.806
543.366
546.452
543.842
545.083
544.646
542.618
543.742
545.439
543.001
545.767
544.590
545.113
544.561
546.241
546.528
545.348
545.427
544.108
541.685
545.208
545.795
544.479
544.471
546.941
543.919
542.306
541.213
543.951
545.797
545.509
545.111
547.582
546.604
546.946
544.775
543.273
543.053
543.521
544.457
549.257
548.345
547.526
545.480
542.890
545.071
544.843
542.631
544.292
546.799
547.190
543.813
542.102
545.947
542.045
540.466
539.963
540.353
539.282
544.052
544.222
544.121
543.772
544.188
546.909
543.471
545.292
545.268
542.051
541.859
539.929
540.082
541.150
539.746
542.700
541.912
541.984
544.374
540.646
538.334
542.192
544.209
543.149
542.088
541.170
543.223
543.234
542.969
542.212
540.927
539.169
540.104
541.004
539.483
540.657
542.433
541.657
539.863
540.899
542.683
543.276
543.630
538.308
536.743
541.350
540.392
541.025
539.902
537.136
537.782
538.053
540.559
540.818
542.315
543.035
540.082
538.470
538.563
540.615
539.608
541.139
540.588
537.911
541.658
541.919
541.294
541.391
540.831
539.922
538.437
539.790
540.997
539.152
539.668
537.915
538.874
536.564
538.669
537.119
539.710
541.022
540.361
541.785
543.287
539.796
542.183
539.758
540.451
541.650
539.214
538.267
537.994
536.903
538.808
541.277
540.051
539.888
540.216
543.910
540.587
542.600
543.368
542.408
542.226
541.467
544.749
543.689
540.622
540.947
538.982
541.638
539.005
537.968
541.277
544.966
540.175
540.788
541.547
543.911
541.159
541.617
541.733
539.630
540.735
540.646
540.245
540.854
541.207
540.250
540.308
537.615
537.845
537.853
536.260
536.442
540.145
542.159
542.534
541.957
541.318
539.372
540.189
540.360
539.784
540.549
538.617
538.677
540.274
538.915
539.676
542.692
540.354
539.731
537.436
536.889
540.165
539.096
539.986
542.250
541.330
541.467
540.485
537.815
539.485
537.155
538.319
537.481
538.723
539.968
538.791
538.002
540.756
539.756
537.110
538.088
538.325
539.375
538.019
539.577
541.453
543.144
541.789
539.126
538.997
541.520
540.481
539.342
541.801
540.297
539.418
541.894
542.167
540.189
542.666
538.546
541.386
543.369
540.070
539.317
541.493
542.194
540.187
543.933
544.331
543.127
542.927
542.808
540.909
540.149
538.845
541.509
541.485
541.357
538.702
539.835
539.167
537.857
538.384
539.240
538.034
540.105
540.759
538.493
541.430
538.978
540.875
541.944
541.060
540.475
541.269
541.185
541.832
539.911
540.822
540.330
540.825
538.791
539.448
538.802
539.987
539.943
541.402
539.840
539.273
538.289
539.578
538.153
540.141
539.392
540.696
537.488
540.914
542.118
541.538
543.028
540.550
541.603
541.014
543.714
541.591
540.511
541.360
539.944
543.050
541.009
543.521
540.599
538.692
538.674
540.981
539.210
542.047
537.936
539.351
537.759
540.237
539.375
536.775
537.711
539.117
538.604
538.174
539.912
538.629
538.795
538.308
541.065
539.938
539.612
538.175
540.250
539.713
538.643
539.581
541.341
540.652
540.124
538.105
540.189
540.373
538.401
539.496
540.847
540.689
539.414
539.092
538.809
542.852
537.433
541.149
540.568
537.949
538.468
537.945
536.681
538.862
540.733
541.612
536.791
539.506
537.381
537.929
541.544
538.824
540.410
540.242
536.889
540.370
541.946
539.555
538.203
537.283
539.664
538.903
539.267
539.770
538.810
537.615
536.713
539.383
541.160
538.543
538.464
541.310
540.835
539.481
538.939
538.142
540.442
541.030
540.106
538.189
541.269
539.750
539.563
542.084
539.315
540.179
540.175
536.448
538.211
539.705
539.260
538.744
539.803
538.468
539.045
541.835
541.143
539.057
538.997
539.311
542.468
539.871
534.544
536.376
539.583
538.311
535.455
539.947
539.613
540.155
541.271
540.468
542.257
539.967
539.060
541.366
539.948
541.659
541.337
540.637
540.440
540.607
538.037
539.743
536.887
539.273
539.106
538.911
538.747
540.571
537.270
540.223
539.689
539.274
538.789
542.393
540.368
542.807
540.547
540.251
542.403
542.204
541.428
543.227
542.585
542.950
543.283
543.637
538.505
541.317
538.551
542.255
541.056
543.206
542.455
540.728
540.475
541.242
541.387
541.434
540.637
543.628
541.252
540.022
538.895
537.227
539.688
541.481
539.347
540.357
542.950
545.248
542.353
540.051
539.236
540.672
541.050
542.450
538.469
541.932
540.182
541.039
541.263
541.059
540.097
539.643
540.426
539.070
540.999
540.169
541.538
539.799
540.651
541.749
541.658
542.054
540.748
536.800
539.126
537.417
538.324
539.539
540.804
540.412
537.126
538.901
537.830
539.217
539.465
538.037
540.932
541.665
536.973
537.663
539.120
540.122
538.985
540.895
542.117
540.863
540.136
541.340
540.174
541.117
537.138
539.223
539.134
539.090
541.288
539.272
538.644
539.822
540.099
539.888
540.103
538.548
539.229
538.564
540.688
537.474
540.198
539.757
537.857
537.525
540.354
538.958
538.373
542.278
541.621
540.222
544.625
540.745
538.685
542.503
539.919
540.839
543.797
542.307
542.832
541.062
539.704
542.624
543.988
536.629
539.246
538.704
537.420
541.586
541.191
541.001
541.580
539.925
536.893
540.737
538.389
541.582
541.441
540.100
540.247
540.618
541.733
540.878
542.090
537.759
538.860
537.705
540.881
537.659
539.549
539.253
540.943
540.317
538.931
538.909
538.936
538.657
542.256
540.978
538.255
539.150
540.556
538.525
539.891
541.495
541.501
541.798
538.388
540.481
539.088
539.087
537.856
540.727
537.758
538.704
539.958
539.825
538.096
539.485
537.341
541.985
540.284
539.698
539.727
543.186
539.004
538.901
539.251
538.584
538.171
539.555
539.144
540.634
540.866
538.069
539.781
540.793
538.709
538.633
539.593
539.432
541.522
540.088
537.958
539.729
540.254
538.321
539.618
536.783
537.520
536.005
538.337
541.733
539.314
539.127
535.871
538.158
536.812
539.842
539.167
536.298
538.252
537.020
536.289
539.894
540.535
540.778
541.368
538.720
540.469
538.660
537.102
537.130
538.701
536.313
538.162
537.563
538.032
536.827
536.379
540.391
538.817
540.585
537.757
536.933
537.549
537.225
537.177
535.775
536.579
536.126
536.645
538.310
535.791
534.091
538.813
536.884
535.182
535.420
536.551
536.478
535.561
539.420
538.433
539.916
537.039
537.484
538.775
536.455
538.092
536.439
536.639
537.274
537.158
538.133
540.205
539.732
539.323
539.082
538.341
540.834
540.139
539.521
537.793
540.657
539.854
539.131
539.529
537.824
537.553
536.941
535.748
538.651
538.178
538.223
539.340
540.583
540.739
539.595
541.986
539.601
538.926
540.248
539.727
538.977
539.307
539.881
541.349
538.605
538.684
537.239
535.603
537.685
537.832
538.182
536.855
536.180
537.992
537.963
536.475
537.458
537.884
537.744
535.305
537.904
539.659
539.248
535.175
537.522
538.890
539.854
538.054
540.685
541.513
539.069
542.066
541.718
541.972
539.915
539.239
538.500
538.775
538.742
539.654
540.479
545.671
542.083
541.915
539.648
536.406
539.621
538.093
538.865
538.214
540.596
537.232
539.040
536.334
537.430
540.505
539.141
540.306
541.314
538.677
537.402
539.275
537.183
538.132
538.809
540.196
540.363
538.029
537.275
537.962
538.646
540.018
539.547
541.500
541.329
541.816
538.655
540.213
538.198
539.112
540.068
539.715
535.825
540.662
539.573
537.339
541.381
537.174
539.950
540.705
540.812
540.144
539.768
538.416
539.665
537.409
539.607
538.475
537.969
540.118
537.868
541.152
541.140
540.514
540.710
537.643
537.319
538.281
537.218
535.128
535.738
537.543
536.006
538.510
537.119
536.665
535.820
535.291
537.921
538.606
537.540
537.461
538.666
536.365
537.026
535.109
535.130
537.912
539.651
537.823
535.897
534.764
537.289
537.756
536.353
537.016
537.113
537.289
536.439
535.961
539.711
538.287
537.375
539.415
537.364
534.832
536.240
534.691
535.719
538.407
540.034
540.634
539.304
539.627
535.432
539.572
536.516
537.608
538.035
534.800
538.121
536.490
536.544
535.395
534.889
536.245
537.426
538.268
536.337
536.986
533.544
535.410
536.601
536.358
539.700
537.877
538.606
536.049
535.272
534.404
535.228
535.702
535.078
533.250
535.222
536.679
536.399
535.000
538.090
536.631
536.259
537.665
535.183
534.797
534.573
534.763
534.144
535.958
535.221
537.323
535.867
537.457
535.521
535.907
537.072
536.539
535.111
535.923
534.832
531.646
536.532
538.441
538.907
537.628
535.313
536.904
537.025
532.741
534.296
537.182
537.209
537.633
539.169
537.949
537.596
539.980
538.413
536.143
540.477
540.701
539.623
537.863
535.914
534.311
538.231
541.016
539.258
542.034
537.654
535.161
534.937
537.586
536.592
539.273
536.340
537.949
538.620
536.916
536.655
536.362
536.231
538.987
540.241
538.612
535.880
537.243
535.375
539.179
537.888
538.067
539.155
537.084
537.646
534.511
536.477
536.691
539.732
539.670
538.620
539.349
538.998
540.805
539.511
540.267
539.630
537.821
540.153
538.512
536.505
535.173
537.277
534.288
535.066
536.881
538.336
537.778
537.277
538.994
537.306
537.972
538.725
537.996
537.720
534.896
536.798
535.265
537.148
539.042
539.035
538.439
539.235
535.652
536.561
536.075
538.671
538.392
539.040
542.985
541.969
543.984
540.010
539.344
537.428
538.204
539.715
536.571
539.449
536.980
538.807
538.629
541.629
539.378
539.258
539.216
539.603
539.893
540.307
542.225
538.002
538.986
538.467
539.806
538.305
537.876
539.965
539.788
539.118
535.804
537.170
536.905
536.461
535.449
536.461
537.561
538.017
536.690
538.022
537.727
539.597
540.974
537.121
535.018
535.255
535.443
536.316
538.360
535.338
536.390
537.980
534.486
538.503
537.770
537.089
539.966
537.814
536.072
535.011
537.439
536.474
541.108
538.026
538.180
536.531
535.908
536.230
537.864
535.303
536.991
535.802
535.566
533.352
534.107
536.937
534.410
537.531
534.804
536.919
536.359
537.579
540.541
539.613
537.439
536.933
536.012
538.343
534.682
537.343
537.308
535.680
536.022
537.953
539.259
538.102
536.969
536.517
537.727
536.631
538.728
538.560
537.377
536.669
537.428
536.575
536.742
538.412
536.714
539.429
538.673
536.943
537.895
535.998
535.001
533.946
535.152
536.555
532.554
538.896
535.457
535.977
538.192
537.355
536.153
536.581
537.183
535.762
536.344
535.708
533.888
537.767
537.005
536.366
535.094
535.841
535.381
534.087
536.157
534.365
534.245
534.371
537.445
534.583
537.372
539.371
536.263
534.903
536.317
534.555
534.068
534.590
532.767
535.594
536.995
537.550
537.052
535.071
536.459
534.053
533.763
538.301
540.199
540.388
538.592
535.400
537.221
536.957
536.875
537.358
535.656
535.344
534.721
534.470
534.709
534.726
534.827
536.897
532.869
536.563
535.428
535.981
533.494
533.532
534.550
536.732
535.395
536.211
534.580
537.835
535.294
535.194
535.144
534.361
538.607
536.387
537.876
533.801
535.038
534.706
533.080
534.757
531.402
533.147
537.016
536.439
535.311
535.425
537.158
539.470
536.899
533.560
537.171
535.413
538.143
537.815
537.863
540.669
541.891
538.621
538.295
536.187
537.772
538.350
537.625
538.508
538.247
539.614
537.429
537.453
539.040
538.920
537.677
535.308
535.222
537.599
535.914
536.788
536.803
537.328
537.717
537.159
539.164
537.477
535.971
540.195
537.200
535.623
538.504
538.558
539.415
536.312
534.957
539.485
541.026
539.196
538.411
536.475
538.359
539.534
538.952
539.544
541.983
540.945
540.437
542.715
538.850
540.564
537.608
540.645
544.176
542.002
539.787
538.607
540.833
540.978
541.357
539.042
539.605
538.752
540.163
541.515
540.142
541.192
539.193
539.718
539.161
538.534
540.253
537.869
540.419
541.362
539.669
543.339
541.733
541.530
540.583
544.518
543.187
541.164
544.250
542.603
543.079
545.024
540.542
539.356
537.316
539.188
538.320
538.874
540.266
539.813
539.556
539.375
540.230
540.303
540.932
540.919
538.874
540.431
539.214
537.708
537.423
538.051
538.133
538.944
537.798
541.011
538.959
538.125
539.397
540.514
542.843
537.775
539.711
541.548
539.276
537.929
541.180
539.092
538.786
537.952
538.288
537.531
539.323
540.176
540.308
541.637
540.677
542.556
541.540
542.137
541.991
540.107
543.055
541.660
542.666
541.940
540.651
542.721
538.240
539.846
538.929
540.366
541.924
540.451
541.938
541.577
543.361
543.011
543.979
543.533
544.188
543.906
541.784
542.192
543.883
545.347
543.966
541.949
543.258
539.595
539.767
540.468
540.440
540.700
540.897
542.959
541.720
543.591
542.399
541.754
542.891
541.295
540.350
540.113
539.296
541.875
539.904
540.428
540.559
539.556
541.583
540.503
537.834
538.118
539.402
539.988
540.907
540.012
539.805
537.882
537.868
540.293
538.168
540.384
539.250
543.366
541.686
539.335
540.171
540.600
540.389
544.401
544.520
542.025
542.576
542.743
541.828
543.875
542.434
540.516
537.752
538.041
538.704
541.714
540.393
538.737
539.054
539.050
542.311
542.493
540.317
541.781
538.407
539.821
540.789
543.337
540.337
540.821
543.816
539.724
541.271
542.983
539.517
544.026
542.571
541.189
538.336
540.486
541.609
539.617
542.294
540.658
541.863
540.589
540.563
540.304
541.284
540.562
542.493
542.572
539.748
539.838
539.368
543.345
538.618
538.810
539.058
538.382
540.040
538.989
537.547
542.267
539.055
539.216
539.486
542.492
539.567
541.398
541.296
539.299
538.993
540.773
538.963
537.917
537.838
536.464
538.239
540.505
539.409
537.614
540.617
539.019
541.078
537.255
538.763
541.355
542.148
542.177
539.781
538.815
541.457
538.029
540.280
539.946
536.898
539.792
539.135
541.289
539.887
539.316
539.675
538.428
541.193
537.691
539.635
538.729
538.369
542.059
543.235
539.219
537.949
539.862
537.335
540.934
538.333
539.893
539.926
542.431
542.443
538.442
540.044
541.638
538.417
541.262
542.061
541.022
537.468
539.347
538.225
539.876
538.705
537.874
540.387
541.925
540.603
539.297
540.260
538.250
539.719
540.339
541.631
542.225
541.246
540.273
539.184
537.520
538.682
538.327
538.284
537.708
538.480
536.978
539.197
538.343
537.457
536.587
537.091
537.258
535.488
539.035
540.592
539.334
539.938
538.900
540.075
537.004
538.917
538.149
535.548
535.059
535.965
538.333
535.449
537.017
537.240
537.555
536.836
535.634
538.282
540.571
540.046
535.528
537.304
537.593
537.671
536.934
536.334
536.741
535.564
534.208
537.152
535.182
538.516
539.863
538.350
537.039
537.846
537.603
538.235
538.461
539.669
536.429
539.887
541.099
539.572
542.867
541.203
538.252
540.979
539.862
539.437
540.557
538.538
540.010
538.943
539.061
541.151
540.176
540.120
540.010
539.815
539.413
538.390
538.484
540.733
538.930
537.717
537.909
537.076
538.194
538.218
537.768
539.030
538.357
539.238
539.224
541.376
539.443
538.117
540.255
539.095
538.860
537.395
537.660
535.930
535.992
534.551
536.084
538.233
540.053
541.000
538.655
538.105
538.871
537.934
536.805
537.501
533.360
540.000
537.642
539.170
539.817
537.328
537.518
540.600
541.122
539.901
540.702
538.671
540.892
541.905
538.864
540.141
538.736
538.336
540.372
540.391
541.003
538.277
542.056
541.261
538.098
540.715
539.876
537.129
537.263
534.612
534.430
536.711
535.427
535.466
538.169
538.730
536.376
536.661
538.556
536.790
535.070
537.179
537.153
538.590
539.652
539.452
537.784
540.142
541.087
539.027
536.924
537.936
538.769
538.703
538.634
537.902
536.736
537.536
537.121
538.315
535.938
539.458
536.726
537.822
538.482
539.486
536.056
539.954
538.333
538.950
538.728
540.002
536.258
536.261
536.726
537.478
537.382
535.232
536.485
538.160
537.695
535.270
539.212
537.766
536.069
540.384
539.112
538.190
535.461
537.067
536.132
536.006
538.310
538.798
539.092
536.183
537.591
538.966
537.122
540.069
539.840
538.173
539.048
538.613
538.078
540.893
537.295
540.107
537.083
537.800
538.886
540.776
537.776
539.480
540.059
541.882
538.731
539.107
538.428
539.353
539.409
536.477
537.925
539.279
538.049
539.643
539.111
538.383
538.483
538.118
538.890
537.847
539.589
541.447
539.700
539.835
538.654
537.282
539.690
542.053
539.456
540.850
541.371
539.561
538.764
541.176
539.404
541.348
541.481
539.790
541.126
540.165
539.175
540.856
544.602
541.356
541.847
539.483
540.877
540.794
539.715
538.887
538.666
543.633
541.139
540.991
541.262
538.727
539.769
539.691
540.090
536.518
533.999
537.297
541.917
540.439
541.260
539.626
538.675
537.756
542.281
538.866
538.646
538.705
537.449
538.510
538.000
541.075
538.730
539.021
540.540
541.166
541.151
543.168
539.924
540.027
539.459
539.821
538.587
540.501
539.741
537.149
538.096
538.541
539.543
539.751
539.036
536.580
538.733
538.236
539.831
539.297
540.780
540.048
537.709
538.091
539.095
538.524
537.874
538.221
541.245
542.436
538.020
539.205
537.291
536.319
539.282
537.245
539.899
540.880
540.692
543.210
541.208
538.367
540.715
536.364
536.893
537.840
538.942
538.389
541.902
539.483
537.643
540.428
540.382
538.932
539.279
535.489
536.581
538.373
538.247
537.727
541.149
540.532
542.122
542.031
540.660
539.697
541.322
541.494
541.755
540.167
539.292
538.631
541.696
538.239
540.961
541.336
539.240
542.521
538.477
543.919
541.050
543.654
539.620
539.036
541.465
541.815
541.850
540.708
540.910
537.527
542.268
540.496
538.866
539.090
540.235
539.453
539.379
541.609
540.317
542.239
540.504
540.800
541.097
541.952
541.910
541.692
541.416
542.145
543.094
540.602
542.392
541.040
539.949
540.370
541.271
539.801
537.712
541.132
537.413
538.325
540.665
536.460
536.925
537.279
538.866
542.012
539.448
537.162
539.614
540.355
538.926
542.094
541.054
537.908
541.799
539.813
542.473
539.128
540.043
540.600
538.277
540.732
543.095
539.175
539.389
539.586
537.370
537.403
539.531
540.283
541.908
543.085
542.190
541.231
540.627
542.185
542.007
542.695
541.241
541.354
541.529
541.843
542.522
543.477
543.921
539.135
543.309
543.382
541.053
541.924
544.187
541.658
541.804
540.652
545.006
540.449
542.712
541.293
542.757
539.048
540.648
542.724
541.302
539.428
540.698
539.688
537.831
540.740
539.625
541.011
543.599
541.275
542.396
540.811
543.058
540.971
541.640
540.745
542.719
541.156
542.363
541.418
542.588
541.080
540.053
541.339
541.943
540.842
544.433
546.797
540.876
544.068
541.295
541.997
542.007
541.178
539.685
541.005
541.859
539.649
542.903
539.878
539.772
539.251
540.726
537.279
540.317
536.679
541.397
543.727
540.416
542.733
540.088
541.412
542.258
541.819
545.166
542.018
543.104
544.002
544.325
540.045
543.673
539.794
540.675
538.902
540.060
542.395
542.387
544.864
539.973
544.709
541.184
546.126
542.011
545.191
543.724
541.307
542.998
544.078
540.510
543.603
543.696
544.047
540.671
540.298
541.573
541.023
542.837
540.851
543.470
543.784
543.408
544.389
543.237
543.464
542.209
544.480
545.349
543.697
543.420
545.850
543.660
542.313
545.461
544.586
544.140
543.967
541.929
543.348
540.423
544.862
544.481
545.669
543.378
544.505
543.178
543.945
545.345
541.576
541.304
541.648
543.249
540.904
543.460
544.858
545.605
541.479
541.597
541.293
541.947
544.046
540.350
543.794
542.820
543.479
543.429
545.427
542.860
545.459
543.631
543.055
542.286
543.952
542.070
542.849
543.270
541.269
544.660
542.532
542.160
540.166
541.884
542.475
542.798
540.414
543.430
544.120
542.097
543.855
541.992
542.665
543.943
543.449
540.087
541.717
543.990
541.531
542.582
542.748
541.347
544.796
544.081
541.551
541.364
542.822
542.142
543.255
542.263
542.817
542.594
539.215
542.243
541.144
543.788
543.303
542.283
541.717
541.838
541.263
543.930
543.152
541.113
544.640
543.282
543.998
542.455
541.508
542.430
543.279
546.122
540.338
541.277
541.329
543.156
542.427
542.544
544.870
542.065
543.118
541.319
541.057
542.300
540.111
541.467
540.021
542.014
540.440
539.178
540.969
540.342
543.363
544.626
540.751
541.046
541.893
541.388
540.093
541.326
538.923
540.892
538.695
539.316
539.472
539.604
541.353
540.702
541.915
542.618
543.346
542.937
542.546
539.868
541.173
535.985
540.818
541.838
541.746
538.852
538.534
540.774
537.629
538.752
539.591
538.824
535.748
538.992
540.677
541.101
540.927
540.984
539.589
539.184
539.308
540.900
539.350
539.258
538.477
536.223
539.841
542.310
537.792
539.406
540.864
538.292
537.876
536.866
537.916
536.246
538.334
539.751
538.419
540.273
539.802
535.734
537.142
540.160
540.952
540.767
539.890
539.241
538.131
541.093
539.993
537.337
535.759
534.914
537.386
539.256
539.820
539.712
538.521
540.150
536.671
539.537
540.559
538.492
539.381
537.508
540.220
538.106
538.943
537.968
536.597
536.540
534.605
537.978
541.858
538.588
541.018
542.188
539.548
539.213
537.983
534.816
536.909
536.318
536.924
538.062
536.775
536.068
539.350
537.401
534.766
536.447
538.365
536.700
540.710
537.193
537.407
535.370
535.735
535.917
539.250
539.725
542.367
539.310
537.088
537.808
535.869
539.808
540.606
536.213
537.049
540.341
542.276
539.775
539.348
538.983
536.575
537.709
537.464
536.088
537.235
538.481
538.713
539.540
537.706
539.854
537.326
538.737
536.322
537.150
536.096
537.787
537.668
536.060
539.584
538.543
539.234
539.377
536.679
535.074
539.214
539.656
536.875
536.264
534.806
536.680
535.837
537.694
537.992
538.296
536.833
536.728
536.373
539.165
537.011
536.884
537.736
534.576
535.702
536.013
537.181
536.600
536.994
539.761
537.793
536.665
537.546
536.798
538.743
537.687
533.969
539.024
539.471
537.042
536.008
536.367
536.933
539.478
537.736
538.857
539.186
538.432
540.127
534.859
536.650
537.042
541.533
538.371
537.946
540.610
538.172
541.608
539.278
538.811
541.023
542.189
539.753
540.221
541.584
540.263
540.821
539.375
541.206
539.644
538.065
539.808
542.226
543.329
540.400
542.175
540.487
541.804
541.854
542.277
537.941
539.991
537.627
541.810
543.013
540.788
541.419
544.671
543.704
540.209
539.691
541.104
542.803
541.504
541.537
540.448
540.807
541.175
542.971
543.388
541.245
541.225
542.424
541.961
544.066
543.171
543.382
543.041
540.835
541.863
545.914
543.676
546.562
544.722
544.281
542.859
543.700
542.649
542.491
541.974
545.075
543.758
543.222
543.772
541.974
543.392
545.519
543.511
543.612
544.559
544.124
544.268
543.617
544.856
544.080
545.361
543.925
542.424
542.024
542.631
543.447
543.627
544.119
542.804
542.601
543.565
543.478
542.703
543.061
545.817
543.508
543.357
545.802
544.967
544.202
544.565
544.205
547.057
547.437
547.107
546.170
545.370
546.794
546.626
545.888
548.147
544.699
545.352
545.682
545.994
546.859
542.847
545.118
546.559
547.058
545.897
545.994
543.119
544.827
543.208
542.477
542.781
544.522
546.274
544.074
545.399
544.472
546.078
548.080
544.088
546.185
549.051
545.286
546.272
547.156
545.976
543.589
546.361
543.850
539.999
540.938
541.095
541.666
543.294
543.596
542.214
543.292
543.837
543.918
544.927
543.150
544.191
546.777
546.469
546.329
544.565
547.666
544.724
543.661
544.788
546.621
548.151
548.658
547.637
547.196
547.288
548.151
547.804
545.760
543.812
547.649
546.672
548.467
546.905
546.043
544.611
547.021
546.834
544.141
543.650
544.634
546.292
545.015
547.407
545.780
546.964
546.603
549.732
545.869
545.350
543.703
546.628
546.777
547.234
546.105
547.500
545.362
546.033
544.947
547.939
547.023
544.408
548.042
547.678
547.002
548.483
547.848
547.290
548.462
547.050
546.462
544.121
545.716
545.253
544.524
548.776
546.653
548.715
546.396
547.006
546.576
548.645
546.103
545.632
546.915
548.255
548.362
548.459
547.568
546.819
549.409
548.349
544.834
546.590
547.351
544.823
546.423
547.456
547.971
545.330
549.213
548.387
547.151
546.327
548.859
548.072
547.617
545.331
547.645
546.527
545.576
548.994
546.949
547.166
544.634
544.161
544.969
545.908
548.347
543.617
545.179
543.569
545.065
546.239
544.956
547.294
545.894
546.098
543.069
546.380
544.732
547.655
549.340
548.195
548.261
547.367
545.395
549.631
551.080
546.438
546.079
544.818
545.148
546.068
545.003
546.705
545.896
543.976
546.303
546.101
545.124
545.405
542.626
547.846
547.428
548.095
545.049
544.628
543.337
544.104
546.141
544.990
544.020
547.202
549.830
546.894
546.192
547.093
548.591
545.966
545.460
543.345
544.459
542.193
542.181
543.313
542.002
543.772
542.339
543.230
542.029
544.195
544.323
545.746
542.125
543.446
542.737
542.301
540.570
542.717
542.424
542.697
543.036
540.006
540.731
543.312
538.788
542.612
543.317
543.810
542.499
543.595
544.281
541.629
542.945
542.823
542.589
542.579
543.288
541.127
541.097
543.573
543.751
544.065
545.865
545.710
543.368
541.052
541.527
545.546
543.397
542.569
541.258
542.970
545.268
545.900
544.934
543.105
544.397
542.542
544.942
542.719
541.937
543.674
545.141
546.073
544.061
542.022
543.245
544.019
545.380
546.511
545.506
544.924
545.718
544.205
541.300
544.381
546.466
542.767
543.367
544.240
541.997
543.474
542.624
542.490
542.383
544.524
544.420
545.495
544.111
548.137
549.169
549.143
548.724
547.132
546.336
543.637
541.218
542.662
543.388
543.779
544.363
543.029
542.106
543.325
544.967
545.344
543.056
546.003
540.706
541.739
545.204
546.481
544.759
547.344
541.290
543.520
546.650
545.727
546.176
546.803
545.231
543.628
542.231
540.933
542.284
544.419
544.095
542.310
545.667
545.461
544.281
542.918
544.271
542.469
542.421
542.373
543.622
541.870
545.161
547.684
546.358
541.820
542.675
544.155
543.543
545.370
543.267
544.249
546.435
541.543
543.270
543.474
540.634
542.601
544.817
545.422
539.743
541.451
545.171
542.079
543.761
542.121
545.043
545.246
545.669
544.103
545.905
543.299
543.930
544.388
544.231
546.158
542.852
540.557
541.748
540.825
543.241
544.579
543.539
542.581
543.889
544.472
545.171
542.113
542.692
541.530
542.086
541.291
540.265
543.573
542.235
541.916
544.613
541.006
542.845
544.539
542.862
543.510
544.750
543.520
543.731
544.261
544.029
539.501
538.676
540.840
541.136
542.034
543.693
544.801
543.234
542.306
542.952
541.641
542.705
545.010
544.183
545.232
542.519
543.350
544.343
544.582
546.103
545.338
544.692
543.748
542.447
542.429
542.699
541.365
544.286
543.562
544.196
542.167
542.651
542.074
542.857
544.419
543.264
542.079
544.170
545.263
543.221
541.828
543.422
545.573
541.845
540.119
543.498
542.767
542.848
542.917
542.893
541.457
541.194
542.934
542.175
543.232
539.399
545.628
544.245
542.157
541.932
543.763
543.432
545.035
543.399
541.532
541.966
540.742
541.649
540.050
543.763
543.228
540.612
543.886
542.118
544.613
544.645
543.699
544.063
543.240
540.381
539.581
542.085
540.757
542.303
538.927
541.721
543.786
544.149
546.370
545.432
546.075
545.366
547.612
544.589
546.483
543.627
541.175
543.399
543.694
543.286
545.223
544.323
545.476
544.041
546.697
546.116
543.939
542.757
543.888
543.621
542.750
542.361
540.849
540.934
542.334
542.722
544.065
543.181
545.663
542.786
543.290
544.438
541.515
540.277
542.478
542.219
542.383
540.816
541.453
543.103
543.899
541.235
544.245
545.291
545.331
541.195
541.247
541.353
542.768
540.365
541.771
541.259
541.746
540.490
539.558
539.435
539.625
540.787
541.625
541.674
539.545
538.465
538.867
538.328
539.832
542.566
542.905
540.816
541.490
541.938
541.393
540.522
539.527
541.545
543.523
544.421
539.783
542.293
539.969
542.169
542.046
544.564
541.775
543.077
545.523
544.217
545.051
543.647
542.560
542.848
541.314
542.972
540.832
542.172
544.818
542.097
545.861
545.125
543.158
544.890
544.137
545.309
544.757
541.531
542.159
547.438
543.599
543.545
544.867
544.225
544.155
544.998
544.520
543.257
541.171
541.075
542.232
542.488
543.818
546.365
544.123
544.487
542.833
540.966
543.847
542.101
543.423
541.207
542.051
540.838
545.223
544.336
544.355
547.117
548.079
543.208
544.637
544.899
541.667
541.141
543.190
540.800
542.362
541.322
541.524
542.158
540.706
541.675
541.450
540.802
542.480
542.749
541.650
541.191
541.563
544.254
540.812
540.654
542.308
540.694
539.004
538.946
537.583
541.078
540.886
538.281
538.429
540.293
539.672
536.990
541.392
541.058
540.443
541.804
539.896
544.064
541.776
539.376
537.799
541.126
540.321
541.659
539.476
541.008
542.325
542.393
545.129
542.519
539.542
538.988
540.170
539.871
538.945
542.977
542.407
540.131
542.142
539.132
537.798
540.243
540.099
539.876
539.883
541.920
541.914
541.146
544.078
541.419
542.007
543.613
540.767
539.604
539.584
540.833
539.943
538.406
541.660
542.784
540.280
537.460
538.590
537.304
539.656
540.478
539.229
540.118
536.783
538.752
538.177
536.656
538.935
535.895
540.559
537.076
539.447
538.184
538.659
538.290
537.926
535.408
536.813
537.427
538.016
540.186
536.081
537.201
538.037
540.571
537.690
537.795
536.143
539.084
538.738
536.785
540.250
538.134
535.394
536.056
534.035
536.527
536.210
537.553
536.577
538.493
538.223
540.978
536.038
538.764
537.859
538.287
539.325
535.644
535.218
535.909
538.765
538.534
537.817
535.567
539.016
536.494
535.635
536.520
537.401
535.400
538.087
537.055
538.629
539.096
536.138
539.519
538.929
538.029
540.595
536.979
536.273
539.208
538.866
538.189
537.026
538.834
538.284
539.966
541.553
541.030
537.219
536.876
537.716
537.818
536.601
539.829
541.565
539.104
537.813
538.742
540.250
537.702
538.220
539.086
540.600
538.892
537.665
538.718
535.232
537.112
535.546
539.682
539.691
536.712
539.329
536.116
540.873
542.105
538.155
537.363
537.217
535.574
537.587
540.044
538.632
534.956
537.887
538.786
539.593
537.638
535.183
537.545
536.922
538.047
538.513
539.684
537.806
533.930
535.824
536.134
538.064
539.958
538.462
540.786
539.171
538.560
537.178
537.472
539.243
539.279
537.247
536.447
535.357
535.103
535.597
539.745
539.791
538.192
536.253
535.096
535.724
534.325
537.810
539.357
537.124
539.449
536.283
539.169
537.635
540.749
535.510
536.129
535.551
534.577
535.033
540.293
536.673
537.995
538.464
536.589
534.813
534.936
536.975
534.404
536.650
535.635
537.523
536.929
538.020
539.268
537.575
541.090
539.284
536.619
536.964
539.866
539.722
537.121
538.242
539.070
540.228
541.180
536.985
536.944
535.869
539.965
539.149
538.702
538.761
538.792
539.272
537.749
536.635
537.593
538.110
532.930
536.582
533.670
534.665
533.945
533.796
534.621
535.835
537.312
536.993
534.602
536.353
536.905
536.581
536.713
538.023
539.305
539.629
538.697
536.334
535.749
535.439
535.739
537.593
538.841
535.842
534.179
535.185
536.929
537.589
536.210
536.261
538.133
536.685
537.185
539.640
539.287
537.567
538.777
537.749
539.507
538.775
537.351
539.928
539.036
537.637
535.616
537.115
536.917
537.350
535.607
535.214
537.106
536.633
537.963
533.691
536.370
536.529
539.145
541.148
539.430
538.165
537.690
537.879
540.465
540.165
536.637
536.953
539.385
536.844
534.837
536.977
537.702
538.367
538.203
533.697
535.793
536.269
536.007
536.727
533.712
539.514
536.421
536.429
535.204
538.119
536.110
537.551
536.397
536.114
534.713
537.033
538.332
536.938
537.493
540.030
536.596
537.320
538.553
540.018
538.970
539.972
539.346
539.860
540.489
541.058
540.470
538.058
540.492
538.850
537.905
537.991
539.817
537.708
537.857
539.754
543.539
542.051
542.320
542.766
540.687
539.786
539.268
537.909
540.635
540.915
539.554
538.857
538.110
538.444
536.581
540.616
538.323
538.806
539.205
537.354
541.978
538.625
539.465
539.205
538.815
535.699
537.832
539.442
540.714
539.526
534.838
537.513
539.716
537.803
539.435
541.277
539.816
539.238
539.672
540.414
536.948
542.118
538.422
538.842
537.035
537.297
540.247
541.835
541.914
538.825
541.998
536.954
539.119
541.420
543.765
540.236
540.758
537.819
538.362
540.819
541.288
539.725
541.440
540.218
543.052
543.647
540.052
540.022
541.885
541.472
543.492
543.406
544.512
541.953
541.556
540.041
544.706
543.251
542.690
542.602
543.440
542.472
542.470
540.661
542.103
544.493
545.222
539.449
541.629
543.565
542.728
546.235
544.373
543.783
543.605
543.374
543.463
542.084
545.752
542.563
544.602
545.453
541.813
543.333
543.220
542.236
543.770
544.477
542.420
542.034
540.728
541.269
541.614
543.235
545.311
539.827
541.143
539.392
539.856
539.408
540.508
543.100
540.844
542.373
