529.049
526.261
528.604
526.268
529.492
527.577
529.280
529.206
530.148
528.856
530.874
530.158
533.590
529.769
530.832
531.218
529.239
528.780
528.917
528.050
529.917
527.186
530.100
528.146
527.230
530.621
528.596
529.743
531.567
527.801
529.997
529.965
529.677
529.539
531.066
530.675
532.917
527.547
526.913
528.427
527.979
527.448
528.691
528.676
531.042
531.971
529.577
530.834
527.045
528.382
528.503
529.390
529.379
530.894
528.273
527.975
529.095
528.121
528.673
528.784
529.415
528.272
529.573
530.101
528.536
529.513
530.144
529.995
531.895
531.532
531.665
528.236
529.969
531.810
528.084
530.289
530.445
529.599
531.476
531.732
528.235
528.774
530.511
531.604
530.911
529.337
530.740
530.203
531.539
529.691
528.282
532.810
529.391
529.574
530.047
529.683
531.799
529.187
527.293
527.781
528.249
530.104
530.481
530.375
531.145
532.008
530.204
527.968
527.771
527.754
530.273
531.692
531.562
531.037
530.901
531.340
532.406
533.950
534.733
529.081
528.172
527.377
529.336
528.567
525.989
530.002
532.071
528.260
529.474
530.032
529.570
530.621
528.426
530.935
531.920
532.072
531.077
530.951
532.977
531.467
531.157
529.228
530.196
530.917
530.487
531.234
529.443
530.974
531.845
532.632
528.431
530.536
529.913
532.663
529.223
529.713
530.872
530.336
531.044
529.521
530.081
529.138
529.971
531.136
529.820
528.997
530.382
531.318
532.553
530.001
529.488
528.736
531.407
529.332
531.944
533.777
531.044
530.466
530.026
531.786
532.184
531.703
529.826
531.081
530.670
532.051
531.889
533.062
534.280
530.863
528.883
529.603
529.582
528.201
530.770
530.789
531.033
530.260
530.255
529.207
530.447
530.180
528.723
531.005
529.637
529.714
530.800
530.546
532.715
531.268
530.621
528.484
529.319
529.263
529.857
532.312
532.794
528.480
529.887
532.829
530.862
528.501
528.174
530.086
531.075
529.430
530.883
528.441
531.886
530.324
529.010
531.800
528.251
528.463
529.841
529.698
532.211
530.108
530.901
529.602
530.960
529.278
530.649
527.050
530.854
531.726
528.498
529.809
530.442
530.582
528.177
528.117
528.876
529.083
529.298
529.426
528.936
529.072
530.931
530.333
530.366
528.589
532.695
534.008
532.373
530.703
530.222
530.971
532.247
533.685
529.663
529.565
531.422
530.519
529.459
531.278
530.464
529.056
531.702
532.520
533.899
532.366
531.161
530.450
531.734
531.237
533.145
531.310
533.294
532.276
531.094
529.022
531.759
529.316
530.088
529.944
531.305
532.202
529.808
532.836
530.479
529.488
531.127
527.418
530.203
529.268
528.941
531.800
532.934
531.840
530.242
530.731
529.202
532.499
529.931
531.410
531.399
530.333
529.501
528.374
527.726
530.789
529.912
527.985
530.352
532.728
533.034
529.767
528.893
530.923
530.397
530.547
531.530
527.777
528.344
528.488
528.724
529.504
530.068
530.947
529.472
531.918
530.238
530.405
528.673
529.382
531.107
527.732
531.945
530.225
531.207
528.873
529.296
528.192
529.255
531.711
528.699
531.266
529.024
529.340
530.762
529.036
532.500
530.229
530.506
531.532
528.003
530.847
528.566
530.111
529.903
528.422
526.340
528.248
529.352
529.706
531.783
530.299
530.339
530.071
529.551
530.628
528.302
528.986
531.037
532.298
530.500
528.597
531.119
529.280
527.603
528.610
530.998
530.885
530.675
532.020
530.501
527.654
530.049
531.946
529.548
529.737
529.851
528.260
529.773
529.423
531.486
530.912
528.947
530.838
528.098
532.653
534.120
535.904
531.605
530.722
529.888
529.883
529.352
529.366
532.369
529.869
531.175
529.816
527.805
528.538
530.470
530.202
529.407
529.895
531.540
530.829
532.852
532.111
531.642
532.743
530.860
530.179
530.894
532.509
531.188
528.630
531.106
532.502
531.705
531.430
532.656
530.180
529.515
532.058
529.977
533.878
534.089
528.240
530.096
528.769
527.208
528.587
529.255
528.160
529.944
531.823
532.392
530.997
529.251
530.731
529.072
531.535
531.843
529.698
531.941
529.992
527.535
534.900
531.030
529.165
532.038
530.272
530.099
531.294
528.641
529.976
531.458
531.268
530.025
530.856
529.141
532.766
531.609
529.909
529.613
529.674
528.069
530.781
529.619
530.241
529.749
532.890
532.007
531.125
533.331
530.475
529.132
531.640
530.579
531.639
528.575
528.840
529.910
530.446
528.922
531.382
529.904
529.801
529.662
526.908
528.913
529.642
530.511
527.635
528.416
530.206
529.587
533.289
530.165
530.103
529.514
529.988
529.301
529.538
529.236
525.947
529.070
527.343
527.776
529.144
530.175
529.723
531.116
530.436
530.973
530.497
528.493
529.666
527.987
531.148
528.041
532.093
528.355
529.719
529.109
530.609
528.778
529.341
530.003
530.883
531.567
529.373
530.417
530.576
530.112
530.105
532.244
531.043
531.137
527.792
530.090
529.966
532.389
530.402
528.637
526.395
526.946
528.019
529.859
528.431
529.459
528.514
527.145
529.944
531.664
529.802
528.757
529.257
530.287
531.987
529.972
530.995
530.242
531.614
528.815
532.280
533.159
531.932
531.386
528.595
530.522
529.287
528.375
528.874
528.142
530.669
531.865
530.107
529.775
528.397
530.147
528.960
528.514
532.083
530.393
531.340
531.430
529.601
527.585
531.702
532.976
530.909
528.072
529.332
530.356
528.429
529.650
527.735
527.836
530.234
528.633
529.767
530.104
526.448
529.528
532.090
528.904
528.535
529.197
531.396
531.328
529.083
531.746
529.601
528.782
527.268
529.477
530.264
528.537
532.253
529.118
531.384
529.836
528.312
526.015
529.625
529.335
531.524
529.936
529.377
529.939
530.766
530.363
531.499
529.570
528.879
529.072
529.588
529.036
529.710
527.782
530.528
530.154
527.012
530.234
528.006
529.230
530.863
526.186
526.376
529.532
529.730
530.304
531.976
528.914
530.457
531.823
529.905
529.486
529.650
532.423
531.914
531.843
529.063
530.179
531.157
532.290
528.795
530.478
530.696
529.020
530.382
529.878
530.387
531.650
529.779
529.065
529.891
529.159
528.546
532.545
533.626
532.363
528.782
530.791
533.647
531.456
532.352
531.072
530.561
528.696
528.922
529.461
529.485
530.568
532.371
530.029
525.351
527.917
528.541
527.839
530.583
531.846
530.335
529.112
530.949
531.379
529.095
531.330
530.390
530.597
532.111
530.959
530.550
530.805
527.288
529.668
527.991
528.262
530.122
527.763
529.614
529.786
532.317
531.497
530.410
527.414
530.135
529.566
530.576
529.353
531.021
530.633
530.515
531.414
531.302
530.608
529.146
528.857
527.388
529.860
529.367
531.519
531.992
529.512
530.931
532.782
532.166
532.231
531.095
532.792
532.444
530.577
528.817
531.625
534.069
533.077
531.000
531.255
529.299
530.386
528.375
530.439
530.073
529.425
531.866
530.309
528.554
530.406
532.700
531.705
532.746
530.010
531.334
530.570
530.934
531.849
530.201
529.986
529.725
531.363
530.900
528.998
531.302
529.207
529.648
531.391
530.780
530.231
529.590
529.145
531.061
533.361
530.924
530.806
532.288
530.906
532.807
530.351
528.002
529.629
528.665
529.872
530.970
530.371
531.237
527.765
531.010
531.058
532.988
531.788
533.573
531.520
531.201
530.984
533.447
532.477
532.227
535.293
532.863
532.611
531.199
531.950
530.395
530.281
530.376
531.830
532.230
530.554
528.726
529.317
532.036
533.649
530.685
529.784
531.122
529.451
530.404
531.760
531.659
529.342
529.083
529.559
530.510
530.585
530.282
528.976
526.575
527.073
531.425
531.266
529.142
531.091
531.491
529.623
531.182
529.825
531.332
530.400
529.173
531.436
532.604
530.407
528.854
529.584
528.423
531.590
528.861
528.536
527.937
529.528
530.195
529.074
529.288
528.123
531.831
533.797
529.519
532.876
531.424
530.625
528.658
529.126
529.590
530.760
529.551
530.183
526.504
526.978
530.841
529.621
533.035
532.033
530.420
533.551
530.367
529.553
530.552
529.914
530.244
529.740
530.479
530.809
531.594
533.373
530.848
531.334
532.014
532.322
529.458
533.482
531.865
531.101
532.345
534.468
531.109
531.949
531.651
532.539
531.816
530.224
532.412
531.223
530.550
529.355
532.696
530.857
532.992
530.343
530.952
529.080
528.141
530.762
532.784
534.592
531.416
531.595
531.474
531.953
532.023
532.099
532.437
530.089
529.644
530.028
532.774
528.411
528.879
529.989
533.888
532.600
528.413
529.895
532.132
530.451
528.689
530.520
528.644
528.645
530.990
528.458
532.931
529.743
528.887
530.529
531.773
530.424
533.529
530.176
530.376
527.510
532.483
531.860
529.513
529.838
529.007
531.489
531.885
530.299
529.643
529.960
532.765
530.996
532.840
530.667
529.819
528.716
528.814
528.944
530.175
530.427
528.047
528.822
529.057
529.458
531.277
530.583
531.827
529.674
528.584
531.124
530.044
530.359
529.938
529.265
531.545
529.117
528.388
530.934
533.406
533.250
529.729
529.134
529.692
533.183
530.949
530.353
530.395
530.548
529.924
528.156
531.898
528.949
530.421
530.517
529.891
532.894
533.055
533.014
530.579
529.227
529.995
531.484
528.873
528.699
530.367
529.900
530.122
529.909
530.006
530.707
529.990
531.419
529.243
527.637
529.209
530.401
530.641
531.484
531.446
530.248
528.384
532.805
530.657
531.549
529.285
529.725
532.832
533.734
529.963
531.073
529.881
529.597
528.138
530.138
528.900
531.346
532.290
529.626
532.677
530.657
532.455
529.717
527.173
529.722
534.408
531.377
534.828
531.454
529.515
531.561
529.863
528.793
530.529
527.290
530.651
529.699
530.908
533.228
529.053
532.163
528.414
528.197
528.459
529.149
528.441
527.706
527.446
529.077
527.754
529.947
528.027
529.084
530.302
529.672
532.483
529.907
531.303
528.047
532.153
530.426
530.922
530.055
529.080
534.197
530.811
532.576
528.680
528.627
530.908
533.493
530.270
529.787
530.452
530.980
528.628
531.109
532.274
532.270
529.331
529.208
531.278
530.453
531.689
533.743
530.220
530.347
529.874
530.023
529.596
529.240
531.571
531.041
529.855
531.773
530.621
531.440
533.260
530.202
530.411
527.839
529.689
531.355
529.176
529.586
530.683
529.059
530.297
529.537
528.618
530.582
531.808
529.444
531.782
530.054
530.854
531.402
529.407
531.113
531.157
533.083
531.988
531.010
529.382
527.816
529.587
531.278
530.274
529.104
531.339
532.021
530.594
531.715
530.282
528.730
530.600
530.082
527.801
528.145
528.286
530.195
533.550
532.367
530.658
530.686
532.228
530.828
532.555
531.474
529.879
530.434
528.133
531.454
530.583
528.394
528.855
531.076
528.320
531.320
528.063
527.075
529.273
531.546
530.584
530.062
528.891
527.812
529.907
531.425
531.403
531.614
531.354
531.503
533.200
531.155
530.130
532.353
532.234
530.122
530.909
528.779
528.801
528.284
528.024
528.800
531.529
531.897
530.056
531.111
528.057
529.748
526.741
527.628
528.427
530.202
530.285
527.690
530.905
529.025
531.357
529.249
528.680
530.527
529.468
531.698
531.622
529.371
530.680
533.195
528.433
528.930
528.397
530.219
528.614
530.056
529.933
530.675
526.820
528.791
526.552
527.450
532.000
527.811
530.459
534.157
532.041
532.668
530.087
528.609
530.513
530.930
529.934
530.284
527.929
527.900
529.445
528.151
526.886
528.236
531.046
528.163
529.623
529.868
530.201
531.639
530.962
531.139
531.024
528.423
529.741
528.751
531.975
530.789
529.384
530.169
530.925
529.213
528.167
531.939
532.542
530.171
529.940
528.496
530.564
529.887
529.730
528.454
532.568
530.818
531.668
528.894
527.510
530.257
529.305
528.804
528.327
529.383
530.595
529.740
532.004
529.917
529.616
529.400
527.370
528.600
532.730
531.697
527.897
529.224
531.748
529.806
530.723
530.077
530.588
529.230
530.760
532.904
532.789
532.115
536.241
529.514
528.826
530.516
528.514
530.125
527.795
528.876
531.467
531.823
530.790
528.381
530.417
531.140
530.755
527.127
531.019
528.494
529.625
528.719
529.566
531.417
533.439
532.270
528.696
528.047
531.657
530.616
528.948
528.224
528.168
529.338
528.528
529.918
529.121
529.171
528.407
530.099
530.212
529.884
528.152
530.209
530.558
527.237
531.238
532.353
531.170
530.474
530.804
529.594
530.307
528.733
528.662
529.365
532.783
529.667
529.791
528.761
529.310
530.732
532.233
530.470
531.818
530.110
528.421
528.811
530.308
530.940
531.412
530.588
527.784
528.177
531.076
529.390
530.274
527.774
529.217
529.732
530.335
531.468
529.420
528.334
530.719
530.642
531.198
531.488
528.993
530.207
528.081
530.835
528.545
532.012
528.028
530.486
531.475
531.344
533.234
531.375
530.108
529.735
531.334
529.080
528.915
527.779
529.057
529.101
530.344
529.694
532.290
531.086
529.366
531.672
529.022
532.433
527.573
530.843
529.411
529.277
529.883
529.020
531.462
531.218
532.994
531.279
531.326
531.434
528.027
529.487
532.205
529.813
530.872
530.278
528.761
530.362
530.342
532.302
531.686
531.888
531.498
528.468
530.002
530.714
528.592
532.004
530.414
530.455
530.006
529.017
528.857
531.498
530.285
529.570
528.823
532.024
529.909
529.099
532.093
531.952
531.515
529.662
529.702
530.691
528.311
529.518
530.983
531.992
531.021
528.763
528.942
530.808
530.134
529.309
527.583
528.106
530.244
532.422
532.372
532.417
527.425
527.375
527.502
530.474
527.975
529.560
527.727
529.866
530.759
530.403
530.259
530.573
530.693
531.611
532.656
528.501
530.571
530.937
530.570
531.056
530.833
529.342
531.298
529.333
530.391
528.748
527.881
529.085
530.895
530.318
530.143
532.420
531.068
531.096
532.627
532.012
531.933
529.637
527.499
528.708
530.610
529.971
529.518
530.343
528.468
529.978
530.211
532.222
531.185
530.794
530.938
529.113
526.405
529.977
526.109
528.865
529.656
528.981
528.616
528.494
528.821
530.297
530.058
529.669
529.643
529.268
526.758
529.686
529.496
530.276
530.440
530.471
530.747
532.258
533.438
531.546
531.952
530.767
528.777
529.606
529.002
531.222
529.778
531.286
527.209
529.548
526.031
528.450
529.664
530.114
528.476
530.130
529.591
529.661
529.026
527.989
526.965
526.783
527.358
528.215
530.913
527.703
529.672
531.382
527.721
529.919
529.916
530.576
531.249
527.609
530.602
530.387
528.758
531.840
531.274
529.765
531.888
531.694
530.038
529.027
528.674
529.615
529.433
528.095
527.729
527.174
527.242
531.117
527.954
530.466
529.962
528.919
529.494
529.297
527.600
529.825
528.714
530.370
530.902
529.646
530.160
530.249
530.050
529.233
529.867
531.040
530.398
532.877
528.878
529.040
529.743
530.080
530.477
532.868
534.073
529.010
529.508
529.259
528.513
527.381
528.158
530.810
532.147
529.878
530.489
529.084
528.992
528.422
529.786
530.145
528.726
528.857
528.087
529.477
530.800
529.981
531.944
531.212
528.736
530.198
530.183
531.017
527.270
532.392
532.286
529.379
533.491
531.898
530.204
532.349
530.150
532.662
531.433
530.309
530.438
529.422
531.533
530.062
530.659
527.625
528.954
530.627
528.478
529.449
530.167
529.842
531.272
532.956
530.367
532.095
528.392
531.466
530.393
527.145
529.573
530.051
529.042
528.832
530.391
528.702
528.814
529.334
527.693
527.998
529.429
529.413
527.209
528.143
529.477
531.557
529.422
532.909
533.775
532.244
533.091
532.330
532.481
531.201
531.899
531.729
531.219
531.698
529.964
529.503
527.319
530.155
531.474
534.906
530.245
530.166
530.442
531.866
530.354
529.621
530.538
531.259
529.449
529.870
530.363
530.285
530.828
529.276
531.484
530.428
527.964
529.980
528.187
531.375
531.964
531.026
531.777
529.748
529.547
530.073
530.640
531.743
530.727
529.906
532.764
530.520
530.803
529.466
527.517
528.620
529.706
527.532
530.277
531.761
530.381
531.133
528.653
531.561
528.143
530.632
529.702
529.666
530.346
528.415
527.861
527.717
530.094
528.722
530.276
529.948
532.220
530.516
529.320
528.389
531.618
529.205
531.134
531.946
529.496
529.472
527.219
531.825
533.426
531.325
531.832
529.505
530.997
528.263
532.939
530.350
529.263
529.147
531.358
531.593
530.976
530.613
529.530
531.149
528.353
530.675
530.881
529.352
530.907
533.671
530.412
530.884
530.982
531.039
531.892
527.982
532.309
529.629
530.911
531.520
532.550
530.867
531.322
530.232
531.969
531.000
529.228
530.174
530.673
533.305
529.208
529.758
532.432
531.338
531.416
532.044
531.095
529.775
527.962
531.670
531.290
533.661
530.757
531.361
530.888
529.120
531.585
529.577
530.801
533.147
530.361
530.689
531.404
529.960
530.252
531.872
531.195
531.488
531.067
529.316
528.355
528.388
529.196
531.244
532.052
528.478
527.677
529.353
530.225
530.422
528.284
529.612
528.847
529.487
529.542
527.752
529.283
529.653
529.265
532.418
532.992
532.260
532.704
529.979
532.353
533.248
530.433
529.314
531.790
531.825
532.546
532.547
531.293
529.068
529.045
531.374
528.595
530.358
530.222
528.301
529.522
531.041
529.837
529.420
528.472
528.934
531.605
529.926
530.536
530.789
527.824
526.405
530.142
530.205
529.010
531.816
530.281
529.089
527.967
528.761
529.418
529.760
531.246
533.431
532.650
529.357
531.385
530.559
529.973
529.822
530.087
532.053
529.942
529.277
532.125
529.769
529.532
530.809
528.384
529.694
529.203
529.379
531.796
531.428
530.405
533.499
529.578
528.758
529.419
531.006
531.266
531.642
533.351
531.412
530.443
529.304
528.398
528.805
530.447
528.432
527.535
528.198
531.327
526.714
532.109
530.230
528.736
530.458
529.152
531.470
532.454
531.062
531.343
531.019
532.004
529.780
529.847
529.047
528.323
527.594
530.067
528.082
528.920
531.752
532.603
529.630
530.337
531.068
528.618
530.467
531.044
532.090
530.952
529.378
531.248
528.361
529.516
531.050
531.483
529.871
532.973
530.548
532.496
529.499
532.973
528.462
532.577
530.715
530.398
532.082
530.032
531.526
529.929
530.262
530.311
530.264
532.139
530.986
531.955
530.452
532.306
530.635
531.113
530.290
531.464
531.901
531.662
532.817
531.016
531.330
529.724
529.493
529.810
530.831
527.265
530.860
530.531
531.548
529.783
532.476
532.730
531.194
532.378
530.307
533.669
530.084
531.734
529.231
532.173
530.948
532.734
533.217
533.329
530.812
531.144
530.376
530.319
528.960
529.083
529.851
528.152
528.144
531.026
531.659
531.705
529.650
529.006
530.413
529.022
529.135
533.486
530.719
531.780
534.953
532.085
528.920
533.537
531.010
529.875
529.484
530.380
529.994
527.888
531.029
530.083
532.335
529.553
530.228
532.441
531.748
530.264
529.467
530.792
530.967
534.165
532.441
532.499
533.171
531.419
529.839
529.885
532.239
533.814
533.055
533.159
529.326
532.630
528.850
530.741
530.214
530.346
529.060
529.831
529.769
529.405
527.588
529.253
529.185
528.721
529.239
531.672
529.755
532.092
530.063
531.976
529.755
530.349
531.596
531.489
531.006
529.452
530.489
529.360
528.962
527.127
529.170
528.211
531.129
532.338
532.949
531.563
530.612
531.011
528.936
527.094
529.630
528.620
529.758
532.219
530.811
530.755
530.980
533.433
530.462
529.571
530.912
530.706
529.547
532.797
529.612
532.789
532.874
529.117
529.315
532.083
531.050
524.682
533.205
526.834
530.738
526.706
532.624
530.357
529.263
529.209
529.968
528.927
529.768
531.239
529.678
530.919
530.705
531.711
530.355
527.082
530.946
530.530
530.870
528.685
529.332
529.122
531.207
527.194
529.238
529.750
530.564
529.194
528.748
530.358
529.681
530.801
530.025
529.186
529.723
529.322
529.777
530.510
530.310
527.558
529.652
527.567
529.473
530.001
529.710
530.104
528.036
528.930
531.363
530.063
531.031
533.309
531.357
529.537
532.744
529.119
529.795
530.397
528.309
530.014
528.845
529.518
530.720
529.354
532.031
530.469
531.214
530.015
532.634
531.527
532.791
536.204
534.360
533.013
532.605
530.623
531.259
530.148
529.379
531.742
531.390
532.122
531.123
531.794
532.324
529.570
529.674
533.152
532.916
531.415
531.985
531.695
530.090
528.821
532.044
531.323
531.584
529.256
529.830
532.657
528.337
528.900
531.202
530.588
530.539
528.532
530.616
527.699
531.600
530.821
529.004
532.466
530.072
530.191
529.822
531.424
531.956
531.338
533.407
531.208
530.058
532.890
530.916
528.901
529.363
528.655
531.500
530.726
530.849
531.993
528.271
530.188
529.932
531.871
534.306
530.983
530.670
530.577
528.562
531.001
530.334
530.267
530.785
530.199
532.339
531.856
531.170
531.206
531.633
527.400
532.182
531.357
531.582
531.947
533.893
532.945
532.074
534.037
533.104
533.576
528.725
531.967
530.560
528.460
530.362
531.882
532.585
530.629
533.144
529.185
529.545
527.108
527.050
529.316
530.706
531.552
531.042
528.817
532.746
530.585
531.077
531.788
529.850
533.752
532.415
529.887
531.234
531.679
530.640
530.123
532.452
527.898
527.137
531.568
532.569
530.293
530.200
530.718
531.651
531.298
528.668
530.436
527.888
530.129
532.160
533.469
530.567
534.760
527.775
529.993
529.618
527.468
530.419
531.661
531.510
532.500
530.151
529.789
530.481
532.787
532.411
532.148
529.790
529.540
531.421
531.262
530.835
528.781
528.752
528.665
529.899
532.692
528.917
529.807
531.162
531.482
528.912
530.094
531.924
531.229
528.617
528.266
528.848
531.257
531.916
532.727
531.279
533.573
532.346
532.204
531.728
530.959
533.145
530.939
533.235
529.972
532.606
527.862
531.058
531.126
533.535
530.419
530.944
529.729
530.545
531.476
531.378
529.374
529.866
531.041
531.278
531.561
530.985
528.127
527.637
526.328
528.719
528.631
531.049
531.885
531.652
529.438
531.394
530.241
531.909
530.127
531.147
531.957
531.880
529.083
529.266
530.860
531.669
530.091
530.818
530.429
529.422
528.957
527.160
530.085
529.428
532.761
532.445
532.267
530.856
528.387
532.360
530.193
531.134
530.817
530.278
528.427
530.552
532.986
531.325
530.723
532.852
530.574
529.626
531.067
532.291
530.354
530.961
528.231
532.907
530.322
529.972
530.651
529.950
528.404
530.738
533.203
530.650
529.618
529.213
530.021
529.746
530.627
531.138
528.498
528.296
531.805
530.576
532.284
531.855
531.085
530.047
529.715
530.050
526.240
529.203
530.724
529.566
529.707
529.421
531.316
527.898
530.721
531.413
531.451
532.582
532.395
532.852
531.599
528.217
529.282
532.482
530.331
529.689
531.187
530.533
527.129
529.903
530.617
530.316
529.746
530.810
529.539
528.983
531.397
530.718
531.186
531.828
529.669
529.884
527.411
529.086
529.107
527.613
529.973
529.400
532.265
531.704
529.239
528.486
530.812
530.120
531.645
532.304
531.515
531.558
528.963
528.588
529.936
531.581
529.751
532.740
531.293
530.360
532.081
531.208
530.560
531.180
532.531
529.019
530.144
532.097
530.451
529.995
528.940
530.421
528.513
529.554
528.633
530.587
531.736
529.241
530.120
531.904
531.168
532.059
531.346
532.596
531.504
530.603
531.933
530.271
527.461
532.509
530.885
532.076
535.817
534.043
533.449
532.053
528.358
531.847
531.400
532.075
532.241
531.647
530.301
529.571
530.651
531.169
530.205
530.612
532.387
528.502
531.111
529.569
528.741
531.523
530.688
531.040
529.891
529.005
530.280
531.348
530.970
532.660
531.249
533.777
531.475
532.496
530.349
533.927
529.330
529.784
529.403
531.226
531.365
531.836
528.793
528.326
529.552
528.312
531.079
532.885
531.331
532.190
534.553
533.137
530.964
529.781
531.318
531.786
533.544
530.887
532.391
530.190
531.158
531.901
532.814
531.711
529.253
532.880
530.144
531.904
530.693
530.772
531.989
532.524
530.571
528.339
529.175
529.696
529.278
532.652
532.965
531.594
532.375
530.869
531.951
533.160
528.909
529.535
530.683
532.812
533.256
530.921
530.670
533.109
529.774
533.648
534.504
532.369
529.903
529.024
530.435
530.729
532.385
530.891
531.695
531.251
531.446
528.365
530.314
531.691
529.784
532.666
531.623
531.878
532.801
530.953
530.623
531.987
531.814
531.160
533.580
530.266
529.167
528.346
531.835
533.592
530.225
530.143
528.022
529.175
527.063
529.300
530.819
531.853
529.350
531.452
532.643
532.657
532.517
529.714
530.417
531.403
530.994
530.576
527.856
531.923
529.250
529.530
531.243
530.469
531.956
532.425
532.007
530.356
531.428
532.564
533.110
530.404
532.495
529.280
529.219
528.441
529.750
531.223
529.240
530.923
528.305
530.278
531.132
528.784
528.905
528.932
530.917
530.991
531.660
531.953
531.927
532.456
533.218
532.068
529.862
531.395
531.188
530.636
528.615
529.500
533.187
534.666
532.156
531.815
531.121
530.437
530.594
531.060
529.354
529.376
532.212
532.594
528.129
531.101
528.581
530.081
529.153
530.998
527.714
527.116
527.702
529.865
530.631
531.059
533.522
535.077
531.500
532.887
530.991
531.311
530.837
529.982
531.199
528.241
531.856
532.985
531.059
531.683
528.596
530.632
532.483
531.744
532.734
530.581
532.354
533.187
529.448
529.158
527.833
530.879
530.189
531.747
529.220
531.384
533.280
531.738
533.006
530.809
530.931
531.205
533.135
532.881
531.188
532.072
529.213
531.923
531.687
529.011
531.547
531.350
530.346
531.197
529.084
530.817
532.084
531.191
529.607
532.967
531.838
529.145
529.152
529.820
527.962
527.343
530.970
530.727
533.219
532.761
530.545
531.236
530.896
529.934
531.446
531.438
530.158
530.987
532.404
530.707
531.475
532.591
530.337
530.309
530.247
529.311
528.971
530.555
531.476
529.667
530.811
529.853
531.907
528.983
529.728
530.725
530.113
528.226
529.095
530.104
528.245
528.142
527.512
529.786
530.495
529.590
527.539
530.749
529.797
529.484
532.382
530.688
533.156
528.779
531.080
529.180
528.272
531.386
530.611
531.044
528.684
529.340
531.443
531.024
533.968
533.027
530.454
531.348
531.101
532.373
532.619
530.332
531.048
530.065
532.231
531.458
531.757
530.972
535.448
533.282
534.122
533.958
532.405
532.218
529.174
531.702
528.642
531.722
532.277
532.063
531.799
530.655
530.840
529.644
530.132
529.289
531.313
532.658
529.884
533.194
530.752
531.980
530.654
531.034
532.195
531.880
530.564
531.326
530.729
531.865
529.982
530.509
529.978
532.435
532.785
531.313
533.004
531.966
531.313
529.911
530.277
529.465
529.019
528.322
533.469
534.095
528.130
531.106
532.486
531.175
530.268
530.282
527.410
529.774
533.979
529.934
530.096
526.976
533.167
532.381
532.710
533.149
531.706
531.670
530.310
531.148
528.982
529.975
530.731
531.028
530.568
528.813
531.427
529.903
527.410
530.523
530.888
532.807
531.541
531.670
531.392
529.624
530.056
529.839
531.398
528.860
525.828
527.398
532.175
532.815
532.034
529.532
530.129
529.944
530.525
529.329
529.681
529.351
530.672
528.539
530.112
530.671
530.282
529.719
530.459
532.702
531.825
530.467
531.125
529.677
530.343
530.141
528.771
530.388
528.944
530.882
532.651
533.007
529.087
531.426
527.685
527.946
527.566
529.148
529.500
529.368
530.163
529.981
530.238
529.816
529.590
529.132
526.118
528.483
527.651
528.666
528.237
531.836
527.957
530.856
532.067
530.280
529.505
531.005
530.255
529.634
529.211
530.360
528.834
530.002
530.252
533.004
532.525
530.865
530.936
530.047
533.521
529.295
531.761
530.473
529.391
530.483
529.134
529.894
529.441
529.684
529.910
533.137
529.989
528.475
530.677
530.197
529.413
531.077
529.137
529.124
531.397
530.578
532.239
533.285
531.260
530.836
533.072
530.540
533.713
530.389
530.225
533.124
532.768
530.310
532.969
533.253
532.550
531.944
530.469
530.406
528.566
531.399
527.944
528.807
530.963
533.495
532.711
530.188
527.630
529.295
530.327
531.845
531.680
531.649
530.448
532.342
531.400
533.683
530.443
528.138
529.853
530.072
529.373
530.244
529.100
529.685
530.829
525.637
527.990
529.249
530.492
529.814
528.428
528.903
530.087
527.380
529.612
529.191
529.711
530.925
532.725
529.826
529.373
529.334
532.695
529.950
528.697
533.039
529.590
529.890
531.763
534.580
532.851
529.985
528.171
531.665
528.097
529.767
528.936
530.429
532.189
532.875
529.950
529.766
528.135
531.107
529.522
529.780
528.575
527.901
528.856
529.200
532.306
532.882
531.838
533.359
532.265
529.578
529.830
532.269
530.773
531.488
531.956
532.164
531.027
530.720
532.735
530.418
529.608
532.076
530.459
526.590
528.762
528.904
528.559
530.784
529.923
529.774
529.525
532.615
530.782
530.769
530.158
531.662
531.406
533.788
532.578
533.877
530.917
530.559
531.918
532.854
529.579
531.432
532.133
529.287
529.202
530.702
530.923
528.847
532.248
531.771
528.966
533.666
528.935
530.229
529.669
531.467
532.961
530.978
532.326
531.924
530.970
528.620
531.441
529.928
531.318
530.243
531.897
530.583
530.750
531.678
530.446
531.827
529.497
529.040
526.351
531.765
531.710
531.452
530.614
530.263
532.900
530.696
531.474
529.264
529.364
529.228
530.853
531.076
531.796
529.735
531.331
527.776
528.761
529.636
532.796
532.361
530.689
529.089
530.117
531.164
531.501
533.420
531.006
531.086
534.984
532.029
532.443
532.960
531.789
530.833
529.617
529.289
530.810
531.505
531.076
532.190
530.838
531.574
530.454
532.956
531.299
529.380
531.838
531.198
532.067
533.718
532.328
529.935
530.706
530.655
529.589
529.657
530.473
529.072
529.990
531.087
532.946
532.907
528.200
529.463
530.443
533.227
530.536
530.402
529.459
531.150
531.583
529.819
531.435
529.149
531.567
528.992
529.983
528.599
527.141
530.786
531.067
530.507
529.623
530.212
529.807
529.170
530.411
530.291
529.673
526.865
530.168
530.899
530.935
530.444
530.799
532.403
531.060
532.177
530.528
529.393
532.149
530.888
529.731
531.019
531.566
530.275
531.063
533.309
531.650
529.426
527.635
527.032
530.044
530.670
531.740
529.616
529.012
530.272
528.598
530.884
530.200
532.229
530.670
530.415
529.110
528.278
528.168
530.870
527.923
531.756
528.056
530.160
531.410
532.123
530.427
532.751
528.520
529.300
529.354
531.017
529.243
529.423
528.893
529.721
528.990
526.746
527.614
527.651
531.765
532.110
532.460
531.735
532.120
531.759
531.473
530.566
529.062
528.974
529.700
531.114
530.362
530.398
529.218
531.781
532.067
531.279
527.721
531.088
529.528
530.849
532.904
531.484
530.917
531.121
532.476
530.837
531.073
529.717
530.011
531.668
531.759
532.613
534.476
533.181
531.904
531.361
531.474
531.169
531.920
529.532
532.863
532.511
531.585
533.255
530.226
530.704
532.032
529.127
529.594
529.555
532.830
529.567
530.392
531.198
529.905
529.162
528.056
530.657
529.582
531.634
531.454
530.215
532.590
533.359
532.372
531.852
530.322
529.858
530.205
529.801
531.366
530.952
531.739
531.133
533.100
530.249
529.909
530.400
530.594
533.849
532.189
530.954
531.725
533.563
530.636
532.833
530.738
527.918
529.392
529.823
529.213
530.486
529.473
529.641
532.630
530.457
526.043
530.013
530.438
525.984
530.876
530.956
530.578
530.245
531.218
531.874
533.843
531.157
529.221
528.717
530.146
531.082
531.854
532.475
530.612
529.102
531.070
530.147
530.404
528.461
528.683
530.450
529.412
529.772
531.443
529.190
530.101
529.131
530.795
531.064
530.020
533.803
530.817
530.584
528.435
528.897
528.465
531.298
531.787
530.271
532.009
529.120
529.358
531.795
530.314
527.909
532.073
531.275
529.622
531.820
529.606
530.148
529.094
529.833
529.931
531.971
531.317
530.252
529.714
531.153
530.911
531.410
530.805
528.764
527.557
532.151
532.098
531.067
529.491
530.086
528.780
532.563
531.241
530.532
528.689
529.023
529.605
531.997
532.322
528.973
530.083
530.362
528.962
531.194
531.636
531.089
530.578
531.340
530.722
527.594
529.499
530.940
530.991
532.168
530.717
533.951
530.429
529.742
530.829
528.275
529.553
530.315
531.675
530.585
530.484
531.821
529.141
529.231
530.445
528.276
527.990
528.792
530.157
530.633
529.611
531.333
532.242
530.661
528.922
530.370
530.819
530.401
528.756
534.950
533.107
531.272
533.442
534.186
530.862
531.701
530.016
529.807
529.548
530.902
531.505
530.352
530.673
531.771
531.124
529.153
531.073
530.185
531.014
530.869
533.411
530.611
530.559
529.460
529.578
530.114
531.555
531.485
535.690
530.670
531.980
531.286
532.181
531.486
528.704
530.088
529.669
530.302
532.067
531.765
532.065
530.905
529.955
531.386
530.839
531.136
530.798
531.134
530.253
528.460
529.636
530.446
531.412
529.652
528.226
529.171
529.658
529.353
532.152
532.518
531.534
530.487
531.385
528.008
529.514
531.308
530.634
529.590
530.309
531.623
530.370
532.860
533.313
531.899
529.841
530.863
530.123
531.133
529.965
529.267
530.958
533.803
530.527
529.118
529.923
532.038
534.436
530.966
530.606
530.592
529.745
532.010
527.535
528.794
529.316
529.302
528.719
529.533
528.266
530.224
532.208
532.363
533.372
531.776
530.611
529.500
531.567
533.581
531.092
532.580
530.552
532.630
531.254
532.578
527.894
529.079
530.124
529.924
530.625
530.582
530.473
531.616
532.137
533.265
530.824
531.009
530.057
530.236
528.829
529.639
528.997
531.480
534.536
530.076
531.266
530.875
532.248
529.755
528.755
531.575
531.188
529.151
532.454
528.618
528.682
527.995
531.105
530.947
532.752
530.302
530.155
528.129
529.869
530.100
527.539
529.406
527.044
529.507
530.960
532.140
530.855
531.905
531.341
532.823
530.507
529.883
530.164
531.652
532.316
527.947
529.167
529.146
530.158
531.891
527.026
531.084
530.283
529.821
532.295
531.376
528.939
530.010
530.761
529.069
530.897
530.542
532.740
530.385
529.725
528.058
530.051
529.981
527.857
530.593
531.300
531.963
530.932
530.229
530.789
530.918
531.476
529.869
530.520
527.716
529.932
530.106
529.597
530.400
530.637
528.447
530.646
528.947
530.239
529.019
529.573
529.696
531.590
531.744
528.608
530.403
532.072
528.709
531.615
528.908
529.962
531.001
531.250
530.836
531.784
531.296
529.503
529.987
531.385
530.961
530.158
526.509
529.980
529.290
531.532
530.237
529.269
532.855
529.376
531.694
528.723
530.739
527.559
529.342
527.905
530.783
528.542
529.087
529.295
531.120
530.233
528.097
529.858
530.791
530.025
532.353
532.340
532.247
529.328
529.409
532.363
531.519
534.180
529.922
528.097
531.623
530.682
532.519
531.954
531.632
530.213
530.600
530.428
529.352
530.458
530.151
531.933
531.108
529.558
536.538
532.597
530.989
530.460
531.892
530.690
528.478
531.664
529.618
529.102
530.081
526.852
531.262
530.177
528.501
528.985
530.101
530.047
531.574
529.990
527.821
526.579
530.372
531.592
531.662
529.787
528.796
530.711
533.152
529.022
532.698
531.110
532.260
530.968
531.278
529.172
528.698
530.374
533.415
531.327
532.730
530.199
528.301
529.720
531.490
530.396
529.922
533.604
531.476
529.937
531.536
529.903
530.534
529.318
529.549
528.502
528.428
532.012
529.810
531.537
528.510
530.396
528.988
530.271
531.072
527.882
531.006
531.382
532.125
529.453
528.811
531.777
531.772
532.105
530.430
530.458
531.535
530.086
530.031
529.991
531.483
529.248
527.388
528.786
529.625
531.277
532.095
531.883
530.463
530.759
531.681
530.446
532.388
530.193
531.495
533.246
532.039
533.129
530.994
530.926
531.089
529.013
529.699
530.840
532.908
530.527
527.121
526.838
529.789
533.188
531.393
529.924
530.686
529.502
530.693
533.227
530.523
531.627
532.120
530.490
531.196
532.183
531.290
532.264
533.915
531.133
529.559
530.420
529.166
530.509
530.846
534.557
532.527
534.918
532.473
533.631
530.659
532.231
528.725
532.943
530.633
534.269
531.078
530.901
532.809
531.392
530.344
532.705
531.096
531.357
531.998
531.419
532.565
533.831
533.194
531.826
527.850
528.198
531.870
531.279
532.517
531.697
532.400
531.408
529.952
532.516
530.946
531.934
530.348
531.460
530.187
532.256
531.445
530.983
530.060
529.645
532.032
531.511
530.532
530.639
530.497
528.296
531.204
531.680
530.013
528.090
530.468
531.094
531.967
530.672
530.595
531.029
529.536
530.218
532.241
530.336
528.589
530.277
529.513
529.536
531.602
531.814
532.215
533.160
529.573
531.837
530.786
529.811
527.622
528.346
528.765
530.391
530.383
530.183
531.456
530.978
528.623
532.315
530.439
529.443
529.743
530.213
530.737
532.465
530.961
530.768
531.811
530.945
533.344
532.218
530.052
532.334
532.175
532.735
531.943
529.653
528.141
531.507
529.663
531.819
530.825
533.485
533.255
532.911
530.957
531.821
531.921
530.547
530.148
530.369
531.508
532.201
531.428
529.510
530.466
528.880
531.999
532.550
529.700
530.242
529.910
529.507
531.582
529.841
532.354
530.387
530.966
528.535
529.558
528.211
531.742
531.379
531.857
530.262
527.834
529.525
530.881
533.967
528.818
526.176
532.966
530.672
531.774
533.605
532.880
530.909
531.502
530.242
529.031
533.199
530.519
528.827
529.636
528.006
531.961
529.789
530.341
529.650
532.792
529.732
531.848
532.541
531.718
531.968
528.143
530.402
533.192
529.854
530.170
529.695
528.961
527.374
531.289
530.134
531.244
531.648
531.025
529.687
531.000
531.298
527.449
530.084
531.351
529.892
531.541
532.494
532.741
533.093
532.908
532.107
531.633
529.569
529.946
529.631
529.389
530.543
530.672
533.025
531.358
529.302
532.187
532.233
531.920
532.114
532.031
532.344
533.535
532.305
530.653
531.777
530.543
531.400
530.808
529.639
530.170
531.310
530.794
531.497
529.823
529.190
529.871
529.049
531.078
531.791
532.625
531.569
532.346
531.935
530.338
529.548
530.591
529.537
530.962
532.902
528.684
529.999
531.204
532.144
530.962
532.400
530.354
531.009
531.761
530.775
532.161
531.675
529.591
529.368
529.856
529.503
531.370
529.551
530.975
531.218
532.491
533.144
530.150
532.175
532.223
530.206
529.785
527.550
527.755
531.354
531.109
528.964
530.848
532.186
530.727
530.799
528.255
531.820
530.726
529.572
531.100
530.913
530.661
528.548
531.712
528.682
527.610
527.915
530.298
529.196
529.335
529.770
531.348
528.350
533.862
531.148
531.938
532.208
532.377
530.164
531.294
530.868
532.282
529.449
530.528
531.490
529.199
529.277
529.439
528.088
528.951
531.346
532.188
531.007
530.926
531.918
529.981
529.632
532.578
535.736
531.202
530.213
530.390
530.846
531.475
528.251
528.625
529.410
528.367
528.703
528.217
530.825
529.937
530.957
529.415
526.579
529.393
530.280
530.221
533.217
529.651
528.944
530.036
531.023
529.715
528.398
530.115
531.904
531.920
528.665
531.998
531.696
529.716
530.918
530.050
528.851
529.178
533.582
531.694
530.760
532.376
530.280
529.910
531.121
530.664
530.404
531.129
528.281
532.124
533.828
535.496
532.101
530.843
533.126
530.140
531.457
530.106
530.841
529.240
529.339
532.855
530.448
532.173
531.116
530.706
530.257
529.056
530.051
530.450
530.865
529.209
533.864
530.437
530.570
530.230
528.084
530.196
532.229
532.690
533.826
532.671
532.369
531.325
530.526
534.021
529.950
531.521
531.549
528.845
532.217
533.838
533.480
531.399
531.416
531.395
533.368
532.003
532.631
532.611
530.990
530.557
529.797
526.814
530.939
529.385
529.692
527.332
529.028
529.123
531.544
528.865
532.239
530.889
530.864
529.972
531.032
529.758
530.364
530.579
530.037
529.852
529.596
532.616
528.296
530.939
532.515
529.819
532.353
531.391
530.375
532.101
535.078
533.081
532.209
531.356
531.512
532.100
531.716
530.452
534.847
533.064
532.800
529.880
530.566
529.073
531.557
529.719
533.166
529.611
529.341
530.781
530.731
528.936
527.983
530.851
532.688
529.598
531.604
534.319
530.306
530.696
530.960
530.843
531.456
530.234
528.109
531.988
533.155
529.198
529.973
532.152
530.226
530.531
527.420
532.005
532.178
530.538
529.164
528.429
529.086
531.389
532.142
532.993
529.995
529.939
531.633
530.744
529.007
528.176
529.850
530.096
530.454
532.114
532.113
530.246
528.669
530.497
530.552
528.887
528.633
527.507
531.289
529.586
529.801
531.198
530.881
529.992
531.397
529.783
529.623
529.184
531.835
531.675
533.435
532.498
530.693
528.635
530.115
529.741
528.918
529.676
530.500
530.093
530.599
529.827
531.160
531.409
530.501
528.567
530.187
526.328
527.743
529.737
530.968
530.472
531.097
531.075
533.282
528.885
529.390
531.212
530.510
531.225
530.267
531.598
527.840
529.101
528.141
527.831
530.729
532.682
532.945
529.486
530.368
529.643
527.274
528.959
530.381
531.779
529.969
530.143
532.717
531.324
533.449
533.422
529.783
530.283
531.488
532.582
531.102
530.784
529.128
530.149
530.739
530.949
530.737
529.429
530.105
531.433
529.832
530.886
533.858
532.310
530.464
532.885
532.639
533.059
529.844
530.780
532.650
531.336
533.571
530.430
529.963
529.535
530.385
534.437
533.329
530.783
530.550
529.418
530.269
531.037
530.435
528.190
529.769
529.877
530.448
531.677
532.408
532.068
533.418
531.990
532.682
533.680
532.589
532.797
532.039
531.195
527.539
528.079
530.511
529.668
529.395
527.791
531.292
531.495
531.295
529.913
529.976
529.186
531.544
529.952
531.469
531.644
529.899
529.923
531.290
533.816
530.386
531.801
531.067
531.458
530.838
534.441
530.529
530.517
529.210
528.508
529.958
531.883
532.247
532.760
531.110
534.298
533.152
531.104
530.844
532.937
530.315
531.079
530.190
528.915
529.343
530.076
530.323
530.347
530.256
528.603
528.448
531.009
530.424
532.650
532.938
533.879
532.001
529.865
530.071
530.473
530.632
529.726
532.189
530.842
530.330
529.380
529.710
530.434
528.806
530.157
531.342
528.883
529.620
530.336
530.252
529.585
531.669
533.167
533.328
535.047
531.073
529.509
527.075
530.677
528.184
526.517
529.626
529.807
528.194
528.726
534.245
531.398
531.397
530.290
529.081
527.961
529.343
529.459
533.043
530.343
529.357
527.901
527.679
528.677
531.718
532.743
529.841
530.352
531.499
530.915
528.330
531.806
529.879
530.777
532.573
531.232
531.180
532.379
532.465
530.385
532.745
529.783
529.646
532.983
532.797
530.880
531.225
528.348
528.709
530.327
531.438
529.785
533.134
530.704
531.357
532.901
531.344
528.690
530.958
529.902
533.575
533.112
530.273
530.473
530.982
530.271
532.275
533.355
530.630
530.827
529.600
530.176
531.662
531.255
533.740
529.512
529.651
528.986
530.960
530.861
530.718
532.778
532.782
531.838
530.743
531.299
527.280
528.546
529.936
528.776
529.036
528.853
529.592
527.451
530.881
528.149
530.951
531.325
530.409
531.698
530.808
530.252
530.555
528.815
532.765
529.874
531.287
530.854
531.707
532.471
530.457
530.558
530.701
530.895
