772.449
772.126
781.051
779.766
786.795
791.715
787.588
783.613
787.811
789.703
782.211
780.512
780.428
775.920
788.027
792.588
785.376
789.989
790.925
787.030
791.453
788.280
791.564
782.425
773.525
779.867
782.924
786.948
775.784
771.781
771.060
773.269
774.342
771.937
768.999
769.477
767.712
769.138
774.320
780.940
776.261
776.009
781.400
783.539
788.326
787.904
790.671
790.699
787.429
791.937
784.862
784.184
782.433
787.039
783.474
787.477
781.549
785.312
779.550
778.327
781.959
777.516
774.746
774.897
767.936
771.747
776.539
780.847
776.837
774.280
770.720
766.258
766.477
767.158
765.675
768.088
765.642
765.693
766.219
758.395
762.301
757.177
757.136
753.481
758.561
749.684
748.271
748.672
753.508
747.728
752.070
752.150
752.814
746.247
749.874
748.627
755.544
749.971
756.852
756.301
751.488
759.834
764.567
760.202
763.969
758.937
758.424
756.677
755.615
753.637
753.026
752.770
752.464
752.160
752.013
752.611
754.601
749.678
755.323
755.305
750.898
752.508
757.624
754.349
757.128
756.573
755.407
752.294
756.744
756.758
760.473
759.621
753.159
750.647
749.832
748.333
752.233
754.993
758.864
755.241
765.091
769.651
766.236
773.740
773.395
770.105
769.655
776.029
772.817
774.798
773.158
770.506
772.875
771.054
772.325
767.840
772.260
764.827
760.507
766.757
781.036
779.574
779.540
778.765
780.947
782.595
782.429
779.094
778.624
785.055
785.231
786.621
786.856
790.168
792.960
784.373
783.228
770.262
774.450
777.617
781.518
780.685
782.931
784.721
791.399
790.919
779.795
786.908
789.475
787.986
775.658
782.586
784.265
789.915
789.489
783.690
776.435
780.302
782.262
780.704
776.979
779.475
782.640
790.078
780.623
781.057
774.374
771.855
774.949
767.542
765.587
772.089
764.951
774.900
772.503
774.118
770.571
758.584
754.072
764.687
759.039
759.622
769.240
766.043
766.367
759.536
762.329
760.483
763.899
762.103
767.609
767.095
767.330
763.941
768.604
777.241
779.562
773.469
768.690
771.830
771.435
764.066
764.141
758.146
765.402
765.020
762.963
763.797
760.452
767.037
767.285
768.931
769.160
771.245
769.178
774.893
773.179
774.013
773.829
764.233
766.441
764.476
765.456
767.032
757.758
751.316
750.763
757.899
757.031
763.603
761.314
761.492
763.511
763.539
762.805
761.782
764.081
768.965
773.989
768.950
769.001
769.941
775.550
772.466
765.618
767.889
768.826
771.455
771.874
764.330
768.602
767.900
774.223
776.937
777.806
777.258
774.423
774.960
774.319
773.608
774.670
764.944
764.033
760.220
758.385
760.382
762.455
760.638
765.709
764.751
756.558
755.322
751.752
753.544
761.702
756.484
761.110
757.294
765.513
760.533
752.892
756.974
763.171
765.158
775.728
770.791
777.438
783.737
781.364
780.168
788.627
778.835
781.186
782.466
780.746
782.019
783.711
780.635
783.520
789.088
788.159
789.746
800.620
798.453
795.488
791.435
793.580
792.409
794.538
791.122
783.322
789.406
791.100
790.371
792.303
790.654
794.194
793.836
788.931
783.197
792.739
789.687
797.025
803.035
798.390
795.685
793.510
798.048
799.721
800.471
803.580
802.937
810.624
813.254
814.994
810.786
814.295
820.054
816.439
809.465
808.133
805.217
801.803
798.364
803.154
806.972
797.807
797.117
797.093
792.251
788.898
789.265
786.732
781.254
780.637
778.251
782.689
775.100
778.042
778.116
774.173
771.763
775.069
773.322
773.226
769.666
771.166
774.598
768.556
774.650
779.245
779.969
777.294
769.524
773.481
785.138
788.800
797.725
804.907
799.249
799.045
802.806
797.647
793.097
790.386
790.061
788.927
789.842
783.166
776.433
776.995
779.343
785.942
785.166
781.177
778.720
779.578
776.729
777.483
778.422
777.032
775.455
782.688
781.290
777.420
777.268
776.157
775.745
778.837
774.919
778.388
769.242
761.913
768.090
770.435
771.404
763.824
768.796
769.015
771.715
768.282
769.219
771.277
769.572
765.856
765.456
772.875
776.124
779.271
782.905
785.403
785.431
775.390
773.788
774.955
772.013
777.734
777.489
776.117
773.926
770.564
764.018
770.926
773.002
774.938
779.457
779.688
775.354
778.465
774.248
772.737
777.862
772.146
781.784
787.553
778.390
785.739
788.120
790.146
783.547
789.773
792.749
787.922
781.863
779.038
783.169
776.145
781.204
786.898
786.044
786.490
781.128
773.277
772.483
772.312
767.589
771.581
779.303
787.560
782.467
788.481
784.864
775.215
783.090
786.319
783.878
780.521
779.662
781.859
776.363
774.935
774.785
774.703
771.501
769.099
766.436
771.199
772.537
779.689
774.189
771.472
765.768
775.167
783.785
775.720
779.546
774.374
772.153
767.115
763.354
761.627
759.963
757.785
752.459
755.445
764.588
765.585
771.257
771.278
769.766
771.193
770.008
771.695
772.618
777.538
778.220
767.604
772.760
770.773
771.271
771.528
779.372
777.015
768.312
764.008
768.742
771.545
773.269
779.909
770.645
766.936
762.382
767.398
764.154
762.872
766.666
774.719
766.942
765.968
766.902
766.199
769.380
778.495
777.565
769.017
763.649
771.821
775.688
772.800
781.879
778.374
773.855
774.328
764.470
772.262
777.048
775.585
777.703
778.305
778.751
777.692
769.529
775.810
775.150
774.616
774.799
778.780
782.324
779.677
781.081
784.705
783.686
792.134
793.615
788.082
783.904
781.995
780.795
780.488
783.918
783.764
784.564
793.710
792.479
788.223
801.428
790.392
793.296
791.182
786.733
783.781
785.256
787.966
790.864
788.720
794.697
795.158
783.829
796.566
800.629
796.836
801.171
791.000
791.192
787.884
789.478
789.420
791.714
798.413
800.220
795.804
789.321
789.482
785.373
785.754
784.834
785.498
787.343
796.342
786.935
788.056
782.537
776.793
779.366
780.047
783.478
780.113
780.801
783.100
786.231
793.871
790.662
791.751
790.239
785.805
780.697
784.363
787.337
785.013
788.964
790.368
794.168
791.102
786.160
790.322
794.240
783.693
788.114
785.753
784.622
787.902
788.464
788.915
790.570
794.170
788.582
792.305
779.639
784.403
779.165
784.541
791.003
784.933
800.962
793.124
788.631
791.410
791.560
792.791
793.042
795.497
800.206
794.724
795.758
792.132
801.871
800.344
804.381
801.909
799.736
795.224
800.187
796.169
785.626
790.071
786.553
790.421
794.467
799.205
803.200
809.900
809.194
811.823
807.865
805.396
795.870
790.842
796.257
793.988
788.382
794.401
800.180
798.303
797.326
788.725
783.338
780.294
784.362
779.947
780.284
781.044
784.375
781.495
783.267
781.329
783.266
767.290
771.366
769.200
776.658
773.966
778.519
780.318
780.475
778.298
778.466
778.188
779.091
782.209
777.583
780.423
778.560
775.593
779.493
776.058
772.728
774.217
768.774
775.261
779.441
771.839
775.340
772.115
771.830
778.320
781.663
779.975
775.663
775.195
777.482
784.458
789.096
793.054
790.645
790.036
784.567
780.541
778.535
772.709
776.781
773.587
776.447
773.786
773.717
776.499
766.028
762.611
752.213
754.183
759.285
762.475
764.322
766.268
769.870
771.000
766.971
772.936
771.264
765.727
774.363
773.983
772.743
775.975
772.026
776.550
773.904
773.883
780.165
779.508
775.627
781.803
784.990
786.293
793.186
799.912
797.246
793.721
792.826
795.392
796.064
804.085
797.727
796.929
801.971
786.205
781.806
777.385
771.484
777.007
772.089
774.542
776.724
778.990
784.023
780.116
788.596
786.872
784.641
790.153
792.134
779.466
776.723
777.489
772.491
774.508
775.489
774.586
774.611
775.376
773.540
770.984
776.265
776.454
777.069
779.249
782.202
778.956
780.568
777.677
776.529
780.025
767.427
778.138
774.009
776.249
776.281
777.152
782.719
780.438
785.612
781.900
788.196
796.687
792.579
785.140
778.494
782.888
780.057
778.398
777.077
776.153
784.080
782.480
772.999
769.203
770.159
767.616
770.169
757.440
754.751
762.070
757.694
762.179
767.931
763.101
764.508
766.503
762.937
764.117
770.284
775.064
777.579
771.857
774.448
770.753
767.683
767.837
770.861
774.440
777.821
780.513
775.399
778.688
780.052
777.493
773.494
777.770
778.787
781.967
785.179
779.147
775.088
780.282
776.863
767.572
768.614
766.859
767.361
768.769
770.350
767.841
758.152
754.357
752.553
752.840
754.402
760.907
760.712
761.632
760.715
759.137
758.636
761.307
762.191
765.854
773.209
775.416
767.958
764.923
759.082
757.208
764.129
765.050
765.133
764.699
773.627
766.936
770.038
761.610
763.177
757.893
758.380
761.089
771.319
766.709
767.566
758.509
758.064
766.007
762.410
761.848
762.847
765.649
758.986
762.282
768.056
771.838
765.420
774.990
779.504
773.408
771.204
771.926
763.397
758.184
764.679
771.669
762.742
762.600
769.190
773.229
777.227
779.992
771.654
763.507
762.523
764.126
763.668
768.390
767.136
767.664
771.435
770.752
771.690
772.179
780.444
783.998
784.077
778.037
778.393
776.157
768.088
767.284
773.118
780.567
776.908
774.591
770.389
773.976
767.308
766.246
765.763
772.427
769.495
764.664
758.841
769.321
771.541
764.573
769.545
771.571
774.226
768.179
776.355
782.409
787.100
789.634
789.730
786.188
781.743
776.646
784.313
776.454
774.731
775.219
778.137
777.713
775.792
778.028
768.467
767.116
768.898
771.508
774.505
775.350
774.169
773.049
775.129
777.697
770.942
775.814
774.917
775.033
776.599
781.379
778.808
779.492
778.125
783.722
780.171
777.966
780.958
785.244
784.858
776.679
780.249
778.013
774.159
766.071
770.239
765.444
773.424
772.951
769.795
776.881
774.944
783.087
773.994
768.591
771.385
764.987
773.235
778.156
779.590
782.611
780.468
784.220
777.448
778.947
787.242
781.424
784.812
780.763
779.662
784.838
787.195
792.853
786.897
788.695
788.291
794.177
793.425
790.913
785.398
781.217
781.267
783.412
781.450
781.246
773.422
773.212
775.888
772.568
776.127
779.752
773.012
771.667
781.905
784.709
780.647
777.261
773.088
769.055
775.184
775.900
771.226
762.555
769.269
766.881
768.929
769.046
758.392
764.622
764.660
766.859
765.487
763.083
772.794
768.759
769.141
764.546
763.654
758.969
762.209
767.397
774.452
782.829
779.414
778.263
776.104
777.370
774.828
772.738
766.418
764.440
766.389
768.623
776.413
775.539
767.232
757.843
757.886
756.460
755.098
756.951
763.882
774.137
774.536
774.770
776.924
769.504
766.602
760.596
756.661
760.368
752.489
762.701
762.478
764.455
767.076
757.894
757.614
764.749
766.786
758.148
763.225
760.377
761.151
766.821
765.456
757.227
757.601
760.585
768.223
766.568
762.837
759.833
761.693
766.993
764.692
759.872
765.057
768.536
771.938
775.506
769.625
777.013
778.827
773.717
768.014
768.404
773.585
772.354
766.967
766.511
767.179
763.556
764.644
766.200
767.647
770.057
775.949
768.984
767.534
774.435
769.486
775.267
774.946
775.173
773.263
775.795
773.328
770.035
767.778
765.960
774.882
771.025
778.101
778.734
772.537
769.155
767.772
766.298
776.306
769.589
765.043
765.262
762.359
765.101
767.940
764.574
767.214
767.839
756.774
765.432
764.703
763.675
767.221
767.700
776.430
779.602
784.474
779.480
774.567
779.201
775.576
776.599
777.291
778.915
774.150
778.514
781.116
778.932
779.058
776.591
780.656
771.375
772.716
776.067
774.577
768.970
772.889
783.675
781.729
779.300
785.670
788.126
785.201
781.995
788.053
791.143
792.686
793.889
795.483
789.131
790.459
785.744
788.264
793.466
785.108
781.899
780.052
780.705
779.105
779.825
785.298
783.211
785.877
784.236
782.678
782.810
783.749
782.990
782.354
780.467
776.791
775.512
776.747
774.822
775.042
777.122
774.934
773.663
770.829
774.947
778.774
787.204
792.763
794.700
793.619
791.996
789.777
784.225
784.604
795.575
800.975
787.480
793.464
799.833
795.780
797.753
794.567
803.150
809.519
812.457
808.301
811.156
813.523
808.464
808.738
813.966
817.575
814.574
818.381
817.664
813.634
802.659
799.537
794.644
800.707
795.284
799.399
801.349
799.795
793.520
794.892
799.656
800.175
794.824
792.624
795.312
793.473
797.223
793.969
786.213
774.000
779.919
785.380
790.557
791.771
791.995
788.826
788.334
792.640
794.046
794.077
794.034
794.096
795.033
794.850
793.032
792.194
794.006
793.336
783.004
789.354
787.292
789.678
786.206
782.222
782.828
784.268
786.912
791.681
787.534
793.955
799.394
794.559
797.113
791.344
782.654
779.462
786.293
789.797
790.832
789.958
792.701
781.511
780.492
783.811
781.279
776.780
780.985
783.263
781.323
781.863
782.261
773.493
772.837
772.806
775.820
782.770
776.044
770.109
768.899
777.574
773.668
769.980
772.903
774.922
771.442
772.267
780.147
783.983
776.283
777.179
773.279
775.809
775.635
775.346
780.754
776.850
776.605
786.045
784.252
783.758
781.891
782.446
777.368
783.830
778.972
775.784
769.500
771.480
777.169
768.196
769.970
773.029
775.143
770.030
774.803
776.639
781.137
777.239
780.796
774.127
771.684
768.956
776.851
770.601
774.409
774.545
777.583
779.351
777.105
771.550
776.360
776.866
775.101
775.000
777.441
772.187
773.465
784.710
784.966
785.836
782.926
779.888
779.042
785.097
783.744
793.850
785.580
786.894
788.861
781.606
783.247
785.963
788.130
784.660
783.094
786.562
784.595
775.165
770.618
768.778
767.291
765.884
770.329
771.263
770.876
770.766
768.748
774.994
774.672
769.717
772.524
766.675
763.941
766.097
765.906
759.877
765.357
759.895
761.313
770.917
771.290
770.622
772.109
768.688
772.016
769.062
771.662
774.104
777.720
772.705
768.433
771.875
775.595
778.364
778.163
768.410
765.391
770.684
773.314
774.420
776.112
770.983
768.524
769.008
767.168
771.040
766.674
762.635
766.068
770.606
768.302
756.067
754.810
752.592
754.920
755.615
762.588
765.522
769.039
775.153
777.376
772.672
768.065
770.128
771.983
767.841
769.637
769.199
771.128
768.539
764.714
768.933
771.985
764.528
757.518
762.441
766.069
761.831
758.852
760.781
763.390
760.738
759.424
758.485
761.968
768.729
771.787
770.848
774.227
775.839
776.621
780.154
773.824
776.254
777.660
776.068
773.677
772.942
762.180
756.259
765.547
755.270
758.001
769.048
771.794
772.750
771.122
774.001
775.792
776.391
778.281
780.726
778.602
778.190
784.617
786.053
782.623
773.993
780.244
775.255
775.439
776.515
781.852
785.889
781.554
779.767
787.057
790.181
789.095
785.634
782.985
784.848
788.041
784.840
792.332
788.388
781.572
781.435
776.335
774.145
774.320
774.505
778.710
778.212
775.932
778.610
782.390
786.816
779.578
771.540
768.613
774.217
774.272
771.735
775.542
768.793
768.566
775.337
776.750
780.436
782.823
783.959
782.001
775.885
774.690
783.286
776.401
775.786
781.738
784.519
777.974
776.330
774.925
776.937
772.324
766.490
766.448
771.290
773.239
762.111
773.118
774.592
772.373
770.766
765.306
767.322
774.700
767.426
773.746
774.478
775.361
763.182
767.625
763.729
765.069
778.362
770.281
772.665
770.156
765.620
769.799
776.669
777.643
775.315
772.221
771.763
772.774
765.364
769.790
766.766
762.862
766.430
754.411
753.444
758.961
765.416
763.821
758.940
757.450
762.242
765.937
768.237
773.332
775.536
776.074
777.562
778.556
777.325
781.161
781.562
777.597
781.600
777.626
777.943
773.256
775.932
774.233
776.439
782.183
778.166
773.265
766.575
759.336
754.609
755.781
760.275
760.812
752.325
758.956
759.211
759.676
756.549
752.790
754.221
758.041
767.433
761.822
765.688
766.630
767.741
762.021
768.550
767.852
763.060
773.991
768.496
772.867
770.474
770.080
772.627
773.584
765.668
762.567
758.901
763.015
767.238
768.884
772.414
762.419
767.371
769.620
779.687
772.246
775.478
772.467
768.787
767.866
761.137
762.708
764.777
775.535
776.576
768.458
775.135
774.845
768.971
762.076
763.743
768.881
780.058
770.483
775.141
776.363
773.277
765.655
765.667
765.940
765.331
761.511
757.474
758.843
760.411
770.286
767.914
770.872
768.527
759.472
763.412
762.328
762.822
758.489
760.999
759.623
759.385
759.207
757.340
753.428
764.623
761.401
761.689
761.494
758.026
757.697
758.830
756.637
754.421
752.783
753.556
755.438
755.046
756.699
753.899
751.586
757.167
750.253
752.343
755.146
756.272
753.019
751.009
753.214
757.618
757.120
750.141
754.979
753.218
754.742
750.764
751.814
756.661
754.120
748.023
754.875
752.007
756.230
764.899
764.991
756.201
752.489
751.374
754.567
753.877
747.354
753.285
755.764
751.256
748.154
750.040
752.493
756.924
756.631
756.885
755.055
750.953
757.178
758.645
759.726
752.417
753.319
751.608
754.398
748.519
755.164
755.500
749.330
752.376
750.304
752.645
762.795
767.558
776.175
768.424
774.263
769.107
769.841
773.625
766.857
767.311
763.538
767.033
769.576
769.106
766.783
770.726
765.980
762.405
766.109
776.793
770.402
774.584
777.119
780.449
778.858
764.505
763.393
772.881
772.079
765.789
768.346
763.493
764.609
770.181
768.743
769.459
767.568
758.993
756.815
762.371
761.994
765.748
771.175
773.164
780.325
767.808
756.025
766.640
766.240
763.564
763.397
769.591
758.640
764.729
759.989
759.183
752.364
755.964
755.313
753.977
751.613
761.363
758.718
759.755
766.924
761.537
768.908
771.531
770.841
766.869
768.311
769.614
772.831
768.714
772.384
766.434
767.735
764.879
760.625
761.135
764.962
767.106
766.917
767.523
772.272
776.455
771.691
762.496
764.340
760.192
757.902
757.782
757.362
749.102
759.349
752.936
746.138
743.466
749.122
751.925
756.572
748.375
746.035
743.451
744.242
740.100
748.457
761.692
759.476
758.064
754.018
756.168
754.029
757.341
754.411
758.916
765.919
769.501
763.633
767.110
764.009
760.247
760.427
765.648
766.807
766.898
762.169
771.615
765.437
762.582
766.478
760.978
751.433
763.741
754.547
756.164
762.056
762.414
763.921
755.361
754.876
757.103
761.636
763.696
772.206
761.682
759.060
761.403
766.033
769.266
769.682
773.718
774.944
773.605
770.963
776.491
773.783
773.699
760.083
765.429
763.387
763.048
763.433
763.563
762.361
767.164
764.803
762.274
763.511
760.640
753.715
752.195
742.630
745.816
750.620
753.732
749.602
748.324
751.724
750.472
749.961
747.853
740.761
749.104
746.498
749.200
747.305
749.101
755.854
760.074
762.253
761.165
758.517
758.895
761.000
764.071
761.298
759.555
759.515
759.797
760.130
758.678
759.079
765.201
762.582
764.377
767.238
765.055
763.962
758.706
753.180
754.446
757.491
759.398
766.730
762.287
759.926
766.929
768.553
771.888
771.620
781.172
781.575
780.966
782.164
779.758
775.433
776.161
780.627
781.735
773.242
775.228
771.413
773.627
771.214
771.841
774.305
773.007
767.334
770.092
770.614
773.701
768.430
769.623
766.956
763.683
759.887
765.344
768.656
772.198
768.422
769.017
774.258
767.166
776.134
774.402
770.241
761.072
762.858
761.566
765.363
771.041
768.091
764.913
770.711
775.701
769.319
771.168
767.401
763.793
770.923
759.408
768.686
762.240
768.435
771.052
771.545
772.481
772.438
767.507
766.415
771.859
776.151
772.703
774.508
780.450
774.378
781.602
772.662
767.034
766.834
771.864
770.321
776.036
791.170
784.104
789.189
785.308
787.057
785.752
787.685
787.903
786.960
784.733
779.065
785.086
777.120
781.172
787.592
782.206
776.443
771.000
776.621
773.127
777.623
787.961
780.509
775.858
774.722
775.123
775.034
774.620
773.187
766.963
768.863
771.065
771.486
775.955
772.159
762.561
765.496
766.957
772.298
768.877
777.265
778.621
774.879
771.970
773.334
783.580
779.243
778.902
776.060
775.809
777.530
778.175
781.864
776.835
777.360
782.490
776.444
776.375
773.084
774.374
773.029
775.608
776.212
787.829
781.073
777.114
780.009
771.985
776.876
769.950
768.578
768.084
770.178
784.142
786.237
784.530
778.842
775.388
781.689
774.054
772.896
770.037
771.889
767.257
767.782
769.553
772.090
772.699
770.189
772.436
782.383
776.216
773.542
774.632
783.457
770.069
775.755
766.481
772.162
772.136
780.809
773.561
772.495
769.887
767.133
772.030
776.016
773.435
775.224
769.602
778.197
777.015
775.587
779.223
777.437
771.929
771.799
771.891
770.939
774.290
774.512
766.752
770.271
773.143
781.259
781.615
778.633
777.824
785.390
783.241
774.483
782.014
771.539
776.621
769.740
775.577
765.909
765.168
766.910
764.070
766.146
758.981
764.655
767.814
770.943
770.586
767.967
765.000
769.440
772.480
774.197
770.328
771.854
763.343
775.044
767.606
770.109
768.036
765.509
756.455
757.972
761.619
763.821
773.285
768.794
768.507
765.548
764.177
764.904
774.453
784.947
786.267
784.825
781.355
772.773
767.789
775.950
778.001
777.277
779.047
770.470
768.199
767.691
768.003
764.458
771.675
773.162
775.565
770.921
767.660
766.842
765.066
774.398
769.886
770.728
772.106
776.574
767.920
760.976
755.647
764.070
762.870
768.295
772.387
773.509
769.148
774.151
781.439
776.451
780.569
770.705
776.085
773.848
768.990
768.636
769.774
777.170
777.931
772.579
768.915
763.046
772.172
767.559
772.374
769.836
772.375
773.328
770.471
769.501
780.680
785.785
786.802
791.880
786.642
785.280
788.147
793.107
789.676
788.328
789.487
785.379
790.703
784.169
780.591
787.873
785.241
784.916
784.520
786.108
780.040
775.653
776.740
782.873
791.600
788.561
787.141
789.530
784.545
772.478
768.387
761.705
763.170
765.950
767.405
769.929
768.060
775.091
768.265
770.693
769.698
775.385
774.003
776.769
786.661
789.767
787.115
788.063
787.234
785.123
781.711
786.981
788.135
779.949
780.491
775.861
768.101
768.608
768.997
775.564
776.072
770.811
767.551
766.007
770.932
768.130
764.379
763.304
762.688
768.718
772.917
768.761
769.662
768.712
763.419
769.406
774.402
769.042
763.435
770.039
770.312
764.299
761.264
768.400
771.822
775.126
780.072
777.928
777.954
781.707
782.455
776.191
771.616
768.371
765.410
762.781
772.864
777.428
784.734
788.815
788.773
789.704
794.846
789.954
792.942
787.232
789.585
791.844
794.329
794.548
788.977
789.203
784.593
778.024
780.909
778.830
779.099
786.571
786.269
786.850
786.570
789.666
784.843
782.569
777.843
777.283
772.465
773.113
775.301
767.717
773.640
765.734
770.078
770.254
776.334
773.853
775.474
775.915
769.130
777.660
778.730
776.732
771.870
766.119
771.768
772.816
772.637
768.449
771.364
773.658
776.962
778.211
786.931
772.760
772.948
771.012
769.949
769.983
773.075
768.929
765.906
769.125
770.297
767.888
777.201
770.001
766.728
771.413
778.291
779.813
770.737
775.463
771.773
776.746
771.078
772.552
777.864
773.822
774.937
770.993
779.741
777.836
780.028
777.873
783.575
781.212
774.693
774.794
777.994
777.093
780.526
778.348
777.073
771.642
768.862
774.801
777.073
786.303
788.927
776.084
777.290
773.606
774.901
775.967
773.693
769.940
764.024
762.723
759.980
760.587
759.075
760.747
763.695
767.542
770.172
769.102
769.218
775.411
774.485
775.271
775.309
779.677
784.629
784.643
791.372
788.948
785.641
784.416
781.049
783.438
776.448
775.606
776.181
773.316
771.078
769.890
768.482
767.680
769.152
768.828
767.313
769.531
773.759
768.994
767.294
770.244
764.053
764.949
758.847
764.904
754.936
755.082
762.298
756.850
764.727
764.957
765.402
765.724
772.130
766.287
765.623
770.632
767.984
765.530
763.012
762.433
762.291
761.367
764.764
763.288
761.854
757.159
757.595
748.851
747.976
750.873
747.882
747.967
746.705
748.167
745.185
754.734
750.670
749.711
752.161
757.758
759.007
753.126
759.749
761.961
759.398
759.058
758.187
750.039
746.511
746.240
747.651
751.851
752.943
758.520
753.379
761.108
754.558
752.053
747.781
745.418
739.811
745.744
747.662
745.531
746.414
748.413
754.172
744.007
747.269
751.541
742.218
752.176
752.346
752.884
753.027
750.922
751.067
756.775
756.900
755.019
761.034
756.909
747.127
754.700
752.788
759.313
765.070
761.047
758.194
753.497
759.257
757.697
756.782
754.107
746.017
747.297
751.388
751.603
753.910
754.908
752.779
755.899
753.595
753.616
747.106
746.987
744.616
741.308
739.453
745.232
735.317
742.845
746.444
751.406
740.669
747.580
752.958
753.428
746.322
744.633
746.534
747.112
751.086
760.581
762.154
766.075
765.762
759.170
753.374
753.902
760.310
769.163
766.276
767.866
767.542
765.654
770.441
769.255
766.916
770.536
768.315
762.310
768.443
770.393
766.239
766.980
768.383
769.481
772.844
774.543
767.244
764.133
758.351
757.693
756.767
759.104
761.548
759.262
758.186
765.001
756.162
754.711
752.251
751.465
749.400
752.444
743.061
750.682
739.865
743.577
745.119
741.122
743.376
746.327
747.564
746.254
752.222
750.393
741.790
737.632
737.790
745.368
739.791
737.228
737.126
734.668
738.555
750.434
747.052
750.538
746.695
756.025
755.690
755.040
749.019
749.223
753.528
755.984
759.845
763.531
764.206
762.159
755.816
761.474
754.813
756.054
751.867
764.363
757.782
752.612
750.620
749.514
748.430
749.961
759.951
758.332
749.535
756.188
759.296
758.014
761.580
755.043
752.740
756.073
755.890
759.800
761.267
751.976
746.762
748.440
756.738
755.790
751.649
754.779
754.989
760.730
755.308
764.458
765.806
766.506
767.437
769.852
773.797
772.892
766.039
769.294
764.601
768.126
765.473
773.411
772.329
768.790
776.074
779.398
770.429
774.269
771.471
775.011
774.523
774.697
769.686
769.485
771.430
767.550
764.077
765.255
771.214
770.735
775.922
778.236
771.447
768.368
761.542
770.813
772.340
769.222
768.611
765.876
774.236
769.248
768.341
767.625
762.826
757.089
765.344
762.805
767.400
759.434
764.320
773.558
768.163
773.073
773.500
770.578
766.360
768.649
759.901
763.804
762.887
760.823
759.945
762.614
766.623
764.646
767.569
765.034
761.875
755.640
759.710
763.613
756.809
754.956
758.442
764.973
768.442
770.636
769.035
771.533
775.245
768.781
767.325
764.939
770.954
767.715
771.674
780.592
782.301
783.500
777.515
781.291
780.834
779.223
771.464
772.948
771.796
769.008
777.740
777.752
778.956
780.496
782.562
779.760
786.841
784.894
792.063
785.751
792.992
792.386
788.592
794.243
790.506
794.686
782.436
789.013
783.521
780.723
781.693
782.772
788.111
782.056
777.878
778.256
781.654
782.357
781.984
778.798
785.571
773.182
775.187
777.263
778.753
778.803
781.670
781.826
779.186
779.717
780.271
780.250
781.839
780.270
781.374
783.030
781.987
782.825
782.556
787.332
783.984
776.931
775.079
779.112
781.439
781.559
777.842
776.844
777.168
784.042
780.826
779.188
777.537
781.808
784.171
780.536
786.203
780.922
785.244
783.957
783.394
788.599
792.709
786.136
782.502
784.594
782.268
779.954
780.076
786.132
777.670
778.690
775.501
773.590
783.199
785.168
787.050
784.953
783.398
780.099
780.689
777.107
780.159
779.715
775.748
777.814
766.518
771.930
778.965
780.298
779.067
774.762
774.569
778.561
783.370
781.984
771.772
769.735
778.172
775.837
777.698
775.980
773.361
782.532
783.542
787.139
789.379
780.458
784.625
785.422
783.781
783.823
780.880
780.713
783.517
786.935
785.916
780.307
774.146
773.580
783.110
777.829
779.097
781.339
783.756
777.014
761.419
764.721
765.196
772.347
770.319
770.589
770.986
770.497
765.915
762.111
754.149
756.864
763.316
762.538
766.314
755.447
760.514
754.853
761.492
770.085
769.831
771.232
778.172
774.204
777.619
773.911
774.861
773.181
773.831
765.417
771.212
765.033
769.196
769.857
768.878
767.453
765.460
766.068
760.840
763.967
765.389
753.981
754.408
756.895
761.296
762.970
759.849
764.262
768.556
768.027
765.086
764.397
751.109
755.055
746.833
744.831
754.123
756.030
756.787
753.712
755.941
754.301
761.684
765.924
765.980
765.513
773.251
775.179
766.041
759.764
757.647
765.108
763.132
758.418
753.334
757.751
750.638
752.300
752.010
761.857
757.385
762.825
758.579
760.379
761.294
765.575
758.164
761.785
757.285
765.435
766.333
765.386
761.556
759.620
761.311
765.743
765.625
772.566
771.298
769.293
768.985
760.964
767.685
767.664
772.194
765.160
766.521
763.098
760.248
767.573
763.146
763.745
765.617
770.128
769.687
770.804
767.305
767.070
763.507
763.533
765.889
769.839
775.957
780.515
780.041
777.729
781.530
780.215
776.245
772.192
771.797
772.147
768.999
770.608
766.314
767.223
769.334
765.793
766.623
769.911
764.710
775.832
769.881
764.189
763.742
758.089
760.289
755.705
755.220
755.573
750.641
756.138
751.399
750.181
747.275
752.119
751.140
754.284
746.161
751.038
745.749
745.752
746.290
752.919
750.788
750.628
755.742
751.726
744.662
745.453
748.944
746.735
751.094
748.799
752.216
747.451
748.785
746.767
744.148
740.939
739.358
739.756
740.994
743.030
745.470
748.252
753.203
748.500
750.128
750.200
752.952
750.330
748.825
752.252
757.425
754.452
753.246
758.515
754.581
752.108
756.285
758.833
760.792
755.001
760.419
760.221
764.057
761.489
758.165
756.311
761.904
760.488
761.198
762.585
765.088
762.649
767.193
769.789
764.922
761.062
761.398
757.949
764.869
765.318
764.407
767.502
772.643
767.129
770.396
776.148
773.530
779.573
786.077
779.084
773.939
775.976
778.032
777.713
781.999
781.228
782.229
781.035
786.307
783.642
781.071
779.722
781.739
789.062
792.165
788.291
775.016
783.091
780.041
775.984
783.078
777.673
776.329
775.155
777.947
777.660
776.878
785.983
783.095
783.833
777.163
773.296
772.494
771.020
771.563
776.503
779.468
769.960
768.352
771.996
774.802
764.052
763.057
763.276
762.223
764.076
759.398
754.849
766.143
764.357
764.610
763.206
760.375
765.831
761.416
766.675
761.223
767.508
768.658
762.487
772.154
771.557
774.303
766.710
767.424
759.908
761.467
767.697
762.549
758.595
757.249
753.594
758.745
754.237
758.573
760.456
759.831
757.847
763.930
766.191
768.809
764.771
763.896
763.775
754.892
745.448
748.326
749.939
747.906
752.686
744.941
749.745
752.301
749.705
749.969
742.994
751.108
754.785
750.312
751.409
742.388
744.416
742.150
743.784
749.741
747.960
753.024
757.047
755.828
751.762
748.462
749.589
746.497
749.773
754.826
759.362
759.401
762.742
757.694
761.940
761.895
763.091
768.567
765.202
766.796
766.323
762.171
764.533
767.221
769.857
764.690
770.532
769.910
763.753
758.482
769.368
766.977
766.987
768.486
762.755
773.613
775.697
766.791
769.971
767.116
762.714
759.367
757.028
754.473
752.254
750.316
745.858
747.780
749.076
758.219
760.714
761.488
757.882
756.973
758.001
766.178
766.158
764.182
769.417
768.696
773.254
773.482
775.146
777.435
779.495
775.001
779.232
781.110
774.822
776.446
770.751
771.242
769.338
765.199
764.079
772.193
770.295
769.541
776.756
774.897
771.567
770.074
773.550
770.412
771.659
772.261
776.038
772.421
773.903
772.274
769.106
773.765
771.698
778.972
778.193
773.100
768.163
766.068
771.509
762.040
761.360
760.634
765.552
759.947
765.850
767.249
761.025
760.190
760.674
750.696
750.050
753.418
750.845
754.029
751.552
759.148
759.140
762.186
764.937
762.839
759.899
767.117
767.568
762.281
763.532
751.022
752.859
751.386
747.848
744.143
757.215
751.244
756.838
766.294
756.316
758.744
767.062
763.009
765.029
762.622
756.167
756.063
761.233
759.113
765.280
764.319
768.900
769.776
761.930
769.909
767.588
775.651
773.436
769.968
775.257
774.665
771.591
770.485
767.032
764.158
763.335
762.601
765.418
768.791
757.785
767.792
766.604
765.230
765.029
760.056
763.167
763.165
760.491
766.331
763.368
762.131
756.253
754.510
756.508
756.059
754.894
762.230
758.106
752.079
753.956
760.280
768.960
765.776
759.700
758.536
766.932
760.755
754.302
758.068
751.087
749.996
749.550
756.051
754.466
753.665
751.077
754.473
759.079
756.943
756.779
764.290
761.155
758.256
759.664
759.814
759.942
759.590
764.857
759.665
764.725
755.250
764.007
761.204
767.937
765.296
768.585
769.388
770.837
771.096
776.374
770.591
770.412
763.423
771.109
764.231
762.339
761.273
762.500
761.885
761.176
759.480
764.114
759.384
760.632
757.323
755.988
757.639
763.755
759.536
760.923
770.889
767.997
776.448
766.938
764.877
763.185
755.471
756.519
755.724
748.676
749.070
760.523
759.597
760.066
749.673
747.130
748.196
748.895
746.901
749.448
743.671
744.768
743.283
746.638
744.877
748.224
748.032
755.645
758.267
752.193
753.700
747.533
753.962
755.551
752.669
749.436
741.598
739.808
741.214
739.917
743.817
746.002
741.269
743.278
744.116
746.827
745.382
743.782
749.450
748.537
749.575
748.738
752.490
752.416
746.924
747.323
749.596
750.603
754.764
744.244
752.136
750.078
746.204
745.629
744.151
735.843
745.661
748.734
750.868
746.085
742.850
747.634
749.747
757.515
752.105
757.765
759.102
763.089
758.958
754.886
761.214
765.016
761.446
759.654
761.385
753.363
756.421
760.317
757.329
759.701
759.809
757.864
758.644
763.371
761.092
764.354
755.887
755.125
748.676
748.195
747.928
749.073
754.040
755.234
758.119
753.536
747.330
742.527
744.154
740.889
747.943
753.936
750.899
749.478
749.016
747.348
751.771
753.464
751.698
749.270
753.649
746.876
750.316
754.879
752.642
750.826
743.258
752.896
751.097
755.853
755.403
751.681
745.187
751.749
755.029
759.140
754.074
753.632
753.564
756.999
764.336
759.518
757.827
752.799
752.311
752.364
747.957
751.116
752.205
753.779
751.999
754.903
753.956
755.570
759.580
763.855
761.350
757.200
765.938
769.053
770.322
769.692
766.463
763.483
765.440
773.631
769.562
771.526
766.079
768.100
766.937
771.441
772.403
763.058
768.496
761.788
763.700
767.722
771.296
775.193
774.785
778.902
774.465
770.939
780.770
783.891
792.788
785.433
785.687
787.358
786.938
785.235
781.583
776.362
775.263
777.867
781.481
773.500
770.921
768.117
772.275
774.310
775.699
772.674
772.635
776.544
774.568
771.215
774.807
771.005
768.960
767.159
767.648
768.343
758.394
760.421
748.432
754.165
753.411
766.093
765.045
764.356
764.580
757.601
754.031
761.448
759.584
756.724
758.602
761.188
761.359
757.020
761.831
761.858
762.119
760.847
767.380
761.562
760.550
758.479
758.811
767.512
767.132
776.706
776.718
771.688
766.362
768.180
759.104
753.938
760.748
758.150
764.057
770.068
766.676
775.279
777.489
778.158
777.770
776.070
776.878
773.322
772.783
768.965
770.846
775.866
767.394
772.207
774.731
769.372
763.727
761.494
764.290
764.910
767.930
765.596
771.228
769.407
768.036
760.227
765.397
759.000
761.528
770.624
766.455
762.733
761.241
764.834
763.947
777.127
768.413
764.966
762.356
760.316
763.213
764.461
757.363
753.162
748.520
745.636
741.654
743.942
748.366
752.661
744.058
747.894
747.042
749.310
750.417
756.137
752.197
744.879
744.071
741.029
741.326
728.234
735.404
736.076
741.569
739.661
735.408
744.786
743.675
740.231
744.076
739.655
740.452
739.086
745.392
741.923
739.747
735.955
738.026
740.096
745.636
745.357
741.003
738.130
736.924
732.057
733.488
739.663
741.172
737.179
735.385
744.596
747.706
744.494
741.826
748.852
751.840
753.563
751.969
751.507
749.487
745.666
739.391
740.668
736.276
742.736
738.017
734.607
736.167
744.418
750.585
750.392
748.509
753.308
743.925
744.140
746.554
753.756
756.443
758.314
752.225
749.148
756.090
752.419
745.165
756.615
750.677
742.233
738.904
743.035
743.158
741.919
743.310
741.478
750.064
748.722
752.803
748.929
748.104
743.802
747.685
744.396
751.651
742.769
740.157
743.423
747.726
745.410
749.741
757.173
751.574
755.000
755.161
755.274
764.601
760.181
756.961
759.827
758.265
759.150
758.658
760.837
760.044
760.862
759.869
756.667
750.242
752.525
753.309
754.913
757.937
756.698
754.524
755.671
746.028
751.976
752.242
750.999
757.869
754.450
758.266
755.546
760.699
761.960
761.829
764.291
760.048
759.284
760.713
755.027
760.947
753.922
759.601
761.673
757.652
758.571
765.342
766.907
775.334
765.165
770.407
767.293
767.711
765.159
766.551
771.567
775.704
773.774
771.581
772.215
769.645
780.782
782.234
783.788
783.575
785.853
787.075
785.236
780.630
777.802
773.039
779.187
778.142
780.481
787.816
788.353
795.726
790.329
786.522
787.847
792.107
788.689
778.463
776.599
776.890
775.700
780.897
785.613
789.930
786.714
787.972
784.916
787.773
791.851
790.708
792.660
793.692
801.934
802.896
796.786
799.248
803.548
803.838
802.261
803.882
797.982
789.939
793.083
791.371
783.515
787.337
793.094
796.153
797.686
776.882
778.021
783.212
793.120
792.282
792.631
781.858
784.765
781.029
776.839
772.044
769.859
775.005
782.568
782.586
770.577
767.738
775.430
771.646
769.129
765.473
765.445
769.632
771.184
769.992
771.082
775.071
769.463
766.023
763.919
769.762
768.797
774.302
771.607
774.595
776.879
770.993
764.848
764.058
767.148
770.832
765.333
773.371
773.180
770.973
770.025
760.958
764.384
766.196
770.814
773.729
774.341
778.057
774.840
772.915
777.730
771.652
775.437
768.025
766.736
770.310
770.281
770.970
778.931
773.551
778.219
773.345
769.352
767.366
768.616
767.720
768.158
762.685
760.725
759.298
757.931
760.053
752.936
759.629
753.788
751.124
750.600
749.230
756.152
756.309
757.653
759.998
752.603
756.278
748.961
751.798
748.525
751.387
744.386
752.004
748.530
745.623
747.158
745.955
753.459
748.992
756.290
754.906
756.657
759.022
756.860
755.650
756.037
753.609
750.913
752.686
749.173
754.702
758.047
759.912
759.812
756.144
749.798
759.954
760.237
760.679
763.793
760.678
760.414
759.867
757.689
757.663
758.318
759.869
754.709
754.579
754.401
751.958
750.109
747.374
745.799
736.476
740.613
739.992
736.989
746.192
744.694
746.568
745.811
745.771
743.329
740.344
736.810
739.266
742.381
741.415
742.051
748.640
748.356
750.307
755.249
748.432
748.158
747.965
756.084
761.397
756.456
756.918
757.656
759.524
765.592
761.944
760.256
758.382
762.147
760.381
763.167
753.662
757.339
760.789
758.863
757.525
762.344
758.465
756.997
759.142
757.177
758.611
761.184
764.592
763.605
767.823
762.035
769.617
778.937
785.593
778.693
774.628
774.479
782.807
784.556
784.627
777.692
776.915
783.624
781.755
782.238
777.534
772.407
776.166
775.077
771.547
770.346
770.584
767.869
765.482
771.675
763.534
764.466
769.620
775.659
772.825
768.894
774.650
770.925
767.918
772.168
770.000
764.651
757.838
765.222
768.490
761.739
759.678
754.969
748.818
753.778
746.139
749.346
753.994
756.095
758.472
755.553
755.971
760.863
763.200
769.993
766.523
769.671
768.327
761.126
776.998
780.841
780.996
775.960
780.362
784.069
786.625
782.836
775.042
770.959
776.687
791.415
783.437
779.753
781.349
779.729
774.350
773.088
774.997
775.343
769.773
774.711
772.404
770.308
768.778
770.903
772.760
779.062
780.157
778.042
771.997
773.359
767.223
768.686
767.171
767.452
765.373
767.978
771.151
766.375
760.990
761.035
755.745
760.073
765.418
768.976
761.353
759.098
760.611
761.693
774.058
769.201
770.350
769.420
772.315
769.336
773.655
768.575
764.469
763.201
768.267
757.973
757.276
757.999
752.556
752.060
754.743
761.366
761.550
754.701
758.236
755.779
759.049
757.123
759.898
773.881
780.427
782.793
783.820
778.816
773.674
781.541
778.815
772.062
776.431
779.652
772.712
763.931
766.950
772.768
780.029
772.953
775.002
767.504
770.281
766.077
765.064
764.732
758.153
764.014
761.229
755.793
754.063
760.710
763.166
768.859
760.093
756.642
753.523
756.300
752.586
749.432
745.028
755.022
758.232
762.818
759.499
762.296
763.602
760.291
757.528
750.940
754.248
761.559
759.104
766.215
769.325
765.456
762.117
768.134
768.734
765.273
766.643
764.965
764.326
758.316
761.038
761.118
757.465
754.768
756.179
762.513
760.897
759.263
758.774
758.617
763.390
761.931
763.377
761.376
758.499
760.585
757.734
755.101
763.337
757.216
747.610
757.147
766.669
762.387
765.677
763.461
767.303
766.181
766.269
774.014
782.225
775.328
781.209
775.084
773.189
772.121
777.191
768.627
764.718
769.612
767.069
760.699
769.138
758.931
766.164
768.760
769.557
771.222
769.742
765.863
765.577
775.909
777.072
782.052
782.092
780.613
787.386
785.540
783.693
782.409
773.364
770.591
771.893
772.221
772.602
768.429
772.214
778.437
777.233
775.564
771.783
769.872
776.756
774.104
774.002
769.640
773.317
780.155
770.141
771.425
774.273
775.432
775.993
774.116
769.403
771.559
779.797
779.706
779.680
783.605
786.909
786.238
778.940
787.115
781.890
786.544
783.648
781.496
791.992
787.301
792.841
787.482
781.225
771.725
769.121
776.231
772.127
766.757
768.592
770.553
768.183
769.151
773.612
771.550
773.302
768.364
774.561
777.251
769.425
771.334
770.419
764.255
767.897
765.843
764.494
772.828
771.509
770.040
774.200
773.658
777.717
782.165
777.601
772.715
781.247
778.849
777.885
776.617
779.625
779.975
773.242
772.339
779.580
775.880
774.920
773.313
769.541
773.882
770.906
773.950
781.792
782.680
776.296
777.375
778.635
773.282
775.112
776.872
771.488
776.471
776.153
771.413
770.713
776.620
774.539
766.556
758.367
762.211
766.925
768.569
765.058
762.565
757.781
767.646
770.946
771.761
773.889
781.697
786.698
788.564
785.181
780.676
775.035
779.650
784.816
784.756
783.396
783.794
779.271
768.200
773.145
773.014
770.910
772.479
769.332
768.071
774.660
770.736
775.638
779.632
779.474
774.333
771.202
768.049
773.441
771.666
776.979
772.299
777.461
767.154
775.088
776.060
770.983
773.129
779.692
774.221
777.659
772.747
778.982
771.760
775.962
775.082
772.268
770.382
771.518
777.563
786.457
782.053
779.075
783.373
784.880
782.648
786.885
786.789
783.542
779.743
781.194
778.370
774.861
783.154
771.918
771.100
767.378
769.006
766.335
768.706
761.207
764.475
769.681
756.891
764.980
767.646
772.170
765.668
772.218
772.255
769.334
773.214
770.869
771.896
774.687
773.808
776.278
775.118
781.560
776.801
784.061
777.879
781.549
777.149
774.804
773.462
773.502
773.918
773.692
776.265
772.778
771.891
774.644
772.807
771.950
760.260
766.680
769.739
768.431
768.352
774.345
772.458
768.193
767.371
768.064
772.305
776.229
778.067
773.871
769.256
772.300
770.295
766.903
773.293
769.174
767.982
769.093
765.845
767.143
761.502
765.264
765.321
761.443
769.303
771.319
761.778
766.850
766.757
770.304
769.354
766.209
770.642
771.721
771.240
764.120
762.283
