533.992
530.057
533.696
531.564
532.877
532.829
531.169
532.374
534.289
533.291
533.860
531.265
534.133
532.452
534.017
532.882
532.366
531.807
531.044
529.526
531.729
530.314
530.436
529.209
528.706
532.356
531.138
530.062
530.247
529.858
532.042
531.476
529.886
532.734
531.364
532.805
534.475
532.894
531.114
531.616
530.996
531.546
534.322
533.663
533.771
534.204
533.912
534.632
532.674
534.801
534.146
534.128
529.834
532.312
532.762
531.390
533.851
531.443
532.827
532.357
533.609
533.859
532.864
532.976
532.242
534.734
533.219
533.986
533.675
534.829
534.835
532.623
537.062
534.485
533.069
532.638
533.029
533.697
534.614
533.603
533.205
533.677
534.295
540.706
532.819
533.555
534.171
534.692
536.295
535.101
533.346
534.789
535.995
534.582
536.232
531.673
535.038
534.537
534.787
533.804
532.399
533.247
536.568
534.238
535.417
534.219
532.809
533.875
534.330
532.394
535.956
537.462
537.278
536.005
537.970
534.279
533.340
533.389
535.899
535.167
534.133
534.463
536.258
536.117
536.228
537.814
535.854
533.317
534.481
535.825
534.647
534.968
532.845
534.834
536.026
532.960
534.375
535.998
536.303
536.247
539.024
536.965
536.499
539.514
538.778
537.419
535.672
536.225
534.374
536.749
536.696
536.436
535.882
537.941
536.967
534.773
538.212
537.493
537.859
538.834
539.750
537.286
537.407
535.998
537.795
538.285
539.385
538.440
540.274
539.300
536.062
538.566
540.115
537.504
540.009
537.869
537.099
536.605
537.069
540.056
539.094
537.036
538.891
540.816
536.823
539.131
538.659
539.457
539.119
537.549
538.366
537.903
538.333
536.713
539.923
540.997
536.948
537.974
538.492
539.887
536.767
538.593
535.990
539.229
533.916
538.033
537.548
538.328
541.590
539.059
538.084
537.860
536.934
537.785
539.751
540.506
539.046
538.852
536.334
542.278
542.213
539.858
539.414
537.842
542.670
537.695
541.501
535.807
538.758
539.238
541.022
538.797
538.771
541.278
541.082
542.321
544.367
543.179
540.936
541.918
540.348
541.678
539.821
539.140
544.226
541.204
540.018
538.652
540.085
540.989
540.089
539.609
541.782
542.094
543.150
541.150
544.267
541.489
545.140
541.269
542.158
540.551
542.784
544.765
542.614
540.696
542.787
542.033
542.512
542.806
541.521
544.083
543.007
541.406
539.763
538.752
539.477
539.334
542.582
543.395
542.321
541.555
542.004
540.626
539.701
541.025
542.005
542.793
541.130
541.322
542.218
539.929
544.518
540.095
541.729
543.128
542.894
543.550
543.933
540.823
543.109
542.114
541.567
541.153
542.179
539.502
540.085
540.918
541.595
543.823
543.369
540.202
541.439
543.346
544.912
542.862
544.150
541.391
541.443
539.842
540.414
541.898
542.069
542.298
541.847
542.979
541.715
542.490
541.365
545.273
541.038
540.394
538.622
539.282
538.409
538.281
538.365
539.520
539.023
541.566
540.394
539.400
539.806
540.910
541.082
540.142
542.791
539.815
542.443
539.172
538.031
539.536
539.496
539.031
539.805
541.740
539.537
541.595
538.561
538.750
539.493
541.533
541.364
542.264
540.811
540.634
538.620
541.140
540.733
540.483
542.683
541.803
539.300
539.288
540.051
540.258
539.650
540.926
541.711
541.594
539.325
542.026
539.681
542.600
539.087
541.790
539.943
539.789
538.482
538.646
538.510
537.934
538.358
538.125
540.564
540.096
539.678
537.105
538.557
538.906
536.316
541.103
540.093
540.736
538.810
539.080
537.637
542.983
541.210
539.065
539.761
537.889
539.546
539.267
540.418
541.956
539.183
540.304
541.770
537.357
538.191
539.825
540.577
539.556
536.424
540.293
541.150
538.422
538.480
538.435
540.959
540.454
545.039
544.595
541.529
538.376
541.168
540.062
538.470
541.043
539.221
538.370
542.498
543.158
537.331
540.460
540.602
537.541
539.235
540.623
539.604
539.137
541.599
537.814
539.928
537.399
536.696
536.141
540.167
540.966
540.364
539.634
540.295
539.044
538.493
539.386
535.274
537.781
536.553
538.170
539.862
539.651
537.383
539.658
535.863
534.401
535.177
539.699
539.656
539.499
537.208
534.023
539.392
538.273
538.246
541.149
536.133
536.543
534.774
536.714
537.985
536.570
533.487
534.476
535.081
534.969
535.760
540.250
536.748
536.807
536.506
536.808
535.867
538.883
536.019
538.799
533.800
535.953
536.150
536.973
536.002
537.513
535.160
536.939
538.684
534.566
536.845
536.325
537.594
538.249
535.734
535.895
537.638
537.489
534.964
534.183
535.801
533.526
535.687
533.179
532.442
532.979
535.103
533.123
532.438
534.390
535.704
536.693
537.921
537.386
535.853
533.913
534.832
536.652
532.045
534.866
534.208
533.726
532.128
534.338
535.394
535.195
531.595
533.283
532.985
535.341
535.095
533.150
532.034
535.259
535.403
535.719
538.441
534.174
535.773
535.302
535.748
536.687
536.502
535.458
532.861
536.145
535.637
534.892
535.380
533.699
533.353
534.704
533.292
534.682
534.935
536.076
533.881
535.176
533.868
536.973
537.591
538.932
536.813
534.987
534.316
534.921
537.633
537.323
536.317
538.035
537.540
538.027
535.329
537.775
536.207
535.667
540.149
537.220
539.108
536.513
535.048
537.644
537.012
537.730
538.396
537.210
535.862
538.310
537.263
534.400
536.249
537.848
535.372
535.197
537.680
537.826
536.235
534.929
535.466
535.176
533.038
532.761
532.388
532.870
535.315
536.831
537.342
535.742
532.431
531.917
534.265
532.746
536.009
535.254
533.574
535.569
533.952
536.627
535.290
537.962
537.887
537.570
535.580
536.411
534.008
538.770
534.845
536.322
534.651
534.845
533.859
533.579
533.774
535.087
534.510
533.382
535.110
535.591
536.736
535.129
536.233
533.975
533.320
535.445
533.588
532.535
533.515
535.090
531.182
530.331
532.752
531.158
535.429
534.879
532.598
533.785
534.939
534.580
532.916
532.681
535.070
535.944
538.787
536.057
534.603
536.331
535.143
535.602
533.973
535.218
535.009
536.240
535.128
534.206
536.112
534.680
534.447
535.589
536.613
533.950
537.064
534.001
535.047
533.409
533.069
536.750
537.018
536.875
535.584
536.574
534.824
537.036
535.436
535.877
537.862
538.345
536.246
533.677
532.540
536.226
536.126
536.493
533.074
533.635
534.009
535.160
535.005
535.198
534.448
533.627
535.644
534.291
537.740
535.213
535.017
531.824
534.355
535.750
536.057
538.832
535.329
537.817
537.691
534.541
538.939
536.653
536.542
535.403
533.756
536.818
536.384
536.548
535.002
537.307
534.600
536.727
536.888
534.562
535.742
533.556
534.824
535.017
532.414
535.207
534.278
536.707
535.623
533.940
534.393
534.455
534.448
534.736
535.461
538.869
537.743
536.886
538.122
536.150
535.921
534.368
536.391
537.559
537.791
536.613
534.703
537.653
534.444
534.298
537.927
536.818
534.236
534.990
537.090
532.801
534.456
534.953
537.164
532.740
532.571
534.350
533.233
533.303
532.837
536.197
534.004
535.635
536.780
537.789
539.612
537.468
537.363
534.559
538.053
536.602
534.297
534.956
538.170
540.867
537.528
536.252
536.919
538.850
537.026
535.442
537.009
538.649
536.593
537.432
538.012
537.972
539.190
537.947
536.249
536.996
539.251
538.004
536.421
537.309
539.219
539.220
538.801
539.088
539.207
537.496
541.982
535.442
536.616
540.460
540.187
537.630
538.373
539.289
538.190
537.344
537.131
535.985
536.475
536.488
538.762
537.999
541.141
537.507
534.984
540.986
541.540
537.763
538.202
538.634
536.563
540.296
541.437
537.627
543.066
540.180
538.998
540.019
541.453
540.067
540.436
540.593
538.212
538.374
537.776
538.746
540.367
539.538
541.880
539.926
540.746
540.582
539.570
540.008
540.555
541.219
539.073
539.272
541.271
541.392
540.789
537.401
540.123
536.612
537.612
536.454
537.376
537.732
537.991
538.390
536.959
537.554
537.714
541.520
536.800
535.096
538.263
537.136
535.012
538.450
537.994
533.995
539.172
538.465
537.237
536.831
539.768
537.727
535.480
536.824
536.278
534.714
538.035
540.179
536.423
536.964
536.556
535.426
536.413
535.611
534.347
534.781
534.377
535.711
534.612
537.910
538.099
538.115
536.211
538.009
535.725
536.497
533.869
533.121
533.303
539.343
538.804
536.261
539.316
539.159
534.515
536.506
538.981
538.165
536.758
535.947
536.427
536.549
534.156
534.921
535.252
538.305
536.922
532.306
538.033
537.973
537.619
536.587
534.796
534.394
534.757
534.933
534.709
537.215
535.334
536.346
536.517
535.088
535.586
537.863
537.643
534.856
533.210
533.083
534.172
535.594
532.237
531.288
534.376
535.369
532.959
533.958
538.637
538.026
536.145
536.153
536.442
533.193
533.699
532.952
534.154
533.346
534.462
532.000
533.290
533.365
533.750
534.312
534.624
534.721
533.935
530.816
533.775
535.572
532.733
531.659
534.205
533.661
534.552
536.358
537.083
536.516
535.233
534.722
533.444
536.497
537.996
536.632
537.236
537.549
539.014
536.755
534.983
536.003
538.409
536.126
536.330
536.121
539.009
538.073
536.660
534.628
533.738
537.028
536.850
533.974
535.015
534.260
531.453
534.709
537.064
536.434
537.313
534.332
534.819
532.985
532.711
534.781
534.530
535.186
539.177
537.161
534.386
534.186
534.765
534.876
533.209
532.954
534.392
533.869
535.223
531.216
531.879
534.905
535.853
533.471
536.082
535.883
535.393
535.979
535.802
537.136
535.938
535.477
535.483
532.964
536.048
537.517
537.013
537.074
537.411
534.485
535.168
534.919
532.354
533.340
534.408
534.591
534.102
534.368
536.677
534.267
537.055
534.513
531.882
532.452
533.720
534.752
532.965
530.547
532.016
532.609
534.596
533.304
534.494
537.313
531.172
535.531
534.432
533.200
534.180
534.615
535.636
535.145
532.290
531.043
534.680
535.854
538.247
533.983
531.899
534.714
535.660
535.149
539.401
535.146
535.851
535.328
534.535
533.338
536.976
536.465
536.255
536.329
537.146
536.554
534.130
535.548
535.022
534.291
536.332
534.273
536.506
537.890
537.160
536.907
535.993
537.249
535.046
538.826
535.758
536.542
534.621
536.334
536.865
535.286
534.678
534.961
534.985
535.618
535.398
534.882
535.323
534.595
533.308
538.887
536.183
535.412
536.418
534.648
530.174
533.287
533.442
535.047
534.098
536.983
532.647
533.928
533.412
533.638
535.294
534.550
535.874
536.536
534.128
534.607
536.391
535.459
535.246
531.348
536.048
535.820
536.450
538.146
538.081
536.176
538.811
538.536
537.278
538.853
539.389
539.180
539.222
535.316
537.218
537.063
536.252
538.753
537.711
538.795
537.031
539.094
534.873
537.998
538.567
540.397
537.578
538.398
539.058
540.553
540.043
538.411
538.894
535.830
536.151
539.058
536.455
536.433
536.795
538.067
535.205
535.896
535.684
535.930
534.573
535.551
535.932
539.632
537.225
539.106
535.613
534.207
533.333
534.800
536.577
536.613
535.218
537.722
536.319
536.103
535.077
538.064
540.042
537.405
539.490
536.302
536.820
535.308
535.039
537.668
537.966
538.396
537.273
535.116
537.017
536.664
537.682
537.268
541.106
535.740
537.087
535.473
535.267
538.996
535.538
538.726
541.077
537.642
541.797
539.094
538.111
538.681
537.322
536.175
540.684
538.625
541.236
541.356
537.958
537.682
535.362
540.334
537.960
538.304
538.052
539.070
536.561
538.519
539.854
537.820
536.794
538.527
537.189
541.204
538.144
534.314
537.332
539.198
539.958
539.738
542.535
539.035
536.398
539.306
539.192
538.705
538.429
536.556
538.679
537.579
540.303
540.803
539.202
539.516
538.994
539.723
538.977
537.424
538.873
536.948
537.788
537.993
537.750
536.765
536.734
537.880
536.565
538.436
534.931
534.629
535.280
536.347
539.315
539.087
537.369
537.403
536.352
536.095
541.157
540.211
539.950
541.423
538.293
540.052
541.417
537.441
539.893
537.090
540.579
539.006
539.804
535.336
535.810
536.504
538.637
538.574
534.686
536.480
534.784
540.022
538.192
537.050
539.033
541.218
539.830
537.300
535.738
537.665
537.284
537.023
537.268
535.635
534.234
536.516
537.746
537.478
536.962
537.885
537.637
538.492
536.300
540.772
539.018
539.273
535.624
541.805
539.687
537.750
538.525
539.771
537.593
537.928
536.206
539.622
540.409
542.060
538.752
539.886
538.454
538.643
539.284
540.774
539.877
541.381
539.462
537.920
537.326
537.546
539.182
540.732
539.630
538.065
540.499
541.473
539.620
539.426
538.064
538.286
537.709
535.864
539.023
535.715
536.965
535.488
536.422
536.972
539.495
538.643
540.041
537.031
537.427
536.820
539.956
535.981
537.644
538.034
538.364
539.461
542.037
538.921
537.117
540.028
538.277
535.803
539.514
538.534
540.753
541.183
541.839
543.189
542.292
542.184
541.707
540.391
540.118
538.303
539.064
540.241
544.479
542.014
538.062
538.486
537.117
542.450
540.590
542.024
540.390
541.082
539.654
540.894
539.754
538.248
536.652
540.932
542.264
538.502
539.603
538.085
537.896
537.465
534.723
537.545
535.254
536.960
537.722
535.691
540.517
540.423
540.038
537.855
543.134
540.164
541.413
538.732
537.396
537.248
538.329
538.638
538.123
539.969
541.244
542.281
542.554
539.496
540.940
540.423
541.029
544.166
539.118
536.663
538.753
539.440
539.338
537.652
539.350
539.890
539.730
541.009
542.680
540.487
539.928
536.339
539.434
539.627
539.684
536.890
540.917
542.080
539.372
539.606
541.207
542.779
541.143
542.833
541.724
542.378
541.264
540.978
542.560
541.895
539.348
539.684
539.788
540.877
539.222
540.167
540.685
541.107
538.486
538.453
541.119
544.151
540.475
539.108
538.839
539.992
538.829
538.887
536.816
541.180
539.413
537.744
539.580
536.751
539.293
542.344
542.829
539.938
539.397
537.213
539.717
537.606
540.179
535.787
538.926
538.217
538.859
537.129
536.713
535.780
538.965
537.124
537.170
535.680
536.487
534.539
536.382
536.946
535.684
536.635
536.060
536.989
539.953
538.603
535.971
539.392
540.197
536.691
536.149
536.384
538.325
538.410
540.466
534.869
537.356
536.758
537.917
538.144
535.957
534.762
534.988
535.377
535.483
535.303
534.714
535.243
536.968
537.645
533.963
535.905
534.598
536.041
540.097
536.746
537.204
537.121
537.321
535.374
533.824
533.205
534.088
536.727
538.986
536.758
538.725
538.034
536.672
536.568
535.768
534.943
537.520
538.026
536.100
536.383
534.300
535.620
534.863
535.660
538.605
537.566
540.006
536.897
539.681
539.910
538.909
538.129
540.840
539.103
536.720
537.448
536.594
539.404
539.830
536.510
538.527
537.914
539.828
536.062
536.865
536.719
538.689
534.743
536.687
537.301
535.711
537.217
537.831
535.138
536.480
535.516
537.935
537.262
537.593
537.574
537.949
536.715
535.678
535.327
535.751
535.460
536.627
537.055
538.001
536.905
533.658
536.018
535.065
534.112
535.731
535.419
534.641
531.815
536.893
535.532
538.208
538.198
535.460
534.414
534.695
534.866
540.145
538.784
539.216
539.577
537.105
540.617
537.479
539.307
537.469
540.253
538.251
539.107
538.025
539.122
536.015
539.168
539.798
535.651
539.175
537.141
537.270
538.159
536.659
537.344
539.255
536.229
535.733
537.890
537.844
534.352
533.565
538.539
533.403
534.471
536.319
535.922
536.055
537.537
537.709
535.546
538.804
539.775
534.788
534.970
536.371
539.094
534.780
536.230
537.960
535.646
537.596
534.604
535.773
536.039
536.911
537.019
537.333
537.784
536.115
536.193
537.490
537.020
534.815
533.707
538.718
536.599
534.970
535.647
537.370
535.913
536.298
538.899
535.326
534.916
533.668
534.371
535.257
535.958
535.991
537.813
536.172
535.694
536.822
536.334
536.253
535.685
536.496
536.599
533.727
535.435
532.126
535.035
532.981
535.130
532.019
536.971
534.749
535.224
535.440
534.161
534.260
533.206
537.708
538.404
534.239
535.444
532.304
535.938
535.811
535.213
534.652
537.397
534.208
538.911
536.632
535.354
535.858
537.822
537.025
538.429
537.049
534.726
533.331
534.211
535.064
536.244
537.520
536.186
537.980
537.989
536.469
535.322
533.676
536.912
534.512
537.822
539.313
538.089
534.932
534.197
534.071
532.940
535.505
536.718
534.648
534.181
537.746
534.677
536.192
535.121
534.235
535.225
534.145
534.117
534.247
535.957
535.297
536.353
535.248
534.934
534.411
534.389
534.106
532.147
536.479
536.201
535.030
532.045
534.379
535.911
534.156
535.632
535.594
536.447
535.978
533.472
536.105
535.183
536.919
534.748
533.655
532.776
535.386
535.876
534.160
533.896
538.042
534.807
533.635
535.377
534.722
534.605
533.280
533.944
534.455
532.183
533.122
534.614
534.290
534.408
534.070
535.720
534.689
533.642
535.125
533.134
535.595
536.270
533.411
535.729
535.211
532.184
536.186
534.551
536.018
537.948
536.463
535.919
534.708
535.642
535.632
534.403
535.788
534.482
534.724
537.450
536.417
537.595
534.482
541.001
535.892
535.605
531.981
535.318
534.880
534.017
534.144
535.914
536.019
533.646
534.962
532.540
533.631
537.402
535.521
536.375
536.128
534.415
534.698
537.587
536.969
535.984
538.144
535.897
534.758
532.954
535.544
536.250
537.525
536.265
535.812
534.937
534.811
535.407
532.503
533.259
534.937
536.552
537.331
533.507
532.619
536.578
533.069
534.534
537.261
533.145
536.621
534.474
535.895
535.125
535.095
532.820
535.807
534.761
532.043
532.188
532.693
535.848
535.716
535.413
538.982
538.473
537.828
536.966
537.424
536.856
538.786
532.659
534.615
535.017
532.970
535.742
536.204
535.446
534.919
535.796
534.503
535.569
539.938
535.644
536.591
536.115
536.496
536.015
536.591
536.219
535.772
538.306
535.992
537.038
536.376
535.139
535.108
535.448
537.982
536.309
536.089
536.732
535.535
538.177
536.716
539.937
536.479
536.062
535.377
536.807
536.598
535.845
534.538
537.333
535.330
536.868
534.303
538.676
534.650
536.064
534.981
533.548
535.083
535.067
535.099
534.247
533.971
537.530
532.650
535.400
535.287
536.632
535.360
537.100
536.077
537.677
539.237
535.821
536.652
536.052
536.048
534.403
533.547
535.625
536.646
535.241
537.229
535.368
536.777
536.606
534.172
534.855
535.787
537.742
533.588
535.124
532.992
532.216
537.054
537.256
532.912
535.333
538.566
537.851
536.307
533.894
536.470
535.691
531.734
534.717
531.133
532.581
534.271
535.275
534.492
533.758
532.853
535.946
532.755
533.466
532.630
534.390
535.115
537.323
537.908
536.543
534.544
535.572
535.611
535.993
535.268
536.327
534.417
533.773
534.638
533.666
534.750
535.004
535.557
534.593
534.008
533.516
530.626
534.323
534.101
533.827
531.962
531.564
532.753
534.566
533.395
533.562
534.149
535.650
538.449
539.343
532.977
534.606
532.841
534.711
536.346
534.209
533.642
534.600
532.623
533.590
533.330
532.367
534.238
533.665
531.736
534.140
532.514
535.160
532.612
533.342
535.450
534.736
535.817
535.526
533.556
533.137
537.312
534.623
533.363
531.465
532.988
533.805
534.384
535.451
534.940
532.197
533.689
532.487
535.025
529.686
532.694
528.807
532.413
533.594
533.632
536.242
532.186
532.462
530.587
532.298
534.742
532.129
533.189
534.654
534.650
538.883
534.114
529.094
530.065
531.423
532.613
530.419
532.749
529.135
533.114
528.587
530.793
532.365
532.712
533.585
532.823
530.764
530.485
535.257
534.510
536.396
534.278
534.209
534.995
533.809
532.543
535.467
535.473
532.839
534.844
534.394
534.720
531.618
532.463
533.213
533.980
534.283
532.866
535.117
532.952
535.278
533.440
532.748
533.054
533.741
536.667
532.334
532.223
532.399
536.163
531.995
533.909
532.735
535.903
536.185
535.404
534.580
530.426
532.061
530.162
535.813
532.931
533.699
537.029
534.346
536.874
536.117
535.536
534.594
532.968
533.539
531.427
533.843
536.644
534.944
534.228
534.916
536.977
533.475
537.474
538.433
539.036
538.838
536.608
535.083
539.124
537.521
539.581
535.431
535.255
534.915
535.322
535.751
537.277
533.752
535.345
538.973
535.796
535.118
534.336
537.765
536.516
535.266
533.565
532.776
533.434
533.438
536.082
536.123
532.788
534.035
535.734
534.946
537.894
536.110
537.408
534.198
538.387
536.723
536.006
538.163
536.429
535.637
536.543
538.258
537.287
538.999
537.653
537.384
536.353
538.792
536.513
537.131
539.181
536.057
537.234
537.255
538.329
539.064
539.553
538.730
535.920
540.452
538.478
537.545
536.571
538.646
535.795
536.660
537.363
537.671
535.791
539.416
539.198
539.888
537.631
538.103
537.180
535.867
537.554
535.094
538.864
537.900
539.080
537.620
537.567
536.521
540.184
538.835
538.170
538.106
534.484
535.974
535.193
534.580
537.523
536.658
539.022
537.559
536.204
536.089
533.362
534.362
535.063
536.280
535.601
534.657
538.571
536.678
535.935
535.246
536.622
537.085
537.448
537.155
538.159
537.314
536.189
535.901
537.017
536.495
535.254
537.243
537.850
534.371
536.892
538.176
537.399
534.440
534.521
536.152
536.213
534.685
534.728
537.207
538.180
540.706
536.511
537.940
537.689
536.134
536.407
536.704
537.987
537.371
535.250
534.428
537.584
535.364
535.836
538.011
536.293
534.067
535.922
536.240
533.631
533.717
532.635
534.689
534.337
537.538
534.344
538.665
536.731
536.465
535.512
533.105
535.550
535.320
535.622
533.556
536.782
537.866
534.557
536.024
534.118
538.766
535.997
536.833
537.136
539.002
537.098
536.149
535.857
535.678
537.800
535.118
537.915
540.169
539.350
537.732
535.470
536.822
538.574
537.721
537.368
533.948
533.490
533.892
537.662
536.342
535.691
536.272
533.895
532.120
532.064
535.074
534.805
537.852
535.824
534.922
537.371
537.595
535.894
533.103
534.741
532.777
536.291
535.035
534.416
536.428
535.445
536.978
534.263
534.554
534.535
535.788
534.710
536.695
536.557
536.726
531.230
533.750
532.750
532.841
535.300
532.665
532.599
532.367
532.694
531.971
532.116
534.706
533.652
533.018
535.010
535.888
536.084
533.057
535.686
534.578
533.493
534.600
534.387
531.741
533.415
534.785
532.135
533.281
535.389
535.360
532.381
532.680
534.352
532.423
532.724
534.712
535.592
536.295
534.212
535.762
534.192
535.514
533.796
533.820
535.978
534.057
535.953
533.422
533.200
533.026
532.273
531.906
532.204
534.380
532.857
536.979
533.897
536.248
538.068
534.682
537.103
533.326
535.077
531.939
536.317
535.030
536.399
535.476
533.743
532.833
534.491
534.172
534.894
532.741
534.878
533.088
533.216
535.134
534.204
533.780
534.602
534.126
535.114
531.476
536.500
534.204
536.204
535.693
534.647
538.783
536.818
533.522
534.708
534.765
534.881
534.203
535.396
536.209
533.096
536.224
536.985
537.673
535.077
537.533
538.102
535.925
536.080
533.205
535.451
535.993
537.461
537.111
536.135
533.078
538.158
535.500
535.453
535.389
532.654
531.444
531.427
532.696
537.384
536.386
537.099
535.421
535.306
536.220
535.487
533.855
533.568
534.993
535.075
535.750
536.574
533.366
534.627
535.182
534.569
537.985
536.519
532.677
536.546
536.858
534.396
536.339
537.219
536.963
536.546
538.443
535.876
535.112
536.282
535.808
538.002
538.403
536.693
538.428
537.571
538.466
537.776
534.467
539.357
536.240
534.672
533.836
535.765
538.988
539.945
537.470
542.006
539.141
538.219
539.243
538.322
538.518
535.556
536.912
536.380
540.472
536.612
536.773
539.637
537.524
536.255
535.282
538.218
536.529
534.885
536.577
534.171
535.917
537.349
532.132
535.287
537.326
534.870
535.207
536.473
533.842
534.934
533.803
536.299
533.084
536.863
536.607
536.065
534.996
535.340
535.901
537.786
537.135
533.028
536.209
534.916
534.850
538.189
535.817
537.254
539.729
537.542
534.135
535.943
535.591
537.522
538.440
538.492
537.242
533.196
538.479
538.335
536.137
536.934
539.495
540.610
537.099
535.990
534.371
533.542
535.537
536.515
534.495
535.591
534.773
534.369
536.821
538.429
537.377
536.117
535.427
536.851
536.396
534.285
533.479
532.911
536.567
532.634
535.027
534.090
530.720
534.649
535.028
533.760
534.433
533.349
532.300
532.623
530.652
533.080
536.655
536.865
537.511
540.662
535.126
534.248
535.869
534.384
535.141
535.880
533.006
532.501
530.901
534.045
532.305
532.916
532.330
536.062
533.854
533.659
535.558
532.981
534.277
534.266
533.583
533.233
532.468
532.293
530.465
533.225
532.575
533.207
535.833
536.830
533.115
533.769
534.659
533.166
533.160
533.502
533.711
532.675
537.494
533.871
533.933
533.373
536.978
535.338
533.973
534.133
534.038
531.318
532.619
534.930
533.954
534.453
534.340
533.905
533.713
533.063
534.102
534.953
535.626
533.998
535.879
535.161
530.570
533.455
534.029
533.271
531.775
532.644
534.475
531.256
532.115
532.603
534.175
533.300
534.259
535.032
532.971
533.667
530.091
531.871
531.046
532.166
530.680
529.894
535.619
533.422
531.782
533.621
534.013
536.564
533.459
533.647
533.998
533.724
534.519
535.859
531.991
534.444
530.928
533.353
533.181
532.283
532.281
532.191
534.117
533.399
534.735
532.420
534.425
530.927
533.683
535.976
532.032
534.424
532.854
536.810
534.359
531.790
535.773
535.813
532.225
535.581
533.427
533.444
533.913
533.373
532.888
534.575
533.783
532.701
532.789
535.072
534.398
531.131
532.353
532.822
533.796
535.229
530.843
534.223
530.916
533.327
531.996
530.081
530.055
532.788
530.440
531.934
532.472
531.899
530.914
531.831
532.102
532.412
529.400
533.253
530.311
530.256
530.846
532.051
533.374
531.832
534.075
533.744
535.772
531.923
534.615
533.538
532.640
531.992
531.284
530.328
532.678
531.513
533.455
532.623
535.895
531.184
533.165
531.226
532.409
531.531
531.822
532.471
533.144
533.967
534.911
535.611
532.160
533.174
531.008
531.705
532.708
533.546
530.447
530.245
530.447
532.411
534.513
533.606
535.835
534.246
533.789
532.561
533.299
533.330
535.156
535.231
535.733
532.940
534.931
534.443
533.817
535.898
533.831
537.639
534.457
536.619
533.536
531.436
534.852
532.565
533.751
534.122
532.075
533.923
533.254
534.366
533.245
531.033
531.750
533.325
535.024
537.547
536.056
534.753
534.054
534.638
535.169
534.428
536.813
535.071
534.246
534.804
533.240
532.343
532.381
534.111
536.854
533.785
532.477
536.589
538.358
534.751
533.992
535.147
538.151
534.605
534.484
534.001
533.165
534.396
535.417
530.709
533.485
528.831
534.544
534.325
534.880
534.459
533.580
531.980
533.032
531.431
530.847
532.580
532.749
532.868
535.298
531.611
533.286
530.792
531.092
532.849
532.917
532.843
533.320
531.700
532.864
530.965
530.140
531.583
530.740
531.472
531.350
532.297
534.712
536.018
535.675
533.227
531.203
530.931
532.353
531.079
532.036
533.949
532.251
531.152
533.276
532.668
532.872
532.978
534.417
534.896
535.981
533.946
532.706
533.322
532.072
533.867
532.333
533.962
534.250
534.955
538.129
536.118
531.039
535.654
532.810
532.002
531.607
534.452
532.819
534.928
534.345
533.013
531.939
533.235
535.661
533.618
530.437
528.957
530.493
530.420
529.670
532.189
531.902
534.782
534.005
533.560
534.309
531.540
535.423
534.591
532.171
533.833
535.455
533.404
533.519
531.333
533.993
535.391
535.248
533.903
537.568
533.944
533.361
535.079
531.630
535.031
533.420
533.211
529.249
531.961
532.035
534.898
533.254
536.280
535.169
531.754
532.177
530.643
535.056
533.396
535.886
534.369
535.934
534.114
536.148
534.691
533.678
533.953
534.872
531.257
532.828
535.793
537.918
533.077
534.026
535.930
532.781
535.145
535.500
533.798
531.692
533.743
533.119
532.467
533.204
532.966
532.593
531.755
531.099
534.029
535.937
536.055
537.584
535.842
534.773
536.005
533.867
534.504
534.716
534.567
533.845
531.038
532.997
534.901
534.282
533.771
533.285
529.927
531.626
534.396
532.668
533.898
536.698
532.514
531.944
533.734
534.453
534.797
532.039
533.065
534.845
532.850
531.789
534.399
534.217
535.919
532.656
535.741
533.258
534.008
534.012
535.120
532.672
531.004
529.154
533.767
530.749
533.172
531.887
533.114
532.083
535.541
534.795
534.345
531.619
531.751
531.866
530.666
529.820
530.576
530.724
531.296
531.967
532.681
531.437
535.277
534.690
532.856
531.930
533.823
533.422
533.563
532.557
528.609
531.147
530.446
531.299
531.955
533.573
531.579
534.937
528.619
533.608
531.297
532.055
532.269
534.100
532.568
533.032
533.525
530.538
534.171
533.889
533.316
531.940
533.430
532.377
534.366
532.440
532.530
531.345
529.354
530.792
532.133
531.638
532.372
532.451
534.908
532.793
532.438
532.741
531.209
530.529
532.921
529.288
530.443
530.733
530.726
533.198
534.751
533.050
532.086
534.648
531.846
532.043
532.211
532.736
532.233
534.087
532.388
533.339
535.465
535.805
530.860
531.003
532.816
532.852
532.223
531.533
533.847
533.447
534.130
534.517
532.194
533.570
532.816
532.653
533.710
532.621
533.160
534.891
532.083
535.244
534.706
531.618
532.402
533.361
531.212
534.733
532.022
533.228
529.566
532.764
533.706
532.793
530.946
535.513
533.333
531.961
536.052
532.322
530.016
534.967
532.515
532.995
531.797
534.277
536.925
534.597
532.589
530.641
531.556
533.324
529.093
530.348
530.490
531.595
532.059
532.043
533.099
535.000
531.819
530.837
533.321
533.285
530.956
533.747
532.498
531.525
531.101
533.533
531.197
532.650
529.495
531.350
529.800
532.135
530.101
533.989
533.124
533.860
528.879
533.565
533.745
534.057
532.017
530.996
529.843
532.479
533.838
531.971
530.916
531.789
533.211
531.172
531.457
533.889
532.222
532.759
531.675
533.710
531.670
532.721
533.674
533.104
537.649
533.718
533.147
533.274
535.689
534.531
533.098
533.115
533.456
533.625
532.917
535.680
532.905
531.752
531.625
533.497
534.345
532.811
531.464
533.407
533.473
531.457
533.176
533.045
531.853
533.559
533.284
533.386
531.679
532.817
534.526
532.321
531.601
530.539
531.643
534.580
533.979
534.291
533.073
531.466
534.468
532.504
531.341
534.408
533.695
533.211
532.537
532.834
529.730
534.042
531.110
535.724
536.236
535.549
536.265
534.981
534.980
533.484
533.009
534.017
531.817
534.419
533.686
533.477
534.007
532.628
531.847
533.153
533.395
536.779
533.299
530.618
532.311
535.276
536.375
534.047
532.968
535.510
531.449
531.119
532.841
532.864
532.365
531.621
531.812
535.421
535.094
532.664
532.659
533.608
532.332
531.592
529.761
530.879
531.615
532.573
535.261
532.196
531.145
532.509
533.639
534.196
532.622
535.806
532.644
534.458
536.465
535.624
536.891
533.030
534.271
534.811
531.701
533.782
531.911
533.019
535.113
533.638
533.948
531.989
534.301
535.103
534.513
533.607
534.033
534.725
532.875
534.388
532.218
533.866
533.945
534.809
537.397
535.365
534.761
535.394
533.579
533.218
535.039
533.397
530.202
531.373
531.450
531.754
533.368
533.083
532.895
534.950
532.618
532.243
535.105
535.145
528.906
535.130
534.491
534.038
535.194
532.830
533.696
536.769
533.647
535.509
536.811
533.375
533.072
536.009
536.429
534.623
534.573
534.984
533.417
536.280
530.968
535.182
533.485
532.798
534.445
531.077
528.685
535.014
533.459
533.015
533.204
532.529
536.831
536.519
534.429
532.189
534.304
534.108
536.901
532.965
534.150
533.035
533.198
534.125
536.508
535.733
531.050
534.084
532.521
532.361
530.378
533.190
533.891
532.356
534.912
538.051
535.251
537.269
535.409
532.459
536.473
534.349
533.909
535.924
533.408
532.157
535.397
535.061
538.014
533.315
535.100
534.974
533.184
533.499
533.589
534.573
533.887
532.412
535.766
537.281
536.455
534.498
532.794
531.294
533.143
532.323
533.106
533.301
534.279
535.275
532.196
533.193
533.258
533.531
535.930
534.874
535.149
530.911
532.476
532.949
534.133
533.453
534.146
533.124
535.069
534.141
536.197
534.710
532.756
534.244
533.901
533.633
535.459
535.264
535.656
534.481
537.180
536.103
534.817
538.803
535.884
535.600
536.271
534.435
537.486
538.120
533.981
534.967
535.413
535.258
533.680
533.644
536.629
532.658
533.673
537.487
535.875
533.881
537.724
535.809
533.857
536.351
532.630
538.357
536.550
533.577
533.653
532.641
534.014
530.516
535.448
533.573
534.896
534.700
535.410
534.872
534.385
534.930
534.737
533.475
535.927
533.912
532.383
532.127
535.178
533.964
536.658
536.102
530.361
530.615
531.348
534.311
533.396
533.780
535.357
532.546
534.356
533.510
534.678
535.152
535.739
534.949
533.305
534.120
533.843
532.971
533.728
533.298
531.831
533.334
531.048
531.091
532.063
535.423
537.516
534.117
534.320
535.679
535.025
532.956
533.152
534.768
532.792
532.763
536.158
535.082
537.476
536.660
533.399
534.516
532.852
536.533
533.631
534.227
533.957
535.665
534.637
534.868
531.186
532.622
534.924
533.376
533.471
532.713
531.615
532.470
535.230
534.349
534.121
534.357
534.757
535.100
535.299
533.782
533.508
533.782
536.470
533.869
532.971
534.036
532.961
534.182
533.694
535.491
535.534
536.123
534.876
533.266
535.553
535.469
536.081
535.383
533.734
534.752
531.921
534.538
533.772
536.240
532.146
532.791
531.531
532.522
535.328
534.741
535.938
533.576
532.274
533.789
532.777
531.285
535.128
531.718
534.258
534.038
533.223
532.621
529.413
532.300
533.472
531.464
532.409
531.465
535.898
533.313
531.879
531.323
535.792
531.342
535.778
530.706
530.967
531.080
532.966
534.117
531.500
532.355
531.661
533.714
531.578
532.869
533.198
534.374
532.201
536.323
532.839
531.118
535.200
534.318
532.943
533.778
532.995
532.216
531.453
532.377
530.434
533.508
530.710
530.001
535.029
532.392
534.873
530.726
534.636
530.947
532.475
533.394
531.526
531.393
532.600
532.874
531.134
531.559
531.822
532.624
532.118
532.689
528.119
532.803
533.816
532.946
531.743
535.168
533.776
533.142
532.754
535.264
531.901
533.450
530.801
531.193
533.304
532.183
533.496
530.957
531.177
531.919
530.524
533.529
528.779
533.412
530.453
530.807
529.724
531.030
531.129
531.225
532.554
531.665
532.666
530.653
533.772
528.863
532.892
530.019
529.737
530.938
531.331
528.980
533.178
531.481
529.045
529.850
530.775
532.341
531.878
530.589
534.449
531.672
533.034
530.443
530.820
531.823
533.427
530.862
532.027
534.091
534.061
532.241
531.619
531.024
532.647
532.004
530.070
528.928
529.538
534.210
532.158
531.269
532.727
534.549
532.432
532.296
528.277
532.989
530.983
530.258
527.125
529.319
533.665
528.932
533.736
531.782
528.794
532.582
529.521
532.055
530.487
531.092
532.180
529.385
531.884
534.618
531.380
532.008
529.592
532.532
534.938
534.252
534.602
532.342
532.583
531.483
534.501
534.561
532.188
532.143
532.188
535.331
530.069
530.633
529.095
531.514
531.489
530.534
530.896
531.872
535.288
532.789
532.848
530.952
532.520
532.605
533.747
530.723
529.667
532.986
530.460
532.355
528.248
532.077
530.393
531.832
531.371
531.913
532.788
532.289
530.344
531.132
529.728
530.303
529.701
531.083
533.083
531.210
531.823
531.089
532.650
530.448
534.059
533.391
531.105
533.115
533.275
533.349
531.701
532.003
532.634
531.411
535.083
535.254
533.478
533.403
535.041
532.457
533.213
531.415
532.712
533.840
532.153
530.228
531.496
530.680
532.028
533.182
531.524
530.919
532.784
532.802
531.842
527.958
531.415
528.592
528.917
530.458
531.603
530.185
532.373
528.501
530.953
533.256
531.015
532.940
534.145
531.871
531.480
530.444
532.275
532.539
534.565
535.577
530.597
531.973
531.123
532.624
534.235
534.330
532.138
534.106
534.178
535.311
533.174
532.926
531.919
533.052
530.087
532.102
532.934
533.538
534.126
530.163
533.345
533.812
531.010
531.272
532.497
529.870
532.689
533.583
532.694
531.881
532.013
530.964
533.058
532.296
531.345
534.273
531.546
532.394
531.602
532.553
531.259
530.226
530.467
531.508
533.074
534.136
532.283
530.689
530.860
528.764
532.116
531.212
529.760
531.173
532.949
532.646
530.857
529.979
530.270
530.421
529.987
530.960
531.703
530.495
530.111
530.064
532.189
530.611
534.842
532.018
533.145
531.704
532.967
534.954
535.122
530.534
531.752
529.637
530.087
532.555
531.610
532.777
528.822
532.318
529.584
529.841
530.919
530.933
531.721
531.831
533.147
533.787
531.404
530.981
530.457
532.639
534.048
531.236
529.273
530.070
531.293
531.644
528.986
530.928
531.110
531.953
532.976
533.566
532.428
531.116
533.808
530.746
531.120
531.259
534.910
532.372
531.687
532.241
534.538
532.869
534.718
535.882
534.650
532.320
533.304
531.769
531.560
531.463
531.362
529.864
532.800
529.195
532.627
531.288
532.014
531.337
534.099
529.334
531.638
530.147
532.551
531.364
529.128
529.706
529.615
534.046
528.507
528.211
530.721
529.078
531.922
530.239
531.262
529.635
532.822
530.414
529.474
531.771
529.907
530.751
528.955
528.815
528.984
530.636
532.608
533.562
532.402
529.517
532.414
532.479
531.033
532.250
527.879
532.492
531.876
532.644
532.203
529.181
529.358
527.903
530.598
530.987
530.061
529.874
531.230
530.465
530.950
532.301
530.438
529.871
530.318
530.561
532.482
532.274
535.794
533.919
533.525
532.551
533.176
532.318
531.616
533.913
532.455
533.714
531.053
533.331
535.268
533.044
533.954
532.489
532.226
531.595
536.182
531.535
533.528
534.067
533.156
533.355
530.925
531.816
529.654
530.973
531.645
535.191
533.123
533.848
530.456
530.548
532.624
530.206
532.283
533.581
531.370
532.833
533.063
531.725
530.700
530.415
532.570
530.746
531.185
532.926
531.433
530.932
533.346
532.151
528.649
533.880
530.586
530.730
534.502
533.783
533.174
532.022
530.110
532.842
532.187
532.108
532.824
532.008
533.331
533.105
530.799
532.808
532.512
533.350
532.478
530.987
531.426
529.073
529.371
533.138
531.735
531.646
533.465
534.536
534.197
533.539
533.382
531.402
531.709
530.175
532.931
530.799
532.613
533.011
532.595
531.989
531.550
529.476
533.261
531.244
531.840
533.850
530.825
531.317
534.676
533.803
532.677
532.449
534.079
531.029
534.004
534.908
533.535
536.493
532.037
535.383
534.219
534.646
532.607
531.795
532.182
533.971
533.295
533.086
535.379
534.411
532.830
531.984
532.917
533.514
534.208
534.081
534.636
533.664
533.100
531.832
530.889
531.940
531.616
532.276
531.117
534.222
534.374
532.512
532.883
531.028
531.298
532.708
530.367
533.657
534.587
531.082
531.195
533.634
530.082
530.934
533.656
532.866
532.477
529.508
532.902
532.890
533.647
531.388
529.955
530.877
531.263
535.039
532.543
532.328
531.589
530.486
532.695
534.261
531.566
532.478
530.058
528.945
534.208
532.500
534.689
532.363
533.148
530.543
530.648
529.946
531.722
531.907
531.284
531.642
531.860
532.656
532.506
534.431
532.133
529.682
532.613
531.110
532.565
534.304
530.031
531.766
531.518
532.488
533.072
529.692
533.325
534.318
532.452
532.252
533.962
531.878
531.245
530.675
535.798
532.249
531.812
534.808
532.152
531.993
533.893
532.384
534.196
533.679
530.211
532.541
534.143
531.914
532.407
532.822
534.079
532.167
529.463
531.761
530.635
531.211
530.292
532.755
535.000
531.678
530.284
532.808
532.672
529.048
530.074
531.694
532.306
531.132
530.783
531.426
533.839
530.144
535.622
532.045
528.360
529.336
529.924
530.723
532.027
530.222
536.354
536.053
536.348
534.939
533.730
536.197
534.005
535.458
531.009
533.291
534.230
532.366
531.126
533.151
532.147
532.485
533.318
532.318
529.464
530.543
531.108
531.539
530.753
529.553
532.857
529.651
531.731
530.269
531.825
529.980
532.669
531.884
532.570
531.923
532.268
534.165
532.840
533.376
533.846
533.402
532.930
532.318
532.183
532.493
535.567
534.349
532.507
534.668
531.718
532.198
531.922
529.919
533.762
533.773
530.568
532.105
534.337
533.250
532.916
532.716
533.382
532.566
533.782
532.756
533.350
531.527
532.136
534.548
533.057
530.334
529.955
532.321
530.714
531.123
532.033
531.286
533.303
534.900
531.615
530.452
529.547
528.124
530.209
535.902
533.142
533.516
532.616
533.576
533.158
530.764
530.453
532.434
532.072
533.820
533.467
532.377
530.178
532.884
531.759
530.165
531.934
528.781
530.193
530.449
529.826
532.396
532.101
530.657
529.996
532.423
533.411
528.234
530.910
530.920
533.310
531.326
532.270
531.481
531.227
532.321
532.256
533.090
532.094
529.355
532.713
531.402
530.594
532.688
535.756
533.699
532.364
532.639
533.433
534.380
534.549
532.352
533.071
532.565
531.635
532.341
531.054
530.271
532.462
528.602
532.681
531.899
530.690
532.243
533.169
529.760
530.143
533.589
533.638
530.152
531.927
531.722
535.184
531.669
532.940
532.841
535.015
533.438
532.334
530.864
528.570
530.770
532.546
531.181
531.399
531.252
531.854
533.611
534.399
532.992
532.114
530.531
530.747
529.871
535.035
532.681
532.955
534.254
531.541
533.687
534.172
532.346
533.666
533.384
530.696
530.810
530.982
531.638
531.700
533.276
530.765
530.658
530.181
532.520
530.878
529.050
528.731
532.378
532.193
534.089
532.516
531.899
530.940
532.345
534.428
531.321
529.658
533.024
531.785
531.505
533.068
530.022
534.161
532.883
530.683
533.416
533.424
532.051
531.446
529.756
534.150
530.444
530.573
531.335
531.571
530.258
531.561
529.410
530.677
530.145
532.233
530.069
530.117
532.784
530.097
532.511
532.378
531.246
530.787
530.053
532.093
531.592
531.167
533.171
532.374
534.725
528.212
531.927
531.134
531.224
530.098
530.869
534.002
531.237
530.286
531.685
531.847
533.014
530.473
528.922
531.646
530.856
531.852
532.940
530.492
532.072
532.851
530.797
531.886
530.305
531.486
531.538
531.052
531.749
531.201
533.076
529.999
533.843
532.909
533.448
532.250
531.667
532.032
533.232
534.289
533.618
532.263
533.115
533.044
533.141
533.316
531.780
534.472
533.638
534.800
531.672
535.058
532.428
534.365
531.933
532.419
532.405
536.688
534.526
532.059
536.549
530.426
529.706
531.047
532.393
530.758
531.164
531.264
532.837
536.989
534.848
531.411
533.042
533.079
531.159
534.082
531.135
531.818
534.042
532.867
533.133
532.452
532.653
534.056
533.493
532.699
535.676
536.058
533.195
532.924
534.040
534.939
537.079
531.467
532.904
531.616
532.144
531.065
533.038
533.982
534.582
536.995
532.888
532.862
533.647
535.385
531.298
530.803
532.892
531.492
532.026
529.555
533.499
531.767
531.703
531.961
529.993
530.649
531.622
532.859
530.422
533.496
532.976
531.373
533.023
530.035
533.927
534.451
530.294
532.259
531.287
534.156
530.657
532.561
