463.891
462.993
463.646
468.594
468.277
468.237
465.827
465.313
465.927
466.141
462.858
462.921
466.936
465.630
467.330
466.357
469.031
464.756
465.996
463.037
470.920
466.890
466.915
468.615
468.012
465.346
466.955
465.010
465.341
466.131
466.095
468.485
467.037
468.427
466.287
466.058
464.798
464.751
466.024
466.064
466.565
466.281
466.658
466.407
466.422
466.076
465.335
466.030
465.899
467.168
467.529
467.572
468.641
467.243
466.310
467.069
468.226
465.324
466.780
467.261
465.858
466.254
464.887
466.842
464.754
464.951
465.876
465.574
465.557
465.969
463.912
465.309
464.753
466.135
467.149
464.975
463.318
467.138
465.593
467.253
465.583
469.887
469.270
465.462
465.451
466.572
465.117
464.512
469.764
470.233
468.742
468.877
468.960
467.356
465.953
466.312
467.662
466.709
466.912
467.345
466.541
466.489
465.490
466.617
468.544
469.748
468.701
466.794
467.515
465.149
469.030
467.923
465.573
466.113
466.043
467.285
466.871
464.390
464.698
463.645
466.374
469.605
467.603
467.453
466.860
467.761
465.569
465.809
465.961
466.159
465.063
463.906
465.058
463.906
466.333
465.369
466.624
466.903
465.946
466.337
463.066
465.505
466.197
465.820
467.620
464.191
464.619
466.619
464.072
464.142
466.333
465.281
464.210
465.052
466.617
466.806
467.877
468.300
466.131
468.478
467.384
468.105
465.928
467.250
468.351
467.545
467.895
467.309
466.099
463.623
466.223
466.818
467.770
465.616
465.799
465.117
469.077
466.736
467.623
466.938
466.689
467.862
466.669
466.780
467.225
466.969
466.877
469.514
469.002
470.732
469.235
469.878
467.554
466.188
465.939
466.575
464.196
464.426
465.325
465.580
465.516
466.655
466.558
465.863
462.912
463.384
467.366
466.408
468.718
470.283
466.148
468.983
467.464
465.478
464.125
465.490
467.020
467.372
469.316
466.044
465.673
464.720
468.604
467.868
465.227
467.269
470.682
466.438
468.037
469.911
468.682
468.196
469.040
469.049
468.376
468.406
466.366
465.454
464.825
466.851
465.368
466.469
468.265
466.228
466.648
468.071
468.212
468.437
466.479
466.536
464.801
469.475
468.067
468.077
466.797
466.376
466.109
467.915
466.406
468.063
466.858
469.566
467.448
465.630
467.189
467.734
467.478
470.192
468.943
467.095
467.133
468.154
464.852
469.685
468.285
467.847
465.580
467.173
465.409
464.883
466.199
465.877
466.609
467.486
465.800
464.598
463.805
467.805
466.976
467.059
469.442
468.821
468.301
464.386
464.665
464.132
464.475
466.129
464.605
463.409
466.183
465.196
469.380
464.788
465.508
465.447
464.377
467.445
466.089
467.761
468.061
465.065
466.151
465.200
468.061
470.267
463.997
466.607
465.785
467.962
463.068
465.112
467.927
467.157
466.157
465.821
465.438
464.677
463.666
467.298
467.687
468.502
466.216
465.250
465.918
468.173
468.632
467.876
467.921
466.348
466.021
463.922
465.178
466.668
465.905
467.390
466.732
464.833
464.960
465.840
467.229
467.217
465.911
465.830
466.698
466.750
467.858
466.225
468.655
468.148
467.041
464.659
466.097
466.598
465.533
465.518
467.260
465.434
465.455
466.435
464.594
463.432
463.354
464.889
464.859
466.473
465.467
466.567
466.982
467.657
467.699
465.054
462.214
462.976
464.701
465.961
465.225
467.572
467.494
466.115
465.998
465.105
464.545
467.197
468.517
465.995
467.115
465.748
467.769
466.844
465.794
468.502
466.084
465.888
466.165
464.424
465.405
464.719
467.403
468.476
469.838
470.483
470.081
470.379
469.278
469.942
467.662
466.657
468.167
465.117
465.608
463.363
466.770
468.108
465.271
466.310
463.910
464.083
462.908
464.862
465.773
465.579
466.897
463.809
465.582
466.117
464.900
466.483
466.759
465.804
469.753
469.528
466.963
464.845
466.221
467.023
464.963
462.587
466.385
464.796
463.041
464.468
464.835
465.575
465.027
466.976
465.908
467.046
468.539
469.279
468.095
469.774
467.952
467.349
466.898
466.424
468.820
467.402
469.276
470.199
468.690
470.236
470.181
467.752
469.212
470.015
468.327
468.126
466.741
469.490
468.778
465.981
464.454
466.914
467.601
468.067
466.291
466.463
466.859
466.028
468.179
467.911
466.464
466.923
465.924
467.088
466.375
468.566
465.406
468.613
470.089
466.081
467.952
466.301
466.802
466.792
467.707
468.230
468.027
466.840
467.239
465.359
466.431
464.697
463.368
467.103
468.127
466.275
467.946
466.894
467.940
465.770
465.117
464.872
466.358
468.097
469.828
470.647
468.100
465.300
465.609
466.081
467.267
469.544
467.805
466.434
466.788
468.353
467.466
466.928
467.783
466.951
467.087
464.726
467.099
467.553
467.523
468.161
464.230
467.662
469.045
466.889
466.576
465.543
466.606
466.024
467.649
465.734
468.249
467.295
466.599
466.953
465.290
466.626
469.402
465.459
465.900
465.335
465.982
465.829
466.360
469.532
467.026
467.734
467.486
464.887
468.032
465.180
464.693
464.268
470.088
469.212
468.208
469.982
470.938
468.978
466.844
467.196
469.375
468.867
465.621
466.633
464.325
468.121
465.583
466.775
467.062
467.030
466.696
465.957
464.705
464.885
467.875
463.860
465.044
466.074
463.384
465.672
467.391
466.806
467.903
467.681
466.529
464.882
465.549
464.819
464.226
466.321
463.850
466.456
465.979
464.060
464.138
463.815
466.496
465.997
467.953
466.710
467.167
467.930
470.185
468.607
465.623
464.926
467.203
467.538
468.453
466.479
469.008
469.294
466.154
468.606
467.717
466.565
466.937
465.262
469.517
470.104
466.938
468.954
467.276
466.669
466.519
468.239
466.551
466.702
465.751
466.283
467.897
469.842
468.872
465.759
468.126
467.528
468.398
467.745
464.332
467.236
466.110
469.077
468.420
466.940
467.006
467.816
466.423
466.768
466.336
466.067
463.564
462.256
464.974
464.918
467.361
466.568
468.159
464.251
465.548
466.144
463.504
464.333
465.002
465.346
466.661
466.557
465.515
467.840
466.705
464.855
466.780
466.154
464.023
464.531
462.917
466.496
465.600
465.161
465.837
467.467
469.473
468.527
467.666
466.521
469.255
468.803
467.746
469.681
469.014
468.908
467.794
464.453
465.639
466.966
464.421
468.024
465.563
465.353
467.525
471.303
467.991
466.908
465.455
466.516
467.096
465.010
466.086
468.728
468.855
470.855
469.154
470.876
467.794
467.627
466.015
467.550
464.535
466.058
468.264
466.705
465.768
467.138
467.089
467.555
465.441
468.332
467.152
465.664
466.006
466.818
468.222
469.139
469.951
468.833
467.334
468.661
466.799
467.436
467.110
465.166
468.422
468.341
464.955
464.285
466.064
466.945
466.068
466.912
465.825
466.004
464.791
466.532
468.320
466.878
466.626
466.089
467.813
466.003
465.936
465.705
466.240
465.838
463.915
464.995
468.885
466.946
467.367
466.430
467.989
467.014
466.861
465.804
466.407
465.626
464.270
464.738
466.582
467.629
467.011
466.701
466.506
469.106
466.806
465.352
465.774
466.083
466.831
467.082
467.123
466.183
465.351
466.612
467.337
465.176
467.538
466.923
468.148
467.869
464.729
466.516
467.203
465.032
467.182
466.431
468.580
467.007
465.304
465.442
464.140
465.099
466.608
466.329
465.493
468.360
467.716
467.531
466.174
469.024
466.305
467.276
466.272
463.974
464.278
468.542
468.051
467.062
466.681
468.458
467.503
466.496
466.501
465.872
465.074
466.899
467.772
466.532
466.328
464.568
468.040
464.398
467.253
464.747
466.016
465.868
468.164
468.974
466.456
466.173
466.715
465.698
464.059
464.439
463.434
465.581
463.931
468.413
464.484
466.920
466.163
465.916
465.255
465.799
464.640
465.582
466.136
465.277
463.739
462.438
465.056
466.480
467.163
466.572
466.266
464.761
466.493
466.156
466.757
463.234
466.573
464.080
464.397
468.818
466.385
467.280
467.597
465.777
465.470
470.936
468.607
467.944
466.599
469.507
466.505
469.135
466.541
468.893
467.859
467.192
468.984
466.852
464.297
465.982
464.659
465.969
467.158
466.507
468.462
469.905
466.740
470.561
469.405
468.904
467.171
470.824
468.733
468.158
469.229
469.331
468.203
467.711
468.809
467.910
469.050
469.518
468.555
468.068
472.154
468.937
469.131
467.595
468.342
468.515
467.103
467.786
468.954
467.576
466.142
468.958
465.353
467.218
465.619
466.646
470.036
466.841
467.538
468.500
467.930
466.248
469.350
467.233
466.873
467.465
466.926
466.868
468.154
465.112
463.370
466.063
467.257
464.046
462.891
467.923
467.690
466.200
466.678
466.015
466.978
467.592
465.008
465.918
467.054
467.452
466.862
471.395
467.763
467.522
468.194
465.063
465.791
467.501
466.303
466.903
466.370
467.164
466.500
467.420
468.675
470.222
470.702
471.041
469.548
469.258
466.851
467.554
466.030
467.961
468.348
466.300
466.923
466.416
468.004
467.014
468.073
466.729
469.868
465.643
466.588
467.351
466.430
467.373
464.429
463.544
464.287
466.372
464.713
464.243
465.014
465.727
465.574
468.322
470.452
467.396
467.325
466.568
467.220
464.493
465.548
468.278
468.130
465.530
467.222
466.169
466.204
469.613
472.067
471.122
466.136
467.315
468.419
467.105
469.043
468.036
471.887
470.357
468.770
467.699
469.793
465.930
471.007
468.661
465.947
468.052
467.177
469.862
470.736
470.862
469.259
468.144
470.113
470.596
471.035
467.502
467.857
467.377
468.765
470.636
468.414
466.633
466.150
467.947
468.553
464.654
465.423
466.906
467.856
466.045
468.878
469.309
466.419
466.478
468.084
469.509
469.142
467.393
465.288
469.411
466.668
467.493
467.106
470.685
468.912
467.533
467.324
466.381
466.691
465.203
463.719
466.718
466.420
466.892
466.643
469.003
468.579
470.127
467.718
469.231
468.764
470.296
469.536
470.143
469.151
468.225
467.148
469.646
468.995
468.916
466.163
468.774
470.369
469.942
467.526
468.322
468.367
465.940
466.459
465.543
466.372
467.722
468.203
467.564
466.336
467.055
468.653
470.721
468.577
469.490
470.122
470.487
470.962
470.134
472.392
473.634
468.593
469.753
470.170
468.324
467.672
467.679
466.921
469.358
468.840
469.951
471.878
471.250
470.549
471.509
466.115
468.824
466.895
467.301
470.852
469.454
470.010
467.460
467.963
472.151
469.952
467.069
468.289
467.710
469.240
470.928
467.605
467.611
467.027
468.080
466.553
466.894
468.105
466.760
469.221
464.865
467.011
468.366
469.686
467.233
467.034
467.440
467.989
466.544
467.293
468.016
467.324
468.899
467.593
467.404
467.646
469.221
472.609
469.614
467.729
470.144
471.145
470.051
471.242
469.078
470.952
469.941
472.037
468.852
470.617
468.052
469.003
470.521
469.801
472.017
471.427
468.545
468.052
469.321
472.346
470.973
472.242
473.404
467.716
469.841
468.363
472.383
470.866
469.698
469.806
469.535
466.954
470.753
467.631
467.740
468.946
468.883
468.067
470.985
468.891
471.481
471.375
470.942
470.137
469.173
466.973
467.586
469.711
468.853
472.092
469.054
471.029
467.721
469.401
469.867
471.884
470.660
469.899
470.861
470.147
471.749
469.255
470.530
469.104
470.552
471.298
469.691
468.208
470.147
471.314
470.782
470.804
467.736
466.381
470.549
470.198
467.686
468.140
468.526
470.742
466.231
469.642
469.102
467.680
469.806
469.080
468.025
468.237
467.475
468.061
470.223
468.583
470.285
470.938
469.406
473.453
469.354
469.561
471.800
471.386
471.929
472.195
470.204
470.453
472.241
469.165
473.830
470.231
470.355
471.098
469.575
470.525
470.863
471.987
473.198
472.687
471.319
473.895
471.021
471.256
472.739
470.718
472.522
471.037
470.493
471.816
470.964
469.703
470.229
468.357
469.948
471.540
468.332
468.068
468.848
468.999
468.690
468.643
467.011
466.115
468.604
467.012
470.346
471.980
469.866
469.317
470.143
470.205
469.646
468.324
470.433
471.652
470.692
470.469
471.959
469.486
469.404
468.487
468.212
467.742
470.091
468.047
468.947
470.686
469.489
466.063
465.833
467.678
470.383
469.047
469.574
472.645
471.040
467.770
469.483
465.610
465.667
466.503
470.564
472.235
469.197
469.450
466.177
465.716
466.691
469.210
466.903
465.698
467.220
467.422
467.033
469.129
468.404
467.403
466.873
466.302
471.346
468.309
469.293
466.994
470.571
466.372
466.033
470.145
469.497
468.524
467.953
464.929
469.045
468.116
468.348
467.776
470.298
469.685
468.802
466.615
464.921
468.379
466.020
466.489
464.832
468.810
466.532
466.140
465.491
467.748
469.702
468.777
466.379
466.963
466.631
465.860
468.019
467.452
471.499
471.531
470.963
468.420
465.557
466.938
461.954
466.980
467.662
466.516
466.375
465.554
468.535
467.898
466.404
465.894
470.139
468.592
467.642
467.049
466.166
466.941
467.892
466.367
464.896
469.723
467.433
467.405
465.557
467.403
465.909
463.261
467.602
465.818
466.346
465.978
465.777
466.040
465.772
468.241
467.160
470.420
467.103
467.431
467.286
467.156
468.090
464.334
466.634
467.803
468.204
467.284
468.441
466.819
466.466
467.411
465.924
467.952
469.525
468.040
468.302
465.896
466.031
466.676
467.667
465.058
466.503
464.995
465.548
466.405
466.424
465.584
468.920
467.367
466.326
465.470
466.665
466.916
469.506
466.599
466.024
466.080
465.275
464.721
466.439
465.967
466.310
466.559
467.060
466.928
467.722
463.703
465.988
466.081
463.416
463.679
464.706
464.764
467.562
465.866
466.198
465.074
468.725
466.599
466.115
469.004
469.964
468.588
468.712
469.225
467.906
466.456
468.015
469.273
467.509
466.981
467.965
466.141
468.726
467.663
470.112
468.829
469.498
468.200
466.866
466.326
465.410
464.257
462.870
466.212
465.209
464.400
466.828
468.374
466.587
467.632
466.750
466.694
465.697
464.546
468.777
466.957
468.099
467.632
465.425
469.305
469.232
469.686
466.673
465.752
468.191
467.199
467.478
466.176
466.602
466.842
467.300
466.649
464.536
468.364
463.168
464.592
467.760
468.436
469.588
467.325
469.446
466.477
467.539
465.243
469.061
470.116
468.455
468.676
468.084
466.937
465.926
467.338
465.533
465.728
466.307
466.217
465.657
467.249
465.661
469.289
467.085
463.786
467.655
467.269
470.043
470.609
470.291
466.599
466.733
469.606
468.748
467.833
468.519
469.502
469.749
469.229
468.505
471.206
468.514
467.978
467.258
467.774
469.662
470.610
469.778
470.969
469.575
471.691
472.277
471.536
470.875
474.382
471.773
469.675
469.083
470.735
470.514
468.547
468.609
472.288
471.351
468.585
468.952
470.338
470.728
468.348
470.432
470.392
470.824
471.195
470.891
470.202
469.348
466.934
470.658
471.851
473.813
468.546
471.018
471.275
470.572
470.023
466.668
465.099
468.160
468.265
467.566
466.514
466.957
469.501
469.900
470.817
470.430
469.254
470.416
471.986
471.460
467.499
469.115
472.690
471.915
467.385
471.395
470.036
469.181
468.544
466.237
465.836
467.779
468.258
469.342
469.041
465.850
468.913
469.408
471.225
466.948
470.204
470.565
468.199
469.280
470.589
467.787
470.069
468.192
465.866
467.719
470.251
467.901
465.730
468.217
468.069
469.049
468.385
468.963
468.756
468.946
468.119
467.069
466.274
466.523
468.439
468.648
469.417
471.346
468.065
469.259
471.169
470.505
471.102
470.851
470.320
466.936
463.715
468.593
466.972
465.801
468.879
470.911
473.069
470.274
470.147
466.791
469.967
468.271
467.365
469.744
468.197
468.393
467.916
468.533
467.753
467.680
468.216
468.923
471.311
467.654
468.343
467.381
468.660
466.255
469.143
466.701
467.442
467.148
468.683
466.626
468.388
468.425
468.074
471.126
471.378
471.636
472.163
471.369
467.393
470.944
470.068
471.257
471.325
470.631
469.530
469.499
468.687
468.820
469.529
468.039
469.598
470.678
470.687
471.789
471.081
469.881
469.504
470.750
469.949
472.317
472.553
468.996
468.567
466.861
468.469
471.360
470.294
469.101
470.842
471.410
472.009
470.174
469.660
471.718
470.409
470.566
471.196
469.709
468.886
467.611
468.643
470.002
467.555
468.252
469.665
468.531
469.581
468.033
466.894
467.413
469.710
471.804
471.103
470.698
471.122
469.040
469.431
471.232
468.705
468.533
470.285
470.451
471.340
472.279
473.613
469.643
471.382
469.116
468.926
469.899
469.984
467.781
466.515
467.233
468.897
469.719
471.021
469.728
469.845
471.755
472.909
469.134
470.958
468.690
467.144
469.167
468.539
466.434
464.239
468.899
467.136
469.569
466.974
470.660
469.925
470.870
471.132
470.676
470.284
470.093
468.314
467.077
469.593
472.302
470.501
469.650
472.490
471.130
471.299
468.330
470.083
472.228
471.050
471.993
469.885
469.881
469.386
468.125
470.625
467.455
469.229
470.977
470.631
469.723
470.030
470.246
471.822
469.281
470.506
469.781
470.655
469.574
471.590
471.561
471.190
470.578
471.651
471.444
470.727
469.794
469.168
467.035
468.679
471.186
470.783
471.033
468.015
473.018
471.636
467.842
471.075
467.928
469.063
469.701
469.886
468.950
468.356
471.663
468.278
469.273
469.585
470.902
467.808
467.078
466.650
468.720
468.522
467.765
466.792
467.968
468.866
469.747
469.316
466.176
467.768
465.641
468.479
466.906
469.555
469.440
467.319
468.746
468.013
467.125
468.719
468.417
467.457
467.201
468.956
467.689
467.367
469.444
470.514
469.135
468.276
470.547
468.377
467.097
469.675
468.351
470.085
471.204
469.512
470.097
470.089
468.808
470.312
468.811
470.384
470.532
469.008
467.289
468.920
470.440
471.301
468.624
467.815
468.498
472.918
466.301
466.929
465.650
468.936
468.480
469.440
471.338
470.715
470.565
469.538
471.552
468.441
470.560
470.380
466.609
470.731
470.911
469.228
467.856
469.097
468.102
468.430
470.186
471.539
470.836
469.752
468.886
470.467
470.186
469.428
470.702
469.447
469.575
469.575
469.518
467.750
467.695
467.309
469.387
468.109
468.059
472.073
469.914
472.011
469.228
469.968
468.257
470.326
467.956
469.353
471.952
472.756
472.520
470.329
468.266
466.795
468.232
469.012
467.878
469.226
472.212
468.933
469.532
468.041
469.193
466.318
467.157
468.390
467.273
467.628
468.265
465.649
467.415
467.909
467.640
468.552
469.516
469.471
470.206
466.656
466.851
469.901
469.798
468.198
469.198
469.425
468.497
471.058
470.653
473.232
472.179
469.503
467.639
467.698
467.631
467.155
470.640
470.126
470.385
469.896
468.955
468.290
469.446
469.877
468.559
468.370
469.570
472.492
474.327
472.911
474.437
470.725
468.662
471.621
470.755
469.999
470.543
470.210
469.079
468.623
470.009
466.786
466.340
468.740
468.281
467.421
469.263
470.337
471.591
470.943
471.088
468.696
470.245
472.966
472.278
466.690
470.805
470.660
468.072
471.038
468.509
466.550
468.125
470.007
466.411
470.605
468.181
470.529
469.079
470.903
470.434
468.909
466.694
466.625
468.126
468.220
470.670
468.545
467.048
466.864
467.923
468.297
468.116
467.116
466.569
468.766
468.547
468.978
468.715
468.611
469.913
470.029
469.544
469.126
467.342
467.588
468.890
473.070
471.581
470.266
471.341
470.616
468.480
469.142
469.196
469.077
468.835
470.824
468.250
470.324
472.455
470.105
468.587
471.780
471.718
468.480
468.114
467.410
469.975
471.587
468.517
470.613
470.827
470.766
471.891
469.137
470.225
472.279
473.979
472.396
470.684
472.313
467.425
467.776
469.756
467.831
468.109
468.842
469.178
469.615
470.043
469.357
469.872
469.004
469.178
470.372
472.153
472.495
470.231
470.625
468.150
470.043
467.589
468.279
467.732
467.161
463.766
464.847
467.102
470.257
469.212
470.691
472.676
468.896
468.729
470.956
471.916
467.029
467.734
468.619
471.080
470.959
468.923
468.234
471.018
467.565
469.526
469.412
467.928
467.168
469.028
471.527
469.559
472.360
468.700
469.848
470.776
470.036
471.823
468.517
471.524
471.353
469.995
468.721
470.667
470.725
472.179
471.032
471.665
472.437
469.790
467.425
471.227
472.078
473.894
472.345
472.642
471.627
468.565
469.948
470.658
470.620
472.199
468.431
470.403
472.358
468.044
469.732
470.614
471.792
469.835
471.525
468.467
468.263
471.251
469.499
467.868
469.662
471.671
470.942
471.920
469.709
467.714
468.626
467.536
470.711
469.587
470.132
467.877
466.177
467.841
468.652
466.794
469.388
467.153
466.079
464.766
465.635
466.846
465.215
467.204
465.249
465.237
468.128
465.951
467.436
465.920
468.773
467.634
467.487
467.137
468.237
468.433
467.614
468.597
464.671
464.120
466.940
465.216
466.155
466.098
468.296
469.472
467.382
462.801
466.127
465.949
466.745
468.940
470.707
468.444
469.353
472.795
472.959
467.278
469.615
471.212
469.791
468.386
467.926
466.597
470.575
468.967
470.033
469.427
467.294
465.480
467.039
468.201
471.679
466.926
472.266
469.961
472.771
472.980
470.067
471.566
470.845
470.436
469.246
467.331
467.018
466.939
465.824
468.539
468.821
468.939
469.796
467.426
466.079
467.637
465.598
469.370
469.166
470.272
467.355
469.900
468.879
466.751
468.186
466.973
469.558
468.975
466.581
468.564
471.173
468.098
465.740
463.194
466.904
466.151
464.588
467.654
468.210
467.079
466.826
469.466
467.994
466.111
467.287
467.300
464.901
467.429
466.981
470.132
467.204
467.288
466.302
468.758
465.626
469.640
469.696
468.436
465.797
466.558
467.142
467.840
468.208
467.078
466.808
468.605
465.888
468.421
466.758
468.497
470.725
469.209
465.288
465.735
469.061
468.604
465.319
467.144
464.260
465.866
467.186
468.742
465.644
464.824
463.197
466.226
466.687
466.684
467.112
466.262
465.498
465.289
464.635
466.206
466.351
466.575
465.444
465.307
465.843
464.635
465.297
466.688
467.292
466.218
463.770
465.069
463.969
465.370
463.366
465.117
467.161
466.553
466.819
471.536
468.153
464.732
466.883
467.960
467.205
468.212
468.420
465.449
466.825
466.606
466.437
463.504
466.488
464.745
464.480
467.398
465.532
467.266
466.234
465.700
467.392
466.012
466.848
467.726
469.162
467.818
467.398
467.100
465.464
465.917
465.565
466.877
467.696
468.759
471.087
470.021
468.707
468.133
468.492
468.761
467.447
469.792
466.775
469.614
470.688
468.719
468.342
467.198
464.956
465.644
467.085
466.175
465.623
468.044
467.096
468.314
467.403
467.118
468.421
468.668
467.099
466.813
467.514
467.309
467.363
468.181
466.681
467.459
465.822
469.235
469.404
470.024
468.353
466.101
463.906
468.324
467.335
467.943
467.645
467.631
469.796
467.626
466.472
465.528
468.911
467.533
471.396
469.128
469.781
467.386
466.533
466.076
467.134
467.580
469.146
465.318
464.461
467.797
466.240
467.704
464.660
468.239
466.210
467.732
465.795
466.489
466.569
469.139
466.389
466.781
470.156
466.740
467.318
467.856
466.394
465.854
466.070
468.172
470.118
467.235
466.347
464.895
465.629
465.596
468.064
466.012
464.618
466.592
465.545
463.473
466.614
470.097
467.980
468.985
467.159
468.097
467.238
466.560
465.793
464.245
463.872
465.908
467.173
467.278
466.643
466.534
466.341
466.245
468.696
469.819
468.971
468.441
467.401
468.914
469.650
468.996
469.178
467.140
464.671
467.998
466.864
468.000
466.629
467.502
468.228
467.344
467.421
468.271
466.274
466.016
466.557
465.461
468.673
470.169
468.954
467.960
467.219
468.087
468.864
469.138
466.703
468.484
470.063
468.795
469.104
467.819
465.408
467.595
466.476
465.685
465.270
465.470
464.598
467.852
465.890
467.380
469.451
467.650
466.022
466.385
467.462
467.286
466.410
465.106
469.187
468.739
469.230
467.983
467.234
467.154
467.848
468.194
464.989
465.592
467.542
466.872
466.578
467.415
467.536
467.402
468.252
467.001
469.813
468.601
467.170
469.136
467.451
467.491
467.006
469.605
468.207
469.300
469.670
470.005
469.257
470.417
467.744
465.796
470.684
469.129
465.988
466.278
470.877
468.722
467.953
467.151
466.789
468.299
467.788
468.732
467.181
467.163
467.719
468.622
465.862
466.251
467.241
467.484
464.626
464.996
466.746
469.519
465.711
469.104
469.338
467.130
468.216
470.873
471.598
468.702
467.241
468.727
467.181
469.206
468.041
466.717
467.816
466.391
468.122
468.344
466.777
469.076
468.623
465.891
468.280
468.653
467.832
467.751
466.832
468.338
468.850
466.869
467.050
466.649
466.545
467.591
468.096
466.530
467.823
465.764
467.572
465.971
468.402
468.022
465.950
468.283
469.082
468.766
469.897
467.430
468.009
469.631
468.972
469.239
468.911
472.380
469.036
470.207
467.624
468.617
468.392
471.431
469.915
469.796
468.702
466.543
469.786
471.202
470.233
469.393
469.521
473.429
466.535
468.198
467.150
465.516
467.307
464.855
467.220
468.447
467.808
468.120
469.087
470.466
469.228
468.879
468.352
466.092
467.464
468.885
469.100
469.249
466.689
465.318
464.130
465.364
469.318
467.826
467.936
467.382
468.706
467.143
466.568
465.100
466.459
467.234
468.405
466.615
468.069
468.539
470.703
469.502
470.728
468.129
469.875
469.457
465.738
468.437
469.521
466.560
464.708
466.961
468.606
468.180
467.706
468.935
469.411
466.512
468.783
467.589
469.285
469.345
469.233
467.146
468.067
469.047
467.352
466.947
470.555
472.656
469.878
469.568
468.075
469.350
468.559
468.367
468.585
467.613
466.466
468.720
468.773
467.899
468.632
465.078
468.225
465.138
465.031
468.516
468.530
467.826
466.792
467.190
466.335
466.676
470.021
467.122
467.678
465.433
467.756
469.811
471.125
468.256
469.717
469.536
470.069
469.103
468.548
466.818
465.725
468.547
466.955
467.761
468.513
465.829
468.735
469.918
468.316
468.263
466.803
466.766
466.860
469.121
467.501
467.287
469.381
466.860
468.465
469.584
467.559
468.615
468.038
468.840
471.030
469.542
467.420
466.610
469.025
467.345
465.736
468.321
469.622
469.193
468.353
467.344
468.418
469.560
467.373
467.220
467.021
467.514
468.404
468.296
468.022
468.985
471.290
470.036
470.606
469.787
467.395
466.294
467.885
470.155
471.366
469.602
469.367
469.557
468.750
471.244
468.554
470.632
471.294
471.620
468.259
471.730
469.819
473.479
469.599
469.957
469.917
468.970
469.099
471.447
467.719
469.802
468.204
467.540
469.907
470.079
470.087
473.509
469.994
471.002
468.211
471.621
469.396
471.029
470.240
468.448
468.347
469.849
471.548
470.837
471.659
471.725
468.820
472.166
468.587
469.794
468.825
465.930
467.740
469.081
468.777
468.074
470.271
469.591
470.885
472.026
470.267
469.372
470.477
469.381
467.751
468.511
469.020
468.116
466.895
466.941
465.321
465.992
468.300
467.733
469.728
470.114
470.092
470.891
468.199
470.392
467.714
466.055
465.692
466.562
467.885
467.267
465.296
468.527
469.827
470.335
472.277
467.522
467.121
466.644
467.575
466.296
467.901
470.722
470.290
470.089
467.766
470.791
471.070
468.399
471.309
467.963
468.524
471.337
470.872
471.286
470.756
470.419
470.555
469.626
469.274
469.471
470.096
465.481
465.473
470.323
468.801
469.721
469.877
469.206
468.340
467.924
465.986
466.680
464.953
466.867
465.688
467.150
466.676
465.551
467.518
466.066
468.695
467.766
468.730
468.435
466.425
470.046
470.315
467.915
471.106
471.321
470.685
470.014
470.467
468.511
466.946
467.657
467.478
468.346
469.886
467.561
470.342
468.383
469.727
470.789
467.846
467.168
468.038
468.018
468.201
468.345
467.921
468.303
466.121
467.794
468.667
468.904
467.606
469.140
467.795
466.834
470.293
471.254
467.051
467.444
468.521
465.641
466.848
465.545
468.517
465.079
463.901
466.680
466.714
465.483
469.377
467.244
466.582
466.103
469.362
468.535
467.621
467.619
464.867
467.674
466.494
468.708
466.626
468.664
464.407
466.465
467.139
465.873
465.342
466.951
466.074
466.818
466.827
466.187
467.217
464.577
465.401
467.510
465.236
466.313
467.308
464.147
466.533
464.406
467.905
464.552
465.704
466.365
467.040
465.599
464.559
468.671
467.439
465.886
465.935
465.766
465.074
466.355
466.642
463.027
463.939
466.455
465.493
466.477
468.052
468.165
467.552
467.238
464.906
463.678
467.855
466.474
469.398
465.989
468.104
467.961
468.527
467.801
467.351
468.522
466.376
466.376
466.970
467.450
464.854
466.302
468.232
466.240
468.162
469.616
466.877
469.509
470.164
468.990
468.603
469.359
468.407
468.678
467.803
465.794
466.884
468.655
470.513
469.606
468.839
466.851
467.086
472.017
467.149
469.781
467.825
469.921
468.445
470.314
471.504
469.581
467.610
469.736
470.535
472.346
472.673
472.382
467.060
468.887
467.955
470.323
467.946
468.551
465.865
469.986
468.982
462.679
467.661
467.519
470.267
467.711
469.116
463.963
464.109
465.934
468.914
468.376
468.907
470.515
472.428
467.956
467.283
468.141
468.317
470.724
470.648
469.769
467.780
466.479
467.352
468.395
466.985
468.326
468.399
468.390
470.443
468.856
466.159
465.387
469.583
467.315
467.143
465.730
467.317
469.143
468.412
464.687
464.176
464.277
464.135
464.368
466.346
464.030
466.382
465.445
465.493
463.937
463.337
467.940
466.883
467.558
464.277
465.205
465.659
462.676
465.397
466.995
466.839
467.752
464.713
464.494
462.401
466.198
467.350
467.650
463.991
467.254
465.229
466.956
466.194
466.162
466.001
465.618
463.619
463.388
468.978
467.232
468.825
467.314
467.295
467.336
469.014
469.299
464.664
465.116
466.584
468.743
466.722
467.101
466.859
465.658
467.530
467.274
468.450
465.793
467.815
465.562
467.354
465.577
465.286
466.941
468.922
467.501
465.064
466.673
466.669
467.245
466.176
468.327
466.430
465.667
467.307
466.813
464.718
468.919
471.577
468.653
468.813
464.692
467.153
467.665
468.997
469.564
472.051
471.121
466.238
466.610
467.741
468.609
469.428
470.410
469.314
470.188
468.574
469.412
468.221
468.883
468.985
468.871
470.019
469.370
469.165
468.627
468.844
469.448
467.563
468.594
469.771
469.337
467.679
468.197
470.311
472.074
471.728
470.797
469.554
469.993
469.392
472.753
470.410
473.736
472.660
470.224
470.149
469.620
470.240
470.152
472.151
472.251
472.082
472.062
471.603
470.877
470.340
470.195
469.058
467.682
471.998
470.516
469.668
472.345
469.157
473.047
472.406
471.504
470.866
469.994
473.228
471.773
471.607
469.762
468.315
469.750
468.398
471.555
472.628
471.708
469.051
468.133
470.246
470.123
470.695
467.438
466.735
467.797
469.762
473.788
470.641
471.578
468.871
468.275
468.528
469.692
468.169
470.610
470.569
468.638
470.460
471.659
468.351
467.784
468.482
470.724
466.241
466.502
471.322
470.245
469.196
470.476
472.487
470.272
468.952
470.319
468.911
469.487
473.174
472.370
472.292
473.028
470.480
469.786
470.127
471.194
471.891
471.617
471.951
470.040
473.477
468.163
471.665
470.802
474.021
471.519
470.476
468.690
469.710
469.406
469.179
469.612
470.725
469.938
470.288
470.034
469.658
471.313
468.665
469.724
469.153
470.131
471.143
474.603
472.828
470.911
472.606
471.969
471.018
472.832
474.247
475.425
472.629
472.079
472.580
472.334
471.175
471.433
473.307
472.511
471.537
472.537
476.770
473.866
477.143
475.065
471.067
473.560
473.096
471.950
471.273
470.441
469.373
473.277
472.343
468.878
469.835
471.885
472.594
471.798
475.173
472.611
471.203
473.365
474.432
473.352
475.650
471.588
474.884
473.717
474.384
472.687
474.658
473.047
473.246
473.164
474.319
471.262
474.440
474.095
473.117
475.486
473.373
471.578
472.725
473.875
472.816
472.577
470.450
473.022
472.681
471.344
469.840
469.823
472.812
470.499
474.336
470.838
470.736
474.554
474.071
473.116
474.614
469.106
470.326
473.055
473.010
471.090
472.224
470.719
467.721
468.948
470.264
471.926
472.338
471.210
470.688
469.344
471.966
470.500
469.950
470.549
470.592
470.707
469.355
469.751
471.547
471.996
471.205
473.211
472.323
471.566
470.326
472.496
471.882
472.052
473.740
471.632
472.210
467.882
475.187
472.563
472.426
473.652
473.071
472.541
472.496
466.861
468.640
472.349
473.006
473.201
471.628
474.716
473.109
471.298
471.755
469.760
471.726
469.670
468.061
470.115
468.834
469.926
470.525
470.515
471.640
472.970
472.288
470.935
466.956
470.132
470.651
470.963
470.578
471.812
470.015
468.088
468.476
469.515
468.923
468.734
471.806
469.845
470.647
472.170
473.398
473.489
468.771
471.215
470.600
469.613
471.210
472.003
474.282
472.143
470.866
471.611
469.289
472.266
470.303
471.946
470.996
472.825
471.574
473.796
475.768
471.497
472.990
474.279
470.886
471.163
473.134
470.179
469.575
472.937
473.804
469.724
469.965
471.467
469.980
472.158
470.232
470.697
471.881
474.661
470.981
470.877
469.741
470.515
471.981
472.246
469.569
470.409
470.823
471.397
470.493
470.694
468.480
470.960
469.415
469.681
470.956
470.411
470.384
467.863
466.683
469.774
472.836
470.003
471.712
469.011
470.240
468.846
470.321
472.067
471.821
473.352
468.820
467.937
468.790
470.106
470.961
468.891
469.415
466.388
469.584
470.277
469.956
470.470
470.614
468.428
470.845
469.806
471.066
469.300
471.180
470.860
468.165
471.225
469.921
470.436
468.144
471.332
471.905
471.104
470.969
472.257
469.945
468.169
468.312
471.195
471.975
473.381
470.220
468.434
471.959
472.481
471.264
470.785
472.447
471.260
470.375
469.121
469.277
467.681
467.739
468.118
468.521
469.168
469.138
467.621
467.242
470.130
466.744
467.482
468.623
469.211
465.955
466.951
466.137
468.383
468.175
464.898
467.119
468.599
469.677
470.234
471.357
468.946
470.479
469.594
471.318
469.727
469.722
470.719
471.817
469.288
471.562
469.161
467.752
469.011
468.402
467.565
471.605
469.671
470.854
473.046
473.381
473.426
471.449
472.472
468.037
468.952
470.129
471.394
470.168
471.146
472.545
470.979
469.792
472.355
471.854
472.078
471.298
472.245
472.359
467.690
472.716
475.518
470.753
472.398
474.179
472.171
474.600
473.375
472.042
472.173
471.676
472.243
470.073
470.786
471.319
470.570
469.541
471.318
471.226
470.770
472.773
471.454
471.033
471.166
470.784
470.088
472.154
472.879
470.121
467.856
468.569
468.640
467.808
470.306
468.941
470.529
469.578
470.218
471.568
471.564
473.114
471.194
472.186
471.784
468.637
468.381
469.138
471.485
470.631
471.667
470.093
473.290
473.553
471.507
470.079
471.393
469.428
470.801
473.012
471.038
472.179
473.503
473.062
471.032
471.340
470.552
472.597
472.037
471.503
474.590
471.909
472.908
471.077
473.270
474.629
473.273
471.741
471.842
470.450
467.044
471.848
468.855
470.588
470.289
469.980
469.557
471.744
468.248
469.599
468.949
468.346
470.916
471.643
469.387
473.841
471.733
472.205
470.960
471.901
471.828
473.575
472.473
472.807
474.993
472.804
470.606
474.008
473.679
470.656
472.629
470.692
470.558
473.996
472.966
471.180
470.769
472.869
474.147
471.658
471.665
469.960
474.173
471.881
473.313
466.947
468.479
471.161
470.239
472.105
470.899
467.758
468.834
469.323
468.345
468.952
474.106
471.652
472.702
472.035
472.652
471.298
469.963
468.051
468.899
468.006
468.061
470.982
470.836
473.362
472.052
472.904
470.209
472.093
470.613
470.737
470.612
471.801
470.000
469.063
469.057
469.621
471.068
467.474
470.856
467.206
466.644
468.367
468.477
468.730
472.343
471.457
472.133
471.344
470.150
469.336
470.132
469.144
469.999
469.649
468.811
470.630
467.666
469.658
470.262
469.927
473.087
471.073
471.560
468.714
470.978
471.306
469.674
470.362
471.547
470.464
471.796
469.977
470.854
471.664
471.416
471.149
474.335
474.427
473.716
471.859
469.268
469.792
472.314
469.371
469.629
469.742
469.571
470.660
469.646
468.030
470.403
470.154
471.542
472.085
468.676
470.327
470.331
469.052
469.501
470.343
471.098
469.462
470.502
469.687
468.819
469.750
470.059
467.655
471.494
472.412
470.755
470.948
470.958
470.272
469.319
472.218
470.476
468.515
469.598
470.431
469.601
471.268
469.726
471.956
469.248
468.501
469.382
467.972
469.139
470.949
469.265
471.015
470.323
471.312
471.113
472.784
470.571
467.339
468.048
471.777
470.527
470.450
468.042
469.346
471.918
472.588
468.027
472.662
469.477
470.883
468.885
472.294
470.572
472.334
472.198
469.975
468.083
467.240
466.106
467.663
467.262
464.432
465.510
464.594
466.920
466.271
465.487
467.262
467.900
465.681
467.745
467.919
466.672
464.924
467.602
467.039
465.139
465.336
466.371
467.588
468.753
466.593
467.198
465.670
463.940
468.071
465.233
466.916
465.303
466.726
470.186
468.641
465.003
466.343
464.389
463.296
467.517
464.707
466.110
467.941
465.830
465.893
466.142
463.297
465.267
466.169
467.158
467.546
467.604
466.658
468.604
466.817
467.712
470.136
465.707
467.095
466.879
467.374
466.155
466.560
471.100
470.345
465.708
464.187
463.971
464.977
464.679
464.806
468.371
466.169
466.004
466.017
468.003
468.322
468.084
467.836
468.705
468.085
465.938
470.665
466.753
466.824
468.920
469.824
467.577
467.876
466.063
470.068
469.148
470.625
467.065
468.633
469.050
468.613
465.372
465.935
469.289
468.523
469.580
468.484
466.867
467.273
466.160
467.975
468.535
467.292
467.567
469.181
470.692
468.068
467.961
467.836
465.884
465.311
465.672
463.878
465.802
469.083
466.015
464.795
466.415
467.883
468.257
465.839
466.110
464.756
466.790
466.457
465.076
469.906
469.385
468.610
465.081
468.675
466.153
469.660
468.063
467.808
466.172
467.958
465.873
468.582
463.113
464.003
464.355
467.253
466.796
464.993
467.133
469.771
466.073
469.058
464.371
466.970
466.167
464.749
466.644
466.002
467.436
465.585
466.228
464.930
465.486
469.076
466.603
467.324
466.981
466.320
467.089
469.924
465.741
464.906
464.959
464.442
469.134
466.917
466.573
464.660
469.031
467.015
464.076
466.401
467.496
466.168
465.490
463.212
466.259
465.273
466.373
466.426
467.592
469.794
464.883
463.329
464.768
467.835
468.176
468.039
466.691
467.165
468.269
470.447
467.253
468.694
469.247
470.193
468.655
468.811
466.649
468.162
468.784
468.346
467.427
468.507
466.114
467.155
466.768
468.783
470.472
470.919
467.239
467.408
468.593
468.265
469.373
466.227
468.337
467.136
465.755
468.214
464.763
467.126
467.588
466.724
464.880
464.812
466.557
466.469
468.540
467.349
465.622
467.655
464.906
466.043
463.297
464.548
464.375
466.350
463.398
467.151
466.984
464.006
463.978
466.968
466.622
466.540
465.254
468.013
465.902
466.701
465.454
465.242
468.240
464.144
465.435
466.254
466.641
467.330
466.637
466.946
464.689
465.811
463.446
464.937
464.231
465.285
462.857
468.748
467.701
464.328
463.339
465.578
464.181
467.785
463.996
465.834
465.832
467.298
465.921
466.589
465.227
465.525
465.374
468.104
467.108
466.529
464.695
460.650
463.555
468.352
467.167
466.982
466.946
467.104
465.093
465.390
465.022
466.766
465.275
465.098
464.848
465.289
464.874
465.172
462.907
465.205
466.932
467.137
464.531
464.702
466.324
465.950
468.784
466.184
466.270
466.046
465.141
466.373
463.560
462.252
464.133
465.004
467.585
469.990
469.761
465.501
466.582
464.783
467.175
464.182
463.602
465.355
465.937
463.831
466.022
465.781
465.053
468.122
466.905
465.335
467.556
465.149
464.108
465.449
464.212
465.839
467.114
466.125
465.136
462.336
463.890
462.935
464.607
465.321
465.330
462.263
464.076
462.997
465.414
464.487
464.336
466.652
465.675
463.329
464.313
465.815
464.512
463.113
465.351
465.972
467.173
466.417
466.012
463.201
463.713
462.718
467.004
464.043
464.194
465.974
466.695
464.741
465.401
465.423
464.590
465.545
464.092
465.994
465.775
465.129
465.651
466.046
465.186
467.415
465.303
465.971
464.151
466.180
467.783
465.782
466.784
465.012
465.204
466.011
466.515
470.501
469.326
464.232
465.703
466.671
466.896
467.322
467.218
466.827
465.906
466.740
464.518
464.929
463.452
465.453
466.790
467.732
464.843
464.115
463.293
463.550
463.054
462.257
465.303
468.517
464.077
464.891
467.402
467.448
465.189
466.794
464.024
463.237
464.526
466.635
468.554
468.161
466.225
466.665
465.298
466.812
466.708
468.460
465.302
467.964
468.045
466.250
467.029
466.420
468.427
469.370
468.331
465.729
466.470
466.475
464.385
465.333
467.234
465.600
467.045
465.008
463.569
465.323
467.226
468.821
465.093
465.911
467.536
466.695
466.904
466.942
465.739
466.762
467.670
466.727
465.608
466.933
464.242
467.354
466.962
466.322
467.375
466.405
466.806
467.160
467.483
465.670
463.579
466.650
465.769
465.492
465.114
466.411
466.688
466.634
467.917
465.106
466.825
468.234
469.366
467.178
468.544
467.830
470.337
467.436
467.100
466.309
465.608
466.265
467.328
466.900
467.868
464.812
464.912
466.352
465.572
467.961
464.068
466.910
465.557
468.770
468.060
468.793
468.423
466.007
471.038
468.825
468.772
464.677
463.801
465.130
464.891
466.700
466.819
465.297
467.253
466.972
467.266
465.063
465.016
465.813
468.773
468.982
466.630
467.685
464.984
467.130
466.221
465.907
466.865
468.735
467.794
467.760
466.839
467.976
466.800
465.630
465.776
467.018
467.291
467.379
465.762
467.101
466.490
464.473
465.698
463.982
466.617
463.773
464.159
465.571
465.495
465.257
466.373
465.006
464.972
465.889
465.283
466.476
469.838
466.675
466.518
466.288
465.410
466.860
465.231
464.501
464.479
463.766
466.854
468.080
468.618
467.726
467.184
465.494
467.455
467.236
468.433
466.774
465.734
469.190
466.937
465.869
465.951
463.293
465.066
464.069
466.124
465.506
466.156
465.710
467.621
469.647
469.783
468.944
467.267
465.182
468.612
468.080
464.974
464.844
468.012
466.956
465.842
467.488
469.218
465.965
465.416
464.394
468.112
466.081
466.198
464.887
466.038
467.293
464.463
463.777
467.594
466.576
465.525
468.105
467.472
466.383
466.640
466.826
465.616
467.503
467.396
467.064
467.249
466.889
470.575
468.258
466.525
468.416
468.855
466.227
461.922
463.337
463.690
465.671
464.659
464.258
465.980
464.946
466.162
464.590
463.333
463.101
464.829
463.764
465.289
463.363
465.808
466.376
465.582
466.831
465.453
468.065
463.913
466.778
464.527
466.645
464.004
465.402
467.691
462.746
463.772
464.197
463.630
464.206
462.830
463.011
464.369
465.201
463.061
464.327
465.565
465.393
462.934
463.667
465.434
466.069
465.318
465.388
469.826
468.258
466.520
464.994
465.435
465.999
464.692
468.252
464.945
465.010
466.284
467.448
466.328
465.561
462.508
463.141
463.258
466.422
465.492
465.311
465.085
463.119
463.649
464.952
466.395
467.794
464.954
465.335
467.547
464.375
466.503
465.447
463.999
465.393
