559.396
561.874
561.275
563.762
558.462
559.233
557.831
551.856
555.489
556.442
557.744
559.758
563.120
570.437
566.555
566.481
565.577
564.329
566.715
565.829
568.123
564.734
564.288
565.200
564.032
566.582
559.195
560.350
562.489
560.353
568.522
569.183
568.615
574.165
574.800
570.648
568.316
568.684
574.779
569.242
570.045
576.860
576.184
574.347
575.978
575.736
573.907
576.146
577.902
573.963
576.283
570.246
579.773
578.947
578.885
578.516
577.167
576.625
576.027
573.330
571.444
570.520
576.497
574.044
574.021
573.880
576.032
574.470
571.084
575.205
572.762
572.774
570.618
571.429
564.938
567.851
566.190
568.076
568.820
566.471
570.936
573.798
575.788
575.490
578.622
577.331
580.231
580.317
584.721
585.106
583.551
583.653
580.850
586.178
584.103
590.514
582.707
581.768
583.867
588.946
587.791
590.476
587.922
586.410
589.776
589.714
588.696
590.112
593.314
589.045
584.125
586.397
580.970
582.696
578.180
584.668
580.025
580.564
576.842
576.329
573.476
580.534
580.031
581.522
577.573
577.267
584.226
584.839
577.324
575.167
578.707
583.375
580.697
580.685
582.453
585.900
585.666
585.432
583.166
584.233
583.682
583.459
589.902
590.999
588.770
587.260
590.365
584.787
587.197
587.609
584.973
585.053
585.920
583.227
578.921
576.764
582.074
579.092
579.765
579.314
584.284
586.985
583.377
584.037
583.241
589.120
587.859
591.104
585.987
583.872
585.484
580.458
581.318
587.206
584.095
578.348
579.739
584.027
581.232
587.292
580.360
576.786
577.223
574.537
582.178
578.637
575.660
576.006
578.169
577.158
579.389
575.768
576.277
575.365
574.436
576.236
574.930
572.514
571.560
575.944
570.499
575.121
574.317
573.004
576.318
574.006
577.041
573.277
577.263
575.847
572.397
578.205
577.693
569.224
571.914
573.677
567.775
573.285
574.067
568.032
562.694
565.045
571.163
569.761
567.351
566.740
571.266
567.813
563.987
566.334
566.173
569.085
566.640
563.510
566.338
564.803
562.468
566.119
566.016
567.262
568.007
566.496
562.997
563.074
563.713
565.428
564.277
569.763
565.403
569.342
576.705
575.896
577.335
572.409
567.736
569.784
570.720
572.634
568.292
565.272
566.490
569.040
572.462
569.575
573.524
570.350
571.521
571.699
567.503
570.810
570.693
569.646
566.324
572.485
573.187
574.447
565.988
568.786
564.788
563.530
567.359
569.817
569.895
570.134
565.077
569.406
564.192
567.856
568.208
562.954
565.788
565.091
559.688
561.690
564.218
563.995
558.421
557.328
560.009
558.069
560.965
562.755
562.990
562.610
562.481
562.941
566.471
567.716
568.183
566.469
563.786
565.750
560.920
559.086
560.181
569.304
560.793
557.899
564.518
566.445
565.084
565.787
564.351
568.110
562.607
562.761
568.433
572.224
571.592
575.791
573.434
573.617
575.048
573.282
570.866
572.386
571.210
571.611
576.766
574.476
572.889
572.116
573.455
580.001
574.223
577.444
578.010
578.373
577.963
576.220
578.342
577.708
579.421
577.447
576.681
580.163
578.295
577.341
579.811
578.515
575.019
574.297
572.120
564.055
564.621
565.608
566.143
569.193
573.453
574.921
567.827
568.750
565.824
566.179
563.217
564.980
566.137
567.461
566.822
575.939
568.203
563.457
562.522
565.347
569.059
565.779
565.624
562.797
569.828
568.422
569.046
569.817
565.403
571.766
567.102
565.196
565.869
562.954
568.732
567.068
569.745
566.436
562.507
569.726
565.375
567.879
568.409
570.384
566.114
572.925
575.324
580.115
578.068
576.785
578.686
575.142
574.087
575.407
578.219
578.928
581.035
572.732
574.758
575.263
570.510
572.722
572.131
569.506
570.640
574.367
574.854
571.178
572.566
572.482
569.923
569.502
569.151
575.293
570.683
570.360
565.582
568.209
570.415
569.091
571.687
571.946
573.833
575.703
577.078
577.709
570.016
571.991
574.154
574.575
581.894
582.730
580.883
578.875
575.351
570.584
566.368
570.172
571.582
567.669
569.203
567.165
572.339
570.750
570.735
567.756
569.595
577.062
574.945
573.877
568.102
569.296
566.553
565.709
569.400
570.120
572.701
571.797
568.394
569.272
574.232
571.941
576.180
577.490
574.153
578.707
576.611
571.719
574.473
576.279
570.618
569.425
573.360
575.437
572.527
572.495
575.102
569.584
573.806
577.096
570.554
571.904
576.815
577.770
576.147
578.917
573.561
573.085
574.336
577.272
575.653
583.648
578.137
580.298
574.932
577.247
569.371
565.596
568.455
571.099
570.753
567.488
571.347
569.092
566.971
570.449
575.615
572.319
572.244
577.293
581.081
576.576
570.621
575.089
576.020
576.529
577.800
574.873
578.205
574.423
574.966
572.790
568.239
570.844
574.628
576.789
574.481
576.069
577.189
568.515
569.891
571.650
570.333
574.519
572.633
570.877
568.047
576.387
569.934
568.202
563.367
557.828
556.326
558.123
566.372
567.790
562.175
562.199
564.171
563.533
570.128
572.939
571.724
567.180
566.356
567.519
568.321
568.157
572.611
571.139
576.832
573.367
579.457
577.495
575.424
579.198
578.521
581.978
585.302
582.495
579.642
577.552
575.872
574.964
575.697
573.075
571.705
568.251
568.747
565.109
567.376
570.312
568.482
569.387
567.518
564.242
564.643
565.856
564.146
565.184
561.717
562.796
563.019
563.730
560.411
567.674
567.742
564.901
569.249
565.433
569.295
565.697
568.684
571.432
572.165
573.894
573.656
575.012
567.628
565.799
567.420
568.396
574.111
574.980
576.241
576.017
575.410
576.057
576.189
576.831
573.342
572.692
578.964
575.469
573.554
574.900
573.526
576.048
576.639
582.534
570.628
572.807
575.489
580.529
576.136
575.531
573.636
573.619
569.479
572.086
572.254
571.863
576.715
572.275
569.081
571.427
568.074
571.601
569.657
568.763
566.120
567.306
571.761
568.175
571.464
566.744
575.429
576.770
571.509
571.476
572.286
575.524
575.002
576.304
573.685
576.330
577.353
578.897
573.365
571.939
567.006
569.478
571.869
559.368
564.406
565.517
562.717
564.829
564.012
563.499
566.873
567.895
565.089
567.603
567.852
578.059
575.373
576.556
581.591
577.569
578.424
580.316
581.669
585.204
583.007
581.769
581.079
577.653
574.222
572.768
572.302
574.435
576.421
582.420
579.523
580.234
577.438
581.891
576.426
579.038
579.283
582.621
585.579
588.621
582.254
578.749
577.202
584.283
584.615
580.772
575.586
576.342
579.726
580.429
578.174
577.370
575.650
575.818
577.981
572.773
573.889
572.892
577.141
579.778
581.890
580.441
580.169
578.579
577.083
581.767
584.237
578.927
573.792
571.489
571.592
572.994
576.410
572.275
578.639
577.161
573.371
574.869
576.923
574.430
568.827
570.686
571.753
572.497
568.452
566.439
565.597
562.181
556.707
560.589
570.266
567.308
566.090
565.948
562.918
562.936
563.202
564.814
568.612
566.769
565.332
564.447
565.427
570.041
569.962
570.427
572.113
564.353
560.315
564.496
569.381
568.281
568.333
570.436
569.436
563.171
564.569
567.380
564.797
563.798
560.632
563.215
564.472
562.204
562.407
560.437
564.279
560.942
562.274
567.202
569.677
569.538
572.225
572.100
573.909
576.221
568.960
573.187
572.232
570.476
571.022
571.980
576.562
572.385
573.291
572.585
575.594
578.383
576.497
578.870
578.170
578.741
574.540
577.083
576.989
576.281
570.180
573.093
573.369
573.456
577.549
579.566
580.527
580.376
577.039
575.009
575.379
580.722
575.690
576.422
580.876
577.630
580.019
578.856
581.313
581.330
576.349
575.853
580.590
576.153
579.156
575.657
573.172
575.473
577.410
574.555
579.359
584.897
584.239
582.192
585.980
587.651
587.283
584.092
582.656
579.242
587.808
584.773
584.247
585.590
583.092
592.970
592.201
593.366
591.992
588.449
594.067
593.067
588.033
588.244
582.145
585.041
582.996
586.181
587.641
587.757
590.025
592.395
590.153
585.078
588.323
586.291
583.054
585.774
583.273
591.211
587.545
587.316
587.918
584.213
579.707
578.478
582.347
590.821
592.178
585.041
579.118
581.597
585.550
590.599
584.107
583.171
582.608
587.582
587.895
593.846
592.100
590.403
584.175
582.744
583.787
578.889
580.565
584.443
585.027
583.544
585.758
584.991
580.715
583.414
587.144
584.775
586.703
586.497
577.649
581.037
580.717
578.746
577.812
576.431
577.606
577.806
582.772
569.775
572.247
574.688
577.727
569.556
580.699
580.197
583.075
577.245
573.291
574.300
572.074
569.265
569.639
573.221
574.424
577.640
581.039
581.792
582.463
581.343
584.183
584.076
581.078
577.798
582.722
580.943
576.816
574.821
573.414
579.323
578.330
577.396
580.249
578.255
576.886
579.220
577.984
574.694
576.440
577.649
576.895
581.083
583.587
576.313
579.095
576.492
574.933
579.336
580.368
579.245
578.396
573.245
579.512
576.559
576.532
576.626
583.672
581.697
582.952
581.421
583.776
576.876
576.559
579.570
583.650
576.054
576.168
573.568
574.856
571.337
574.995
570.657
571.448
572.106
571.523
567.708
570.096
571.332
571.286
572.856
575.897
575.595
571.950
574.577
576.942
575.008
574.326
576.901
582.606
577.577
581.119
578.836
572.204
574.926
574.158
573.398
573.658
570.867
574.749
573.350
573.757
573.351
570.959
575.830
576.028
573.826
575.077
580.950
577.076
586.695
581.364
580.881
579.606
579.362
582.117
578.544
582.602
580.813
578.422
578.136
579.516
576.708
568.138
566.815
570.237
576.026
577.669
573.139
571.582
568.864
570.312
567.885
571.575
572.144
571.037
573.801
576.910
573.702
579.138
578.648
581.504
574.158
578.077
578.694
580.630
581.236
578.823
580.266
575.977
572.384
579.024
581.437
575.978
583.948
577.212
574.600
578.737
577.247
583.010
583.909
583.783
581.605
576.442
579.974
577.044
574.044
581.367
574.226
568.296
569.870
575.470
574.535
573.496
574.864
573.011
568.327
569.687
573.878
574.144
577.231
577.080
575.333
577.072
579.101
575.523
578.678
580.208
581.210
583.642
583.444
579.195
582.738
584.095
580.430
580.884
581.909
587.686
592.615
594.446
593.193
592.288
589.897
587.959
582.390
583.844
588.941
589.146
590.943
589.626
588.452
594.280
591.022
591.356
592.023
592.808
592.875
589.625
594.519
595.328
593.776
593.006
598.100
588.280
585.865
591.643
587.993
591.011
584.510
581.938
581.315
576.556
577.101
579.057
581.144
581.882
584.415
576.644
578.120
587.126
583.933
583.728
582.519
577.574
582.934
578.672
579.365
586.761
583.530
578.826
581.414
584.076
584.896
579.762
577.627
576.905
574.896
577.440
578.447
580.302
578.294
577.354
576.031
579.380
577.404
574.617
577.852
577.137
572.714
574.033
584.672
581.823
582.899
579.804
572.569
570.362
568.724
579.182
575.412
573.775
575.782
575.064
571.505
573.114
574.805
569.566
566.408
570.738
569.341
567.876
566.177
563.346
566.208
562.684
569.273
569.449
568.127
565.326
571.109
568.234
565.819
563.230
566.182
560.542
562.248
565.283
566.648
568.397
568.499
572.598
567.986
571.402
566.417
570.821
572.975
569.701
571.311
574.772
578.891
582.210
580.307
586.228
583.487
584.729
585.047
589.234
588.332
584.698
590.756
587.809
592.534
592.433
590.160
591.683
591.295
592.024
593.941
596.320
589.697
591.617
592.314
589.379
597.010
595.092
592.377
593.781
590.579
591.606
598.897
598.780
593.123
596.574
592.026
592.242
585.879
584.236
589.302
587.818
587.322
587.012
590.833
595.132
593.766
592.133
593.073
588.757
591.115
589.695
598.260
594.076
587.098
590.999
590.483
590.048
591.995
589.308
584.962
579.830
585.831
584.334
583.085
580.199
581.448
581.713
582.410
576.354
580.539
579.643
578.168
582.479
585.501
582.647
581.692
580.048
576.460
574.141
570.780
573.224
572.795
568.873
565.987
562.001
560.470
560.140
559.819
557.895
562.761
564.219
572.076
568.935
568.018
567.357
571.363
564.242
566.267
570.607
571.467
565.125
568.532
565.459
560.220
562.874
563.362
558.473
559.113
557.233
560.450
558.300
562.251
562.941
559.293
561.699
567.219
559.030
558.263
557.095
561.704
556.311
555.426
557.079
555.734
553.260
560.840
559.231
556.207
556.798
557.050
559.485
560.294
557.480
559.877
559.639
559.190
563.216
567.052
567.806
569.382
572.127
571.935
573.614
570.769
569.672
573.387
569.747
574.396
568.891
569.434
571.299
575.277
570.008
575.238
571.099
575.212
575.891
573.065
571.775
568.178
571.570
569.834
570.666
579.732
579.390
576.956
576.331
576.558
580.765
581.749
576.432
580.214
579.331
576.254
577.427
580.058
582.347
582.600
576.051
580.038
580.223
583.809
589.727
582.682
577.392
580.906
583.031
584.983
581.239
583.089
583.850
583.170
579.509
582.599
582.942
587.614
583.166
579.033
584.533
579.182
579.148
581.154
580.925
577.246
579.579
587.236
584.450
577.656
574.671
576.353
574.676
573.769
574.576
575.107
573.281
574.341
574.256
574.042
574.398
579.691
579.503
576.561
573.902
570.621
573.217
575.086
578.012
576.113
578.987
577.549
575.071
568.876
574.271
573.283
573.364
570.155
570.780
573.440
574.931
575.799
576.839
578.409
576.167
586.166
585.279
587.978
585.193
585.213
579.476
578.468
584.372
583.191
582.033
584.749
582.819
577.082
577.854
583.255
582.410
580.761
583.873
585.875
579.610
581.466
584.269
579.347
574.603
578.771
578.145
573.910
575.332
570.095
569.315
570.724
565.585
569.330
569.960
568.724
565.523
562.444
560.852
564.838
565.638
568.372
567.171
567.399
567.327
563.102
563.978
565.867
565.378
568.170
564.830
562.637
565.852
566.060
566.062
566.916
572.544
567.860
566.283
565.012
565.643
564.611
569.769
566.085
566.571
562.960
566.226
565.306
564.270
563.486
564.905
565.454
566.178
572.031
569.679
570.122
563.681
560.796
564.188
566.596
571.263
564.793
565.281
573.462
570.889
568.245
570.319
572.915
566.448
568.802
567.659
567.657
564.233
567.091
568.754
572.424
568.554
566.310
563.840
564.130
570.694
565.015
571.012
567.055
566.702
571.133
573.488
569.573
570.404
566.821
570.691
568.390
566.054
562.756
564.471
571.583
569.167
568.906
570.235
562.910
563.699
563.065
564.098
567.802
567.549
566.866
566.112
561.796
563.785
563.436
559.006
561.545
561.130
560.269
562.045
563.858
564.121
563.772
564.970
565.197
561.508
566.567
560.691
558.353
562.131
560.253
562.485
560.853
560.895
559.841
561.222
556.409
561.399
559.364
556.376
560.287
559.772
555.961
556.771
559.438
559.009
560.340
558.429
562.099
559.825
559.608
557.038
550.778
558.797
556.136
555.898
554.019
552.345
553.917
558.055
556.591
551.705
553.246
555.939
559.725
558.551
562.184
559.909
562.177
558.024
558.599
555.120
558.228
562.967
566.398
560.340
559.800
555.849
564.054
564.727
563.887
564.125
565.670
563.884
565.678
558.673
562.772
563.923
559.923
556.594
557.607
559.021
558.749
557.263
556.926
559.015
555.143
562.254
556.764
559.039
557.735
554.719
555.495
561.475
566.175
561.948
563.483
563.640
562.884
560.403
557.276
563.188
557.395
562.160
557.934
554.502
553.991
557.209
559.695
556.900
562.477
563.682
558.384
558.239
557.830
560.072
556.130
559.923
566.642
562.209
561.373
562.203
564.610
562.381
562.912
557.616
555.990
553.220
557.920
561.250
556.522
559.796
561.379
559.949
556.777
556.756
550.298
551.638
558.298
553.838
558.449
557.042
556.017
556.854
557.076
553.316
551.811
554.964
548.174
549.342
553.695
557.152
561.061
556.529
552.727
557.085
557.074
557.438
555.788
554.938
551.998
559.259
560.902
557.084
556.524
552.449
556.676
559.671
565.641
563.304
561.905
555.933
557.933
560.146
558.247
559.491
560.098
562.845
564.230
572.369
570.875
565.761
571.519
569.880
570.790
572.158
568.319
566.529
570.716
571.159
570.371
571.134
568.209
563.321
562.648
569.414
573.667
569.068
575.748
568.639
581.017
582.392
579.545
575.306
581.190
575.875
571.103
578.924
580.759
579.411
579.318
577.115
578.871
579.295
576.592
578.816
587.470
586.653
582.100
575.823
575.554
580.072
583.611
577.672
576.398
575.838
577.791
571.127
576.589
579.126
575.879
575.967
572.873
567.617
565.860
564.359
563.350
565.609
564.701
568.013
569.155
562.290
560.970
561.838
557.357
553.911
554.782
562.417
557.228
558.673
557.960
564.458
559.830
560.909
563.344
562.891
568.764
570.008
569.332
569.525
569.941
566.779
570.534
568.189
570.046
564.521
567.642
571.310
568.560
569.224
569.719
569.262
573.756
572.806
576.590
573.231
569.633
570.646
564.504
572.864
571.637
575.336
570.745
568.407
572.252
568.412
568.770
566.331
571.925
570.353
567.639
572.307
571.477
568.344
570.403
567.216
568.691
569.891
571.362
569.318
567.097
566.845
566.971
570.659
568.393
566.194
566.042
569.560
572.932
570.894
574.878
574.503
578.828
578.495
577.597
583.276
582.443
583.682
583.014
585.403
581.832
581.544
584.328
579.249
584.518
588.675
583.754
584.022
586.318
586.791
586.951
585.138
586.232
580.661
585.049
581.452
575.067
579.467
575.065
572.714
577.103
576.410
576.945
576.092
570.310
572.166
570.507
570.373
574.928
573.847
571.484
567.087
565.671
570.462
573.660
573.075
570.102
568.078
568.877
574.623
571.277
573.841
576.277
568.364
572.739
570.192
568.941
574.454
571.631
569.086
574.802
579.961
578.805
579.292
585.317
582.439
577.386
577.555
574.909
576.998
577.833
574.567
576.687
576.523
577.042
579.572
582.514
578.915
581.017
585.144
578.212
580.576
574.345
579.205
579.037
577.699
590.364
584.018
581.956
586.105
585.986
584.118
581.331
580.266
578.368
580.504
576.709
570.767
569.538
575.329
573.239
575.013
583.258
585.100
584.180
583.841
582.018
580.239
580.521
575.143
576.541
577.544
577.099
574.347
575.368
570.676
570.273
568.879
569.014
568.470
571.810
577.451
575.345
576.834
570.027
570.414
563.628
564.705
562.801
564.720
570.392
570.158
572.104
579.388
575.169
573.462
570.771
573.986
570.038
566.284
575.409
570.094
572.821
572.397
576.814
575.212
573.297
574.986
578.136
575.776
576.057
576.298
577.637
582.116
585.611
587.466
588.507
588.566
586.986
585.323
590.306
585.720
585.855
585.038
585.922
587.902
584.736
583.886
583.505
585.020
579.489
577.619
582.203
581.472
582.972
581.376
584.481
582.890
585.134
585.737
587.015
588.975
590.766
588.025
581.634
586.782
586.620
581.798
584.933
588.140
589.848
586.638
582.185
587.754
590.074
584.398
587.202
583.360
578.889
582.712
586.199
585.778
586.763
589.807
586.318
588.387
585.568
592.618
594.695
591.039
588.181
590.523
589.990
588.489
587.589
585.829
589.138
587.987
582.328
585.596
591.981
582.242
587.287
594.627
588.703
590.946
585.957
583.012
581.640
583.976
582.723
585.332
579.393
578.751
581.754
582.180
579.854
576.321
574.901
579.047
578.346
580.978
575.781
576.642
576.998
575.423
571.820
572.242
575.030
575.305
575.116
577.058
580.667
574.892
579.789
575.991
574.522
578.294
572.105
574.294
573.118
573.562
569.278
575.545
572.763
574.715
576.427
577.228
576.932
578.239
576.648
574.696
577.889
580.627
580.115
576.435
570.056
566.910
568.390
568.999
565.732
571.253
571.597
574.198
575.634
574.526
570.813
572.795
574.126
576.994
572.374
576.573
571.510
574.290
573.726
574.185
572.793
573.021
577.544
578.406
576.157
573.667
571.423
572.267
573.198
573.125
575.110
577.159
576.513
578.211
581.469
580.522
578.971
578.831
575.498
573.849
572.729
574.494
579.658
586.354
577.867
578.645
582.972
582.716
582.844
578.219
574.344
573.576
576.421
577.465
574.277
576.052
574.475
574.260
576.405
572.270
579.747
575.761
576.258
571.339
578.334
574.144
572.948
568.312
567.682
573.853
570.147
575.229
577.389
572.284
573.080
571.537
567.832
563.222
566.177
567.471
570.828
570.012
571.162
573.912
571.541
570.910
573.314
577.114
576.218
579.756
579.397
577.664
573.284
577.379
579.919
583.837
578.551
576.792
575.771
575.801
569.776
571.537
570.895
568.962
563.999
564.723
562.924
558.584
567.207
561.346
565.693
570.188
567.412
564.363
568.220
567.997
564.071
563.415
563.203
565.248
565.843
566.267
561.458
560.042
562.252
563.472
562.700
561.812
563.811
560.829
555.065
557.424
557.757
556.696
556.600
557.769
563.422
561.779
557.319
564.039
563.972
561.929
560.451
556.653
559.077
559.600
563.516
558.954
558.072
557.802
556.422
555.435
557.739
557.499
563.326
559.785
558.766
552.405
554.637
560.777
561.288
557.767
560.277
561.076
554.997
561.026
565.035
565.550
562.295
568.503
566.148
571.069
567.463
566.439
564.504
562.393
561.180
566.545
559.983
557.507
562.057
559.964
558.164
560.005
559.125
564.505
559.690
566.947
568.114
566.247
566.830
565.980
568.818
568.783
569.158
576.262
577.202
579.003
579.160
574.782
567.418
570.958
573.194
573.642
575.966
576.096
572.795
571.193
572.118
569.388
565.755
569.467
565.472
566.767
563.322
565.133
568.888
561.350
563.198
568.016
568.957
565.890
568.116
566.658
569.959
565.250
565.977
568.815
568.695
568.089
570.637
570.062
569.382
569.358
568.496
565.315
570.199
572.425
572.629
564.843
567.268
570.954
570.523
568.469
564.775
562.998
566.808
567.985
563.936
567.924
570.399
572.437
568.209
564.754
570.768
567.640
568.461
570.263
574.052
575.881
570.188
564.673
567.900
568.595
573.428
571.635
569.750
568.659
571.189
570.578
566.179
567.936
565.037
564.178
563.423
561.312
560.448
562.939
561.103
563.237
563.172
562.216
560.270
562.490
565.583
559.852
561.353
559.637
564.410
563.858
567.669
570.942
568.742
567.779
565.598
566.331
568.100
563.283
569.477
571.198
569.136
569.981
567.066
566.561
561.927
565.123
561.860
562.500
569.019
566.074
562.798
559.004
560.431
555.939
554.660
563.529
560.947
564.409
567.469
560.635
561.108
561.727
566.421
562.163
560.171
566.501
566.463
561.780
566.193
568.024
566.660
563.530
561.779
561.724
563.253
563.332
566.981
567.448
563.217
557.865
557.310
563.728
561.446
560.226
557.625
563.897
567.253
568.550
568.520
569.168
570.199
566.046
566.613
565.539
565.344
562.282
560.826
560.981
567.764
570.423
565.650
566.891
567.650
567.642
564.924
569.752
573.063
571.830
568.471
572.159
570.727
573.601
572.349
571.832
571.538
570.576
571.769
567.813
570.651
567.257
566.779
569.099
570.008
574.407
571.113
573.316
574.452
573.018
581.071
579.515
574.212
573.289
572.942
578.395
571.803
575.241
573.086
578.601
576.033
571.655
569.884
570.564
573.949
572.043
570.545
571.508
570.181
571.938
569.970
569.237
563.061
564.343
561.656
566.350
563.282
563.422
560.155
563.447
558.343
558.845
556.089
559.783
556.675
555.246
555.268
556.288
558.892
557.927
553.489
552.478
552.805
549.786
545.701
547.612
546.208
546.732
549.970
550.972
549.901
547.123
548.944
552.149
550.393
546.842
547.918
546.660
549.078
549.650
552.230
553.233
552.534
556.027
561.039
560.443
561.056
560.428
561.627
561.471
553.547
561.479
558.236
559.855
564.650
563.477
564.439
558.320
557.326
556.783
555.244
553.973
559.969
557.076
563.268
560.625
562.437
565.547
562.949
562.232
563.832
564.142
561.873
558.785
562.594
561.738
566.960
568.017
569.647
567.086
564.898
559.910
565.197
563.655
564.148
565.437
564.758
566.934
570.231
565.276
569.424
565.765
561.932
561.961
565.717
569.171
569.843
564.671
570.311
573.736
570.438
575.697
571.965
574.366
567.233
569.168
569.482
570.122
568.185
566.290
564.687
561.049
558.004
560.733
566.018
562.985
564.656
567.436
568.159
567.711
569.212
566.805
565.319
567.992
569.806
569.220
568.672
570.638
567.107
571.252
571.606
568.556
568.812
568.266
570.097
569.778
572.697
574.767
575.068
575.144
575.925
574.468
574.831
570.437
569.852
571.565
574.651
574.560
572.526
569.214
570.029
572.063
573.347
568.014
570.256
572.907
571.707
567.632
568.014
570.929
569.791
572.131
572.667
570.768
570.566
568.797
565.826
567.803
567.228
566.501
565.027
565.537
562.545
561.210
564.228
564.994
565.280
565.692
564.632
568.603
564.881
561.183
563.144
564.379
563.600
564.189
555.652
558.869
557.257
558.084
557.895
557.858
558.379
557.435
556.482
560.717
558.700
563.535
560.010
559.804
562.708
562.494
565.630
566.935
567.118
566.356
566.669
566.542
564.013
561.739
566.640
567.616
570.497
568.403
565.102
567.027
572.399
566.853
561.541
567.566
566.515
564.545
564.430
571.146
568.008
568.067
570.778
570.233
571.209
572.662
571.920
569.870
565.318
565.360
564.893
565.095
564.071
564.356
563.848
560.713
558.851
561.453
564.991
562.981
563.427
563.762
572.279
567.239
567.097
565.979
568.514
569.705
567.824
569.795
565.842
568.098
570.868
564.523
563.965
566.692
566.218
563.527
566.581
564.008
570.279
564.521
567.273
570.638
564.893
572.007
569.116
558.810
559.250
561.113
560.960
559.652
563.458
560.183
559.367
555.836
561.829
559.502
556.227
554.460
555.576
560.147
560.543
564.770
562.150
567.857
566.357
566.308
567.003
569.245
567.537
571.819
564.409
566.105
567.139
570.164
570.519
570.052
574.897
577.215
571.900
567.525
565.041
567.597
564.564
567.351
571.143
570.418
571.801
571.333
577.066
570.135
566.383
563.998
566.293
567.080
572.348
567.138
567.093
565.601
568.169
564.706
564.041
566.823
569.882
572.110
568.033
571.222
572.856
572.518
576.841
571.547
572.115
567.965
568.770
573.620
571.399
573.686
572.343
571.479
574.940
570.122
566.495
571.678
572.157
572.161
574.268
576.833
571.976
575.459
575.306
573.738
575.764
582.260
584.659
581.662
584.163
589.261
586.878
586.873
592.220
586.243
582.894
578.463
575.445
581.576
582.632
572.219
575.080
578.578
578.922
578.790
578.998
586.176
584.306
582.497
579.144
584.546
589.117
581.872
582.292
578.585
582.791
587.384
578.828
577.439
572.964
572.235
570.787
574.041
571.905
572.821
573.111
565.652
571.449
571.896
571.203
570.812
570.599
570.431
570.474
567.470
568.903
566.919
565.077
562.937
558.964
564.501
569.795
560.738
567.559
562.363
567.782
571.217
573.120
571.499
572.221
575.199
574.273
572.361
575.314
572.594
570.914
570.352
572.858
565.215
572.483
570.890
570.950
569.997
573.070
574.256
572.723
580.315
580.390
582.715
582.738
585.310
585.278
578.072
578.858
577.418
574.728
578.318
577.650
581.907
583.002
581.797
584.265
578.984
579.533
582.001
584.027
581.587
582.731
587.069
586.017
577.485
581.095
578.647
579.518
581.835
586.451
582.432
578.773
580.566
584.551
590.672
585.474
588.528
591.225
588.162
580.547
582.805
581.702
586.060
583.719
585.038
589.663
585.360
581.503
580.544
580.672
585.735
579.028
579.963
582.889
582.260
579.472
577.914
577.075
580.995
576.937
581.419
578.676
577.284
577.000
577.673
575.743
579.335
578.178
589.654
586.751
589.065
584.319
580.779
584.474
583.346
584.270
580.907
582.751
575.729
575.289
577.418
575.960
578.046
574.722
572.380
574.418
576.370
573.058
568.908
572.708
577.232
576.758
576.395
575.244
575.380
575.826
582.436
580.631
578.567
577.651
580.833
580.541
580.891
574.786
577.574
571.348
569.987
571.134
574.465
577.080
575.759
579.086
577.033
575.880
577.381
577.545
576.637
576.827
574.872
577.841
579.037
576.915
575.253
576.755
575.557
575.511
577.071
575.658
572.045
568.039
573.628
570.565
570.406
569.123
574.407
572.182
576.058
575.106
572.202
577.114
575.564
574.319
575.475
580.352
578.353
584.526
575.960
578.918
577.303
580.018
574.362
572.102
576.475
574.690
576.445
571.586
573.214
574.700
576.697
573.934
572.798
569.831
568.928
562.026
563.370
573.193
570.620
565.433
569.520
570.912
571.619
568.645
571.122
567.622
564.711
573.842
566.542
565.111
569.423
569.418
573.740
569.316
575.536
574.081
578.175
568.466
569.429
572.671
563.208
570.240
568.518
573.661
573.836
571.784
567.738
566.763
566.244
564.903
569.499
570.329
571.294
570.277
573.160
570.553
568.554
569.111
571.394
570.168
574.809
574.818
574.980
574.786
578.307
580.446
579.115
577.760
579.801
577.265
577.837
579.122
577.614
576.948
576.474
583.896
581.311
583.022
579.521
582.169
583.933
587.981
587.652
583.510
582.172
582.865
579.771
576.675
574.334
577.367
567.982
567.997
571.972
574.130
575.397
572.354
574.865
579.271
574.290
577.762
570.895
572.480
579.760
574.420
569.197
571.646
569.690
569.569
567.924
562.522
567.343
568.331
569.785
571.164
573.891
570.856
573.850
570.887
575.064
570.361
568.620
574.633
573.310
564.859
569.407
568.380
566.338
569.703
575.679
571.435
572.697
560.800
559.031
558.689
556.772
555.996
559.764
567.076
569.070
566.410
566.257
569.798
570.467
562.561
558.390
559.986
559.327
562.629
558.594
554.911
559.335
556.675
556.863
562.278
565.124
564.406
566.821
566.155
567.332
565.471
562.509
569.077
564.693
565.020
566.965
571.180
568.531
566.644
569.621
568.556
570.311
576.801
575.932
575.722
571.292
573.270
572.546
576.081
575.999
578.254
570.100
571.762
573.067
576.853
576.834
573.934
569.820
572.139
572.570
567.244
571.555
569.176
567.245
570.231
575.332
572.152
572.648
571.072
569.085
575.535
570.987
574.437
573.328
567.416
572.022
569.889
569.218
572.711
576.654
573.309
579.118
580.169
578.258
574.549
574.380
571.589
571.832
574.138
569.421
573.306
578.425
574.592
575.405
578.346
573.568
569.226
568.582
571.311
572.567
577.080
573.938
570.402
577.280
573.341
577.598
578.490
574.643
574.800
573.578
575.080
576.753
574.524
576.261
580.107
572.614
573.103
572.413
580.176
576.065
577.373
573.039
570.920
572.451
570.104
571.040
566.561
566.849
568.751
574.301
570.144
569.242
571.814
571.576
569.643
575.824
570.602
568.810
566.188
565.546
561.917
563.806
563.876
564.391
566.893
564.270
564.601
563.356
568.274
570.454
568.620
573.833
575.300
574.478
578.742
577.795
580.091
575.292
577.370
569.670
573.936
573.943
568.378
569.793
569.429
567.238
565.142
565.255
565.571
562.344
560.763
560.440
556.729
558.216
559.730
559.623
563.622
559.943
567.353
566.471
562.881
561.470
560.126
559.540
560.161
562.357
564.585
569.383
564.728
563.280
564.571
561.358
562.873
562.909
562.361
566.080
567.257
568.946
570.133
564.454
565.587
564.938
561.321
562.261
565.834
563.018
565.653
566.678
563.271
562.352
560.922
561.109
559.336
565.429
563.352
564.391
569.458
567.352
573.509
570.721
569.093
574.048
574.373
572.453
571.112
567.300
565.068
574.544
573.779
575.854
569.977
575.199
573.510
579.621
580.561
583.015
580.746
580.849
584.384
583.854
583.622
582.711
588.677
590.261
586.370
579.331
575.608
574.800
574.568
573.841
580.000
576.558
578.713
581.618
579.419
576.403
572.131
569.801
575.144
575.243
577.314
573.196
576.873
574.106
576.771
578.758
578.981
580.306
582.929
583.419
585.423
582.447
578.809
578.428
579.055
573.577
573.825
574.963
573.341
576.324
572.870
571.038
571.829
565.613
571.683
578.687
576.688
575.354
576.575
577.135
577.085
578.906
573.667
570.562
571.786
574.575
572.831
576.256
572.502
572.714
580.663
576.573
566.543
570.529
570.241
569.448
573.214
576.423
573.280
575.534
574.052
569.575
570.638
564.592
561.994
569.667
565.283
566.426
559.302
561.425
563.147
560.593
557.430
553.258
557.588
558.034
559.674
558.243
559.778
564.153
559.110
561.582
559.179
560.113
556.403
558.019
560.145
562.956
561.364
556.521
553.358
556.898
550.324
557.208
558.766
561.491
567.784
571.061
568.866
569.423
566.316
569.401
571.789
571.907
571.425
568.506
567.194
569.020
568.231
570.297
571.116
573.698
573.452
572.935
576.503
582.088
576.718
581.303
577.255
573.301
573.989
576.537
576.068
572.813
576.020
575.551
573.367
574.001
569.814
567.344
570.342
573.191
570.478
569.088
572.423
569.972
572.497
578.874
575.953
577.352
577.651
571.194
575.883
574.422
576.751
571.735
575.196
580.168
583.360
586.127
587.853
584.780
584.715
591.129
582.560
584.342
579.737
591.015
582.269
588.162
584.945
586.440
588.728
587.795
583.665
583.240
584.492
583.756
584.254
582.319
584.929
586.517
579.614
586.339
577.631
579.417
580.656
576.037
575.881
580.679
580.447
574.121
582.761
583.043
583.880
578.959
584.899
582.554
582.279
583.054
584.294
584.778
589.206
589.996
588.130
586.649
584.742
587.296
578.986
580.517
575.691
582.139
575.317
578.248
575.739
581.227
579.928
581.811
583.927
578.167
575.575
572.615
574.458
578.371
579.981
574.165
580.521
578.419
577.205
574.949
577.888
570.277
572.652
569.099
574.642
577.901
574.446
575.292
571.909
572.694
574.310
581.505
579.449
581.989
584.252
583.680
577.469
578.939
580.012
581.354
587.295
588.844
586.713
584.453
582.558
578.341
582.433
585.981
582.105
575.848
580.250
582.400
581.047
577.566
581.221
578.311
579.765
585.543
579.128
577.667
578.098
577.045
583.705
583.841
584.040
576.154
578.053
573.781
575.091
582.862
584.321
583.798
587.194
584.404
587.136
592.367
588.217
589.667
593.986
594.910
591.344
588.872
592.169
591.315
595.504
596.631
594.635
588.233
586.005
585.013
582.097
585.893
583.075
587.076
589.009
585.375
585.367
582.935
586.720
585.766
585.145
582.700
581.439
585.477
580.802
582.874
585.639
584.188
583.772
584.282
582.162
583.114
583.948
582.590
583.832
585.343
582.176
577.884
578.514
583.077
581.898
581.037
580.324
578.959
580.883
590.696
585.826
587.007
584.530
590.460
585.324
583.152
587.219
587.492
579.743
580.875
581.749
583.435
584.274
583.418
579.593
580.701
580.706
582.322
587.473
590.785
593.214
588.290
588.003
590.883
589.030
583.906
584.404
585.451
585.849
584.445
577.494
573.921
577.697
578.921
577.594
573.430
577.364
576.166
579.838
575.539
575.044
573.339
574.255
579.285
578.534
577.453
583.213
581.545
581.708
585.468
590.621
583.836
581.163
580.942
580.486
586.085
586.630
581.665
579.466
578.343
586.446
588.040
586.714
586.980
585.703
584.585
583.928
581.958
583.481
583.062
585.430
584.323
581.874
581.863
583.155
581.432
578.572
587.950
587.416
585.202
587.958
586.456
589.583
592.912
598.654
595.647
596.638
598.248
595.138
596.516
594.925
589.364
593.947
590.033
590.613
586.369
582.483
588.416
584.629
584.388
580.406
581.381
583.708
583.639
581.247
576.297
578.204
575.724
580.765
581.566
581.090
581.185
580.252
577.267
579.167
579.173
572.117
579.135
576.676
576.364
575.802
581.567
578.389
579.680
578.427
575.277
580.390
579.708
578.120
577.607
578.812
580.844
578.383
579.420
582.187
580.197
572.922
578.697
584.999
586.832
585.950
577.630
580.928
577.842
578.534
576.954
579.667
579.525
584.080
583.494
578.624
575.504
577.708
572.136
572.581
578.676
574.691
572.815
576.000
578.079
573.785
569.406
567.933
573.192
576.572
577.566
575.905
576.712
577.687
582.523
574.352
571.543
570.838
573.905
578.541
578.857
576.088
576.042
579.828
580.647
577.882
575.694
574.305
571.327
570.149
576.955
577.537
578.596
579.040
574.312
569.445
568.980
570.183
563.566
570.182
573.044
572.045
573.293
578.279
578.586
577.112
577.794
575.583
580.519
578.228
579.985
576.145
571.545
576.753
570.520
570.910
573.080
572.020
574.007
582.141
582.987
577.789
574.599
578.877
578.168
579.714
578.403
582.527
584.846
586.027
586.605
582.220
574.077
573.694
573.346
573.835
567.864
569.672
570.132
570.164
568.538
568.788
567.590
568.308
567.946
575.268
570.684
562.604
564.242
571.045
575.411
575.751
573.606
581.750
582.525
587.703
585.442
579.920
577.902
579.728
579.325
581.965
583.673
581.350
582.476
579.033
575.250
577.817
579.545
580.554
578.743
575.833
578.958
580.374
575.401
567.929
572.263
571.419
573.712
570.869
570.331
574.049
578.698
577.307
576.973
573.712
573.426
576.891
578.153
572.217
567.423
573.964
571.079
572.480
573.237
575.990
573.748
575.540
571.395
567.203
569.001
572.058
566.711
567.087
573.511
570.572
567.741
568.284
567.897
565.548
562.846
563.444
565.237
563.653
562.812
558.240
558.316
556.839
559.523
557.659
560.350
556.937
553.874
553.050
557.227
561.477
558.526
555.849
556.368
561.064
558.988
557.798
558.685
560.966
561.148
563.703
565.226
563.115
563.841
560.323
564.931
560.752
566.541
573.854
573.251
569.343
567.817
565.839
569.199
567.390
566.997
565.439
572.923
572.624
573.548
572.982
575.661
580.333
578.253
575.367
576.118
576.271
581.835
580.582
582.025
581.268
579.513
577.927
573.746
571.894
575.054
574.581
573.722
573.317
573.235
571.320
573.593
576.645
577.028
574.201
573.947
575.730
575.755
576.889
573.269
570.245
575.912
576.975
575.684
573.273
574.524
571.080
576.961
575.645
572.901
572.876
570.990
572.852
576.323
576.903
579.750
578.757
581.355
573.962
569.503
572.610
569.477
573.447
575.567
574.931
569.727
572.398
573.332
576.257
578.288
578.024
576.191
574.201
578.453
578.065
581.044
581.844
572.595
579.799
578.815
577.075
581.114
577.051
575.821
571.903
574.598
568.950
569.005
570.723
573.868
574.637
571.454
571.732
572.747
580.693
576.351
575.728
577.645
574.925
575.532
568.995
567.324
576.156
576.761
576.448
574.908
572.417
571.478
577.013
577.007
570.227
574.262
569.054
573.892
577.908
576.297
581.600
581.173
581.724
579.597
574.133
579.447
579.944
577.226
574.838
580.493
576.283
569.270
571.899
580.928
574.976
582.009
575.677
576.781
577.239
578.083
574.204
573.535
575.811
575.394
570.794
567.719
567.381
567.324
567.331
567.420
565.655
562.876
562.836
569.976
568.890
564.022
568.801
567.756
567.361
566.858
572.476
568.666
571.547
578.186
574.784
576.707
576.781
582.026
579.895
589.271
583.085
582.980
587.155
586.051
580.553
579.485
583.283
592.017
588.845
586.564
583.281
585.183
585.284
584.036
578.249
589.731
591.278
588.028
584.518
582.476
580.369
588.249
581.956
584.150
583.768
584.864
588.851
584.534
587.119
589.983
590.303
591.873
586.488
589.357
593.256
586.638
583.575
586.990
589.045
582.456
582.019
585.457
582.697
589.871
589.114
585.447
584.904
586.138
586.485
585.772
582.773
587.306
585.614
581.043
578.062
578.758
578.549
576.673
576.585
575.452
580.417
576.736
576.443
574.503
582.612
578.381
574.628
575.991
572.658
575.938
577.778
573.903
572.428
573.389
573.005
575.795
577.221
575.765
573.592
575.662
577.773
573.442
575.940
575.087
574.846
575.267
572.136
573.812
577.062
576.555
578.567
581.332
586.382
589.174
585.342
586.043
586.795
588.984
584.656
582.970
581.375
584.563
583.410
590.089
588.359
591.039
589.919
593.263
591.994
595.899
594.375
593.480
589.533
589.395
584.932
584.864
583.688
580.547
582.016
578.731
577.680
582.210
579.943
579.635
572.808
570.472
572.008
572.868
573.729
579.103
581.843
581.092
579.679
576.316
577.259
576.833
573.767
573.415
569.190
565.713
568.796
567.943
565.241
563.586
556.836
559.171
562.544
567.519
567.942
565.439
564.606
567.435
569.998
565.728
564.648
565.130
566.239
567.383
567.998
570.474
568.319
570.860
571.031
571.972
574.989
569.643
567.929
574.168
576.334
578.199
571.990
579.372
574.502
577.077
577.908
577.342
577.743
576.972
580.233
584.213
583.462
581.093
583.142
581.448
581.479
581.971
576.850
575.460
579.678
577.257
581.660
580.863
581.194
580.644
576.947
579.143
577.259
576.671
577.922
575.116
575.100
575.004
576.280
579.559
574.778
575.326
577.351
573.148
569.723
570.918
574.616
576.014
578.451
576.536
581.279
575.175
567.025
572.851
575.763
572.102
571.887
569.891
571.182
569.309
567.479
570.525
571.541
569.431
564.253
567.836
569.392
572.809
573.964
569.379
568.684
566.735
569.349
566.027
561.857
560.111
564.698
562.546
563.580
569.131
566.768
560.546
565.509
564.694
566.666
572.061
575.930
575.398
574.313
576.222
574.594
574.657
574.206
575.015
579.502
580.141
578.767
577.194
572.340
568.618
568.931
568.420
566.512
569.105
570.132
572.141
568.702
574.481
573.659
574.760
574.871
566.957
569.336
570.101
575.524
577.450
576.879
575.736
577.233
582.837
579.983
580.193
581.451
576.065
573.670
568.210
572.055
570.841
572.417
570.436
568.491
573.645
571.980
567.674
569.475
570.438
570.019
576.396
572.846
568.271
566.838
570.858
572.197
571.056
571.064
567.412
574.261
577.903
575.055
570.893
573.106
576.703
578.678
579.734
579.301
575.120
577.574
574.853
572.869
574.898
581.951
581.288
582.873
585.663
584.081
580.713
584.459
583.331
581.202
578.523
581.642
582.697
587.230
583.575
585.338
582.723
577.873
580.525
581.786
580.923
583.686
576.857
579.571
580.985
578.381
576.497
577.461
582.202
586.872
588.953
583.969
591.717
589.392
591.818
595.524
594.910
595.001
596.659
596.013
594.957
589.995
591.203
586.000
590.386
594.095
594.806
590.161
590.206
591.902
588.277
588.075
586.203
585.637
587.376
589.914
587.804
588.112
592.228
598.486
596.516
597.314
593.198
598.570
591.508
591.443
591.096
592.548
592.655
594.918
591.484
587.340
590.881
597.320
591.867
587.256
585.879
580.658
585.286
595.174
586.210
587.511
588.480
590.282
588.523
593.957
588.018
586.729
582.466
582.779
580.749
575.576
579.535
577.431
578.030
571.864
572.320
566.434
566.295
567.679
561.943
564.519
561.470
565.552
567.619
565.389
572.270
571.176
568.554
567.025
562.012
568.255
564.301
565.530
565.620
574.092
569.470
568.914
572.252
572.615
575.064
576.736
575.169
579.502
576.910
579.411
574.248
575.683
575.834
575.611
571.969
574.944
575.104
575.043
583.036
582.088
576.184
578.471
576.084
575.888
571.467
571.894
567.808
567.358
572.249
575.553
576.580
577.761
580.054
578.823
578.809
575.190
577.645
577.793
580.929
575.206
579.498
576.203
580.741
580.505
582.148
580.311
584.340
582.317
585.294
585.336
583.688
577.922
578.595
573.067
577.496
578.728
576.650
572.306
574.482
580.332
576.768
577.059
577.416
575.511
571.008
567.925
572.363
567.388
569.364
567.235
569.476
564.925
572.352
572.421
576.060
575.305
572.370
573.743
574.791
572.880
567.801
568.134
570.601
572.273
573.044
575.270
571.302
570.853
570.523
565.980
571.023
573.224
574.065
578.566
577.966
576.268
581.383
579.734
576.950
576.567
578.088
577.965
578.833
574.819
578.880
579.145
581.136
579.211
576.041
578.627
578.589
579.412
580.699
585.041
582.118
580.202
580.994
