513.361
513.063
510.463
514.260
513.469
516.367
516.136
515.673
513.289
516.230
512.886
512.840
514.564
516.606
515.256
514.696
514.934
514.518
512.593
512.382
515.890
514.317
514.231
512.844
512.724
513.948
513.248
516.668
514.525
512.850
514.629
513.939
511.529
514.187
514.250
510.502
510.985
514.700
515.344
511.612
510.253
512.767
513.348
513.989
515.351
516.696
517.019
514.837
515.110
517.044
516.849
516.045
517.449
516.271
517.225
519.831
518.265
516.761
520.169
519.528
520.917
517.161
517.392
518.098
518.732
518.555
521.062
520.737
517.801
519.707
516.031
516.153
515.596
514.721
514.176
517.844
516.030
516.493
517.886
517.515
515.993
520.023
517.807
512.922
517.195
516.670
514.292
512.866
515.267
517.876
517.651
517.550
514.571
514.891
514.530
513.620
516.649
512.963
511.619
514.346
513.539
514.622
514.442
517.378
514.800
513.475
514.916
513.954
513.463
510.350
511.158
514.457
510.778
511.773
512.485
512.832
513.387
511.388
509.218
510.612
511.778
514.027
512.145
512.504
512.678
512.554
513.720
514.790
513.199
515.226
512.623
510.954
513.442
512.626
515.686
514.480
516.067
516.145
516.014
516.071
513.434
514.295
515.871
514.614
517.108
516.872
514.431
513.130
514.264
515.807
516.575
513.618
514.590
516.113
514.166
517.487
516.854
516.603
515.647
513.494
509.188
512.588
511.222
513.472
515.536
514.132
511.928
510.809
510.670
510.770
510.933
513.281
516.546
513.425
511.328
511.092
514.065
512.793
511.159
514.797
509.942
512.929
516.207
515.055
512.650
512.121
511.087
509.865
511.118
512.626
514.825
512.147
512.928
510.282
513.424
511.097
510.903
512.915
511.433
513.462
511.046
513.938
513.825
511.232
510.777
511.174
516.408
514.521
512.479
512.616
515.006
513.709
513.607
513.883
514.302
514.486
515.373
516.601
516.026
514.830
511.720
512.922
515.801
513.748
515.720
515.396
516.299
511.418
514.003
513.650
513.569
516.732
517.560
515.403
513.394
515.162
512.874
512.052
512.989
513.386
515.978
512.232
512.152
510.156
510.045
510.539
512.199
513.809
510.590
514.425
512.479
511.409
513.206
510.171
509.117
513.286
514.979
512.941
512.316
513.014
510.645
515.332
513.187
513.460
515.472
513.062
513.329
514.948
513.139
515.066
515.103
513.796
511.490
513.758
517.079
516.533
514.359
512.812
511.936
514.141
513.438
514.693
514.665
517.543
512.616
512.450
510.737
512.927
510.623
513.500
516.184
515.633
513.499
510.025
511.816
512.608
511.922
510.800
511.956
510.227
511.041
510.480
511.475
511.195
512.026
511.425
510.452
510.786
512.634
511.373
514.205
513.336
515.869
513.568
517.105
519.030
513.217
512.584
511.940
511.369
508.858
512.844
512.524
513.383
509.574
510.190
513.269
513.191
514.399
514.419
513.601
517.365
515.779
513.561
512.822
513.937
513.033
512.365
511.498
510.779
511.052
512.316
510.883
513.686
511.713
511.173
513.596
511.287
508.444
513.049
512.653
513.944
513.082
508.362
509.977
514.219
510.689
508.257
512.519
515.011
510.312
512.631
516.144
513.115
511.606
510.776
514.359
512.888
512.530
512.564
513.097
512.909
512.415
511.762
512.755
515.026
512.403
512.963
515.429
513.639
511.900
511.547
509.937
510.850
511.770
511.058
511.390
513.225
511.738
512.649
512.252
508.073
510.345
510.848
514.102
515.981
513.211
510.772
512.162
511.238
512.283
511.137
513.996
512.765
514.037
513.847
511.971
514.210
515.265
510.889
511.265
516.716
519.145
514.664
512.489
514.009
513.343
515.597
515.688
515.794
516.485
511.228
511.516
511.230
513.934
514.327
512.864
511.102
510.100
513.229
511.394
511.607
510.351
509.626
511.685
510.362
512.497
516.817
515.941
512.135
515.236
512.437
511.802
512.493
512.210
511.466
513.449
512.786
512.682
512.238
511.252
512.993
511.898
515.053
510.777
513.266
510.870
512.898
512.947
513.771
510.326
512.708
516.235
510.395
513.971
511.327
511.779
512.173
515.191
515.342
514.129
515.116
515.877
516.443
516.908
516.911
517.829
517.450
515.597
517.195
516.722
516.461
514.509
516.995
517.886
519.703
516.682
514.734
513.367
516.583
514.123
513.801
513.919
516.844
515.912
514.572
516.418
518.304
514.684
516.849
516.514
514.113
516.276
516.849
514.789
516.450
515.469
514.699
513.277
516.438
514.353
514.781
516.888
516.080
515.578
518.520
518.321
516.646
517.954
517.663
515.726
516.118
514.934
511.837
512.784
514.525
514.722
515.813
513.106
512.679
513.419
516.205
516.201
515.848
516.769
512.376
513.107
516.523
516.266
514.766
515.601
513.911
514.595
514.224
518.337
516.794
514.679
512.468
515.791
514.087
516.508
512.755
516.406
514.018
514.400
515.112
514.057
515.136
516.133
515.191
514.563
517.810
513.278
514.829
517.057
514.314
512.268
516.621
514.524
509.743
516.703
515.012
514.286
515.824
516.901
516.134
516.480
512.920
514.198
514.450
516.698
513.794
515.246
520.417
520.031
520.125
520.098
517.006
517.698
515.390
514.981
519.203
518.511
512.747
516.526
512.721
514.237
516.803
514.142
517.460
514.906
518.214
517.232
514.221
514.209
514.222
512.610
515.254
512.592
514.056
516.478
516.040
515.748
513.899
515.139
515.962
515.532
515.427
511.941
511.219
515.887
513.724
513.686
512.910
517.660
514.488
516.354
516.139
512.779
516.572
518.019
518.978
516.007
513.389
516.287
516.230
514.376
515.513
518.142
517.753
517.164
519.820
519.695
520.617
516.762
516.337
518.613
516.506
514.367
515.196
515.320
514.892
514.387
517.473
517.045
514.123
515.533
516.484
518.215
515.553
514.869
513.116
514.390
512.426
514.799
514.310
513.032
513.290
512.188
511.699
514.833
516.698
516.122
515.973
514.421
511.598
513.168
514.531
514.334
512.778
513.076
512.475
512.024
513.355
516.872
514.463
517.290
515.764
513.124
515.037
512.789
516.620
513.197
514.959
513.651
514.075
513.976
514.049
514.063
512.402
508.736
511.362
510.620
513.451
512.682
513.964
511.899
513.828
512.994
512.053
513.049
513.009
514.450
514.605
513.110
514.993
511.793
511.592
513.800
513.587
511.568
510.904
510.697
510.965
513.271
513.490
513.492
514.485
513.477
512.926
508.866
510.672
508.754
508.937
509.663
513.146
514.402
512.701
511.035
511.686
511.118
513.174
515.770
514.235
513.643
513.102
514.282
511.925
508.726
510.655
509.652
513.285
511.376
511.477
512.389
512.298
511.543
514.225
516.254
514.829
514.792
509.456
512.075
515.413
514.008
512.715
512.068
512.141
511.233
512.156
514.356
513.387
515.112
515.895
512.020
513.360
512.240
513.730
512.758
514.637
512.389
516.011
512.608
512.433
511.628
513.206
512.499
512.645
513.910
511.748
511.043
512.089
514.713
514.678
513.832
515.196
515.011
517.205
515.973
512.942
513.556
512.929
513.036
511.967
517.262
513.197
512.775
512.833
514.371
516.089
514.193
511.755
512.651
509.528
511.106
512.679
513.536
512.417
513.051
512.229
511.736
510.268
511.559
512.850
513.320
514.042
510.060
514.258
515.485
512.038
515.353
515.918
517.035
516.493
514.306
516.468
514.074
515.490
516.162
514.964
515.143
517.608
515.456
513.612
511.384
511.449
509.808
514.063
513.594
512.338
511.598
516.135
515.280
513.242
511.183
513.098
512.711
508.278
508.675
509.608
511.108
511.279
512.832
511.166
507.920
511.132
511.050
511.386
509.798
512.035
511.152
511.901
514.870
512.638
511.556
512.609
513.402
512.055
510.096
509.092
508.480
512.121
512.016
510.837
512.281
514.714
511.620
512.480
510.284
511.214
512.588
511.422
512.485
512.104
513.127
507.405
511.332
514.644
513.412
514.869
512.326
511.026
513.384
511.335
513.539
512.108
509.965
511.420
510.264
512.221
510.507
511.255
511.637
511.439
510.676
513.547
512.536
512.691
512.147
509.817
515.262
516.223
512.574
513.219
512.306
511.787
512.136
512.199
510.123
509.966
509.563
510.588
511.366
512.119
512.436
514.388
510.118
511.406
511.181
509.633
507.510
509.856
510.573
509.864
512.134
510.802
509.347
509.249
510.713
513.525
509.953
508.998
508.385
511.532
511.867
511.834
513.688
513.228
513.134
514.284
515.314
513.061
512.031
511.521
509.672
511.039
511.455
513.098
513.211
514.063
514.501
510.930
512.755
511.431
511.438
507.995
513.046
512.209
513.153
513.007
512.244
509.868
512.122
511.165
510.438
511.760
511.511
511.938
512.042
515.310
515.399
514.093
514.794
516.511
513.495
512.617
514.901
515.138
514.426
516.731
514.254
512.259
509.814
509.989
511.352
512.671
512.674
512.159
514.522
513.284
512.201
512.570
515.123
517.126
515.811
512.886
514.881
514.832
512.676
513.847
514.222
514.749
513.563
512.389
514.771
515.344
516.440
516.104
517.101
515.877
516.427
515.455
518.041
512.860
514.998
515.448
513.465
513.991
515.196
515.389
512.773
512.244
517.853
513.960
513.401
514.276
515.188
512.964
513.893
511.692
512.934
511.444
512.480
511.029
513.341
514.274
517.245
514.635
513.560
510.965
513.582
514.881
516.826
518.070
514.802
515.299
514.294
516.944
517.464
511.617
517.348
517.795
515.433
515.044
514.012
510.847
513.725
511.620
514.489
515.609
512.406
514.106
511.681
513.761
511.350
514.153
511.776
515.180
516.439
513.971
514.250
512.652
512.663
513.618
513.386
512.243
513.145
513.309
512.700
512.390
512.795
512.955
511.997
509.607
512.888
514.988
514.244
514.049
514.582
514.139
511.900
512.171
511.606
516.202
512.885
512.696
512.683
515.184
514.813
519.040
516.468
513.080
514.149
514.076
512.797
514.169
517.768
518.167
516.750
513.417
515.456
518.616
515.112
515.024
513.958
516.296
516.950
515.422
513.166
515.958
516.962
515.388
516.868
515.381
515.158
512.711
514.395
512.179
513.513
511.803
512.381
511.699
512.006
512.757
514.439
512.891
514.531
513.809
514.103
511.541
512.001
515.348
512.254
512.735
510.219
512.270
512.632
513.060
512.912
513.393
515.352
516.856
515.101
514.513
511.470
513.060
511.172
512.259
512.439
512.945
513.505
512.044
514.038
513.118
508.554
509.757
510.173
512.354
514.980
514.959
512.269
512.103
514.387
515.582
514.253
511.440
510.932
512.010
511.873
511.902
510.738
510.018
510.499
513.213
510.327
509.618
513.174
514.941
513.768
512.053
514.454
512.775
513.511
514.394
510.534
514.571
513.639
512.740
514.796
513.858
511.181
513.045
512.672
513.909
513.067
516.441
515.435
513.658
512.759
511.694
512.583
513.385
514.719
516.432
513.788
514.032
512.415
512.806
514.709
512.813
515.310
515.137
512.917
511.123
512.643
511.366
512.189
513.859
516.860
513.659
515.283
517.754
512.789
515.110
515.977
517.836
514.384
510.605
512.374
511.641
510.264
510.300
512.295
514.647
514.418
513.992
509.389
511.390
512.858
512.372
514.325
514.027
516.365
510.480
510.920
513.777
515.232
514.552
517.196
513.898
515.090
513.137
510.806
513.743
514.575
517.573
513.527
512.636
514.703
515.855
516.605
518.313
515.007
514.249
514.737
514.378
512.254
514.860
512.362
515.646
516.288
512.298
514.965
517.815
518.017
518.856
516.554
515.164
518.376
512.652
514.161
514.256
510.684
514.138
514.194
513.181
514.034
511.583
513.277
512.657
514.345
514.000
513.566
514.860
516.665
514.218
512.855
515.217
515.979
516.391
513.270
509.788
512.943
514.642
514.441
516.676
511.754
510.381
511.880
510.325
512.573
513.417
517.176
513.016
510.750
512.618
512.347
511.018
511.502
514.681
513.470
513.430
513.866
512.464
516.483
514.120
515.120
513.645
514.014
516.197
517.637
516.136
512.166
518.379
514.620
514.592
513.627
513.048
510.677
513.133
510.157
512.717
513.860
513.686
514.297
517.945
514.255
514.269
509.988
517.258
516.277
518.408
516.265
516.967
513.263
513.427
514.012
514.295
511.377
515.603
513.457
512.261
515.645
514.891
510.002
511.603
512.822
512.625
513.515
510.644
514.126
512.223
515.327
513.291
510.145
509.965
509.779
511.779
510.849
510.800
511.863
513.139
510.255
511.224
511.306
512.232
511.795
510.440
512.911
512.007
510.541
510.620
513.922
512.786
512.125
516.377
516.525
514.386
513.202
513.734
510.123
509.707
511.673
515.187
516.517
514.319
514.741
517.020
518.836
519.001
518.997
520.511
517.596
521.360
518.655
516.373
517.511
515.692
518.685
517.189
519.309
519.094
518.879
517.837
519.067
521.382
519.334
516.073
520.101
513.603
513.830
515.068
512.681
517.434
516.572
518.686
513.125
513.271
510.603
512.210
513.664
512.637
512.600
512.766
513.608
512.642
510.174
513.114
515.041
517.628
515.390
514.657
514.364
514.300
513.860
514.537
512.647
510.217
509.807
509.709
512.336
511.547
510.549
513.418
513.417
515.160
512.882
512.742
514.932
516.537
513.951
516.653
514.636
515.966
515.437
515.244
513.981
513.206
516.332
517.644
514.777
515.006
515.699
513.668
516.378
516.818
520.049
517.110
521.322
517.789
518.591
522.033
517.906
516.408
515.107
518.028
522.078
518.419
516.636
518.556
512.849
516.053
518.707
518.134
517.689
520.904
515.200
517.366
517.465
516.732
519.983
523.139
519.185
518.942
517.616
518.809
515.909
514.234
516.673
520.960
517.714
517.670
518.044
518.151
512.914
515.458
516.335
517.802
518.358
516.637
518.425
520.413
518.105
514.993
516.033
518.830
517.742
518.376
518.938
516.565
516.055
518.573
516.661
515.177
514.708
516.293
518.639
518.198
519.834
514.442
517.153
516.730
517.413
520.298
517.153
517.609
518.364
516.393
514.284
511.836
514.077
514.051
516.539
517.971
515.607
515.158
516.698
515.348
517.589
515.247
515.930
515.989
514.664
513.750
516.713
519.325
518.365
514.826
515.984
516.618
515.775
513.931
518.319
521.871
520.127
515.577
516.491
517.547
516.973
516.712
517.564
516.236
518.251
513.342
513.720
513.115
515.018
515.734
516.633
517.272
515.545
513.186
511.949
513.948
514.087
515.238
513.683
510.960
509.229
512.840
512.663
513.679
511.181
510.336
511.432
510.065
513.586
511.471
516.121
512.651
510.630
512.297
512.215
514.598
517.193
516.186
511.987
511.511
512.963
511.808
510.496
510.187
512.690
510.757
513.246
511.152
510.158
512.104
512.573
512.062
511.296
512.838
514.832
512.654
513.778
513.787
512.647
511.163
509.753
510.247
512.749
513.237
513.007
512.742
517.541
514.955
513.168
511.271
511.037
510.391
513.555
515.963
517.665
514.015
514.208
516.484
512.710
513.755
514.371
516.174
513.851
510.399
511.123
513.301
515.468
513.141
509.798
509.599
511.120
512.190
513.976
514.363
508.839
513.442
511.184
511.037
508.550
512.620
511.926
510.992
515.258
512.966
512.505
511.830
512.320
516.107
512.082
513.502
514.370
514.122
513.445
514.625
515.179
514.494
511.977
512.884
512.105
512.183
508.581
513.587
510.710
508.096
512.270
512.937
512.407
513.111
514.883
514.076
512.090
515.896
514.805
514.801
513.786
512.327
512.658
514.802
516.147
517.173
511.845
515.213
513.937
512.993
512.401
514.058
513.289
516.499
515.394
513.019
515.016
512.189
512.412
510.659
511.824
516.141
515.852
515.748
516.543
514.443
516.332
520.350
519.598
517.877
515.616
518.216
517.289
513.198
514.172
516.029
517.252
514.275
515.930
515.726
516.355
512.698
515.114
516.430
516.097
512.515
513.009
516.537
515.311
516.866
516.857
514.155
512.968
516.692
516.027
517.885
516.988
515.918
518.908
517.517
516.499
516.831
517.606
516.525
518.116
518.280
518.063
522.382
516.287
517.118
517.896
518.736
515.153
518.875
514.853
517.957
517.465
518.080
516.187
512.962
514.404
514.044
516.367
510.796
514.387
516.665
515.618
516.740
515.965
515.658
513.184
514.347
510.738
513.055
515.664
515.018
515.686
513.983
513.404
512.885
514.232
510.528
510.545
513.813
513.876
512.766
513.673
514.764
511.830
513.010
511.849
514.413
515.580
510.398
510.683
512.140
512.815
513.935
512.440
513.872
515.973
513.638
511.196
511.293
515.703
514.744
514.311
513.753
513.521
513.755
515.768
515.007
516.176
514.459
513.216
511.942
512.689
515.046
513.962
514.873
518.765
517.056
514.244
518.493
519.053
516.269
516.662
515.435
514.516
514.393
514.912
515.778
514.942
518.043
513.781
512.458
513.959
511.371
512.745
517.582
512.995
510.246
511.387
511.358
508.348
514.663
512.200
511.485
511.997
512.267
512.177
514.605
516.167
515.743
514.528
515.333
518.312
514.330
516.119
514.374
514.855
515.561
516.285
515.918
512.602
513.009
514.732
516.354
511.477
515.209
514.732
512.659
515.210
514.558
512.630
514.481
513.399
512.229
512.916
514.487
514.568
514.776
512.773
516.176
517.618
512.981
517.809
515.321
513.218
515.757
511.565
515.236
515.113
517.866
513.639
514.803
510.969
510.209
514.425
515.530
513.934
516.319
512.944
512.106
514.481
513.378
514.267
513.840
514.960
517.627
516.350
516.292
513.459
515.357
513.478
513.947
514.574
515.121
514.971
514.724
515.586
513.273
513.085
511.466
512.501
513.250
512.674
513.025
514.109
513.261
512.284
511.176
512.246
514.803
513.506
511.471
514.032
514.879
513.362
514.599
513.741
512.441
514.141
510.397
512.965
512.634
512.902
514.244
512.896
516.299
513.081
514.164
514.079
511.055
512.086
512.304
513.185
515.127
515.976
515.189
515.365
512.580
516.521
517.598
513.068
512.826
512.931
516.273
515.286
513.581
511.630
513.274
514.350
512.827
516.421
515.653
512.757
513.111
513.914
516.709
515.999
513.336
516.381
515.335
514.005
515.986
514.034
511.852
514.664
514.831
513.224
511.521
512.282
513.577
508.346
513.529
516.139
514.889
512.717
512.315
515.362
514.998
514.687
512.438
517.632
517.297
516.348
516.441
515.748
511.778
513.676
518.549
513.120
515.207
514.962
516.453
515.770
513.380
515.488
515.435
515.542
514.619
511.660
512.996
514.797
514.496
514.681
512.733
511.869
513.759
513.147
513.874
515.798
518.193
514.847
513.369
515.006
515.012
516.708
516.758
518.240
517.771
518.038
517.184
512.379
509.967
514.730
515.662
516.047
514.075
515.987
515.642
514.401
513.771
515.828
513.705
513.701
517.145
516.346
513.275
514.579
515.358
514.023
512.603
514.228
514.607
515.189
512.764
511.725
516.875
516.176
514.060
516.097
516.115
518.054
516.945
518.495
515.713
515.000
513.751
516.044
514.703
517.162
516.629
513.950
516.076
514.896
514.285
512.437
514.212
513.868
513.129
513.777
514.077
513.408
513.672
515.719
513.609
513.017
516.032
515.689
520.526
515.821
516.372
518.805
518.837
519.459
519.327
520.552
522.158
519.398
517.816
517.253
514.639
512.605
518.598
518.486
516.370
515.915
513.544
515.057
512.987
514.376
517.322
517.893
515.201
512.900
513.615
516.548
515.409
514.143
513.282
513.265
514.075
515.864
514.948
513.772
512.146
513.495
515.389
515.033
515.125
516.086
518.303
516.424
515.824
515.504
512.455
516.038
516.175
517.839
514.694
515.309
517.041
513.499
511.465
513.383
512.243
516.067
514.653
514.326
513.748
514.853
514.510
513.952
515.118
514.847
514.336
511.760
511.672
510.978
512.239
515.781
511.525
515.429
513.395
513.003
514.017
513.156
513.150
511.137
512.472
511.657
512.263
513.488
511.466
513.199
517.029
513.338
511.830
513.489
516.132
514.740
514.758
513.930
512.524
512.314
512.784
512.460
517.204
516.389
513.268
512.668
512.835
513.438
511.235
512.352
515.406
511.332
511.655
513.399
512.537
514.046
511.378
510.357
514.598
509.350
508.992
510.934
511.446
513.306
511.785
512.654
512.634
513.562
510.216
510.592
511.920
514.133
512.795
514.126
512.892
509.591
515.944
515.558
514.861
513.695
512.552
513.938
513.595
514.056
511.375
512.890
515.043
512.406
513.078
511.712
512.172
514.423
515.907
514.878
515.874
513.314
514.368
514.446
514.533
515.986
514.145
515.023
512.634
518.091
515.478
520.515
518.496
516.083
517.857
517.049
519.175
517.679
513.223
515.713
517.889
515.966
516.134
516.390
516.628
515.981
515.450
512.766
512.288
513.954
515.671
515.215
515.622
515.773
514.907
515.249
515.029
514.584
511.260
513.251
513.920
510.005
510.389
508.273
513.399
514.278
513.703
510.259
507.525
509.086
512.938
512.325
513.466
512.520
514.825
512.910
510.073
514.412
513.428
511.892
512.111
511.487
510.121
514.803
518.070
515.313
515.591
514.651
513.058
512.361
513.754
513.545
514.997
511.554
510.675
511.697
513.424
510.791
514.925
514.018
515.276
514.842
512.585
515.200
516.527
518.653
514.489
514.184
516.278
513.326
515.238
516.510
512.017
510.306
509.950
511.906
511.414
511.365
509.208
511.100
509.760
510.336
505.632
510.491
511.438
515.267
511.051
509.128
511.097
511.714
512.787
511.508
510.783
511.867
514.198
513.857
513.612
517.957
517.283
515.077
512.908
512.583
514.921
513.575
516.077
513.994
514.985
511.917
512.836
515.511
513.949
513.129
514.245
517.525
517.254
514.535
514.996
516.166
514.942
512.694
513.577
515.874
517.665
512.587
513.183
515.032
516.064
517.424
514.303
514.077
514.649
514.450
514.191
514.403
514.967
516.289
516.884
511.346
514.831
513.272
512.634
512.530
513.960
513.234
512.550
517.624
513.060
514.342
514.258
513.303
512.774
516.166
517.023
516.146
517.014
515.230
517.236
515.779
514.884
512.393
515.383
514.997
515.972
515.665
516.965
513.851
516.512
516.999
520.400
516.288
514.802
513.827
510.764
511.570
513.401
516.093
514.945
515.720
513.377
514.339
512.923
514.724
513.186
512.558
512.788
512.144
513.626
514.013
514.095
513.062
514.164
510.593
514.060
512.679
510.376
509.811
513.957
516.467
516.070
516.133
516.131
514.854
513.215
513.198
511.945
513.581
512.556
514.162
514.826
513.438
511.649
512.254
512.558
514.086
510.959
510.313
514.033
514.466
515.479
514.285
515.765
512.552
512.849
510.192
511.166
514.891
517.297
516.851
518.575
514.881
517.219
518.202
516.686
518.547
513.583
514.751
518.108
516.340
519.222
516.414
515.665
515.241
514.449
514.305
516.527
516.098
515.060
514.415
512.250
516.305
512.329
510.948
513.182
515.251
513.940
511.465
513.602
511.254
510.974
512.989
511.401
512.144
509.951
515.654
513.450
512.154
510.991
510.173
507.655
507.805
515.245
511.885
512.815
514.568
510.400
512.162
515.866
513.160
513.154
511.463
512.149
513.192
512.494
512.044
512.089
510.634
510.903
512.659
515.959
514.956
511.452
515.348
513.907
514.104
510.883
517.739
516.589
513.290
517.858
519.897
517.696
514.264
516.674
517.001
515.310
516.556
513.862
513.363
515.572
515.995
514.853
518.791
517.918
516.129
516.140
515.735
512.681
514.482
520.100
519.311
514.645
517.654
515.140
514.114
515.975
515.452
515.056
515.000
514.653
513.821
511.385
512.340
513.976
512.195
514.529
513.097
515.538
513.920
514.400
513.963
511.470
511.533
519.471
516.598
515.978
514.264
513.303
516.199
514.462
514.792
518.835
516.695
515.116
515.610
514.663
520.257
518.097
517.098
512.498
512.080
509.346
512.244
512.465
509.969
510.741
510.089
512.373
513.239
515.078
514.222
515.896
515.129
513.249
515.330
513.466
514.227
514.872
509.966
512.494
516.699
517.329
517.298
518.172
520.473
520.226
516.092
517.853
515.772
516.266
515.296
513.796
515.632
517.388
517.316
516.084
516.084
516.260
514.237
510.715
511.035
515.980
514.490
514.795
514.005
510.328
513.796
512.075
513.528
509.958
508.661
512.340
510.993
511.171
511.618
510.031
510.956
511.816
510.235
509.225
509.772
512.035
510.957
511.082
514.035
512.703
511.802
511.152
510.756
508.292
509.397
511.203
510.112
512.510
513.804
511.746
511.814
507.875
509.868
512.710
510.581
514.869
512.828
511.402
512.364
511.943
512.991
508.181
511.015
510.115
509.826
509.338
509.854
510.950
512.189
515.111
511.016
511.100
511.049
511.190
512.111
515.878
513.572
514.992
513.478
515.643
515.076
511.562
511.499
515.330
510.924
513.859
511.771
511.526
511.398
512.448
512.047
512.809
513.054
512.181
512.077
513.089
513.684
512.352
510.012
513.138
514.161
515.725
515.282
517.545
513.940
510.978
511.626
509.884
512.183
512.179
510.282
514.873
514.243
514.786
511.660
509.072
511.421
509.252
513.351
511.106
511.497
510.931
511.582
514.361
515.308
512.785
513.634
511.898
512.175
513.042
513.612
513.616
511.930
514.858
508.807
511.283
512.737
514.070
514.248
517.024
514.470
512.830
513.936
513.134
516.205
516.911
513.528
516.982
514.564
514.536
514.168
511.083
511.725
508.180
512.953
513.968
513.182
514.547
513.945
514.255
519.673
516.209
514.749
512.002
510.599
513.443
514.968
517.903
514.158
518.503
516.647
513.768
514.487
511.746
515.927
512.904
511.792
513.064
517.248
515.790
514.851
513.248
513.327
512.437
512.645
516.133
514.767
516.271
516.175
514.884
514.525
517.113
514.003
515.685
514.447
514.886
510.609
513.418
512.689
511.705
511.283
513.182
512.207
508.343
511.783
512.880
512.621
511.279
512.047
514.979
514.004
510.978
511.040
510.444
513.101
514.136
511.934
513.679
513.833
512.732
511.926
514.239
512.594
512.123
512.953
512.764
511.419
512.247
513.501
510.417
512.914
514.140
513.550
514.427
511.607
514.992
509.936
512.021
516.606
515.303
515.748
513.597
513.125
513.529
512.459
512.572
515.472
517.271
515.348
514.562
515.841
514.943
512.913
514.006
514.993
516.594
513.132
515.961
516.663
516.371
517.282
518.344
516.362
515.502
514.993
514.997
514.932
514.328
512.727
512.743
511.679
510.852
514.373
515.488
513.455
517.407
514.136
512.009
511.594
512.374
512.399
513.431
513.687
514.932
511.542
511.680
513.204
513.563
515.796
510.478
514.154
514.057
510.419
513.009
513.616
514.944
514.748
514.019
514.114
513.817
517.160
514.375
519.431
519.321
516.979
516.284
513.238
515.547
512.970
517.233
517.616
514.583
515.831
514.546
514.402
516.808
519.016
518.769
516.680
515.932
515.318
513.374
513.958
515.088
517.594
513.347
514.417
517.090
515.515
514.303
513.941
514.500
513.114
515.403
516.334
514.993
513.631
513.107
513.867
515.545
515.662
518.257
514.853
513.871
514.834
514.134
513.866
515.243
515.549
517.979
516.954
514.034
514.729
514.354
514.504
514.716
515.911
516.481
514.963
515.926
518.545
515.312
518.114
517.303
516.494
517.565
518.871
515.564
515.637
514.547
517.125
518.060
518.942
514.743
514.077
516.322
521.119
517.756
519.642
515.659
516.877
517.229
512.880
514.776
514.411
511.827
513.197
513.116
513.105
512.022
511.467
515.471
517.425
516.837
518.767
514.213
513.475
512.349
513.460
517.559
517.940
515.813
515.127
518.715
516.482
516.311
517.005
512.258
518.405
514.593
513.831
517.416
515.529
517.093
514.467
513.240
513.086
509.909
512.069
513.426
510.863
514.745
515.351
513.594
514.226
514.814
515.677
512.204
512.661
514.535
509.735
512.288
511.709
513.810
511.107
509.879
510.850
510.304
509.410
511.044
510.026
512.557
511.360
512.074
514.056
511.590
515.871
514.385
515.287
515.002
514.551
514.496
513.509
515.917
513.784
513.792
513.020
517.239
516.139
514.297
517.851
511.661
514.472
510.377
512.647
510.140
511.599
512.264
511.380
511.270
510.527
509.704
508.295
513.343
511.773
511.963
512.897
515.562
511.696
514.327
516.355
515.226
514.027
512.923
513.665
515.892
511.593
510.330
514.746
513.093
512.858
514.064
512.127
513.505
515.611
514.490
510.625
512.674
513.466
512.749
514.465
511.582
512.566
512.399
513.362
515.759
514.732
514.937
514.727
516.362
515.885
512.842
515.699
510.741
513.763
511.913
511.761
514.034
513.255
510.968
513.111
516.001
515.143
517.474
516.913
512.253
512.369
513.105
515.570
515.040
513.000
515.371
516.009
513.968
513.502
516.275
514.789
513.055
512.758
513.721
513.170
515.040
513.745
514.933
514.649
516.776
517.121
516.959
515.521
514.928
516.710
518.392
515.325
517.605
515.189
514.511
516.945
515.358
516.101
511.365
517.229
514.497
515.023
514.511
514.950
511.632
512.579
513.009
513.512
513.611
514.168
512.643
518.459
518.384
515.215
513.694
515.761
516.515
515.191
513.236
513.910
515.519
514.827
513.047
511.217
514.714
513.411
514.956
516.611
512.544
512.134
515.274
516.808
516.532
511.736
516.802
511.263
514.435
516.937
512.029
515.101
511.898
512.465
515.034
515.259
515.648
508.943
510.640
513.618
514.307
514.564
513.352
513.845
517.033
514.643
515.020
516.610
515.774
517.551
517.739
516.000
513.502
513.547
514.719
515.772
513.778
514.571
515.076
516.549
514.209
515.619
517.004
518.439
512.936
516.398
515.062
516.224
514.013
511.796
514.553
511.903
512.044
514.579
513.389
512.161
511.038
510.948
512.928
513.157
512.129
512.412
514.832
512.859
517.028
514.073
511.054
512.262
509.678
512.582
512.271
514.511
510.635
513.985
512.826
511.058
508.470
508.311
511.818
512.380
510.813
510.321
515.099
513.734
508.767
508.921
510.798
512.267
511.662
511.942
510.533
509.351
510.395
514.320
513.566
512.090
510.659
508.444
512.224
511.019
512.104
509.713
512.589
509.083
510.102
509.894
513.173
513.777
515.799
514.076
515.098
513.511
512.539
511.463
512.291
512.380
512.976
512.075
513.226
513.423
511.655
515.295
517.029
513.873
513.450
516.666
515.341
515.373
517.745
514.246
511.223
514.174
511.249
509.754
511.824
511.327
512.880
511.073
512.685
513.036
513.767
513.284
510.759
510.801
509.677
513.227
510.032
512.511
511.674
511.536
514.794
514.293
510.528
511.568
515.165
509.051
512.023
512.481
515.632
512.817
513.304
510.092
513.260
511.945
514.742
510.313
509.872
509.950
510.142
512.932
510.854
513.242
510.395
513.702
515.527
515.943
514.577
514.905
511.297
510.407
510.028
511.859
513.448
513.624
512.065
511.139
512.465
512.648
510.665
510.292
513.516
513.803
511.729
512.288
513.904
511.512
514.070
512.445
512.181
515.223
514.172
511.009
510.902
511.495
512.983
511.717
511.917
513.435
514.550
515.539
516.383
512.433
513.741
512.461
513.726
511.552
511.053
513.774
515.023
514.982
514.174
514.357
512.628
513.374
515.789
517.583
515.501
515.492
514.328
514.759
513.313
514.899
513.802
514.899
515.742
513.562
515.928
517.198
516.944
512.446
512.971
514.722
514.885
513.535
513.456
512.466
514.136
514.341
512.806
510.692
512.123
512.358
511.724
509.084
510.428
511.326
514.020
511.588
512.507
517.568
513.646
510.595
512.642
513.379
512.353
512.828
512.809
515.597
513.461
514.273
513.882
508.782
510.242
509.883
512.068
510.860
507.243
511.596
509.382
510.065
510.823
510.061
511.194
510.960
512.242
511.341
512.837
512.029
513.442
511.892
514.324
511.464
512.998
509.293
512.413
512.197
513.404
511.105
512.731
514.341
513.676
510.525
510.418
509.491
510.085
512.856
513.532
510.777
513.119
510.344
513.033
512.724
510.216
511.021
511.792
511.416
514.094
512.490
512.021
513.538
508.161
510.909
513.591
513.133
512.768
513.351
512.597
513.424
515.028
511.397
511.688
515.403
513.648
513.356
514.353
512.284
511.635
512.240
514.218
512.271
512.195
511.269
511.768
511.106
510.488
511.427
511.229
511.339
512.904
511.702
510.827
509.690
510.537
512.319
510.551
511.726
510.797
512.441
513.424
512.686
513.022
512.625
509.985
508.003
509.600
510.432
511.578
511.227
510.385
510.332
510.370
513.618
510.789
512.165
512.444
512.761
513.711
512.531
510.328
513.261
506.787
506.989
511.780
510.111
510.843
509.110
510.931
512.998
509.474
512.642
513.168
510.479
512.113
512.144
510.773
512.545
510.756
511.275
513.157
508.817
513.562
512.884
512.075
514.068
511.704
513.239
516.792
516.649
515.638
515.130
515.213
516.262
511.535
512.375
511.480
509.799
511.163
511.492
510.485
512.079
514.728
513.697
512.186
514.632
511.100
510.544
513.057
514.945
514.549
512.224
514.259
510.586
510.723
512.969
512.151
515.434
510.303
510.879
510.375
511.081
513.433
512.582
512.244
514.328
514.144
512.216
513.358
510.804
510.898
513.893
512.458
511.739
512.805
511.368
509.400
511.779
511.821
510.321
513.101
511.628
511.993
512.176
514.130
513.149
512.720
510.967
514.132
515.968
512.008
511.628
511.625
515.746
515.173
511.409
511.674
512.701
512.381
510.695
514.062
514.571
510.711
510.512
514.617
513.305
510.973
513.137
512.020
514.013
515.613
512.518
510.471
512.175
513.174
515.372
512.961
514.291
515.524
514.141
511.709
513.112
513.793
514.640
513.456
513.598
513.263
513.773
513.723
511.309
513.895
513.578
515.892
515.710
516.403
516.284
515.980
512.221
513.508
512.112
511.884
510.259
511.782
513.334
512.509
511.293
509.960
509.501
506.922
511.078
512.067
514.127
511.040
514.119
510.704
508.804
513.562
514.408
514.683
515.833
513.228
513.442
509.345
509.331
508.426
511.888
514.176
511.378
512.220
513.291
509.127
513.120
515.479
515.993
511.809
512.076
510.736
508.371
512.917
512.745
512.331
512.932
514.004
511.217
512.059
512.760
512.463
512.224
512.167
511.951
511.295
516.305
515.148
514.910
512.034
515.496
515.717
511.642
514.495
515.447
514.979
515.256
514.843
514.960
512.457
513.693
516.140
515.835
513.602
511.385
512.442
514.882
517.243
512.870
513.414
513.110
514.687
513.342
515.021
513.097
515.097
515.998
511.713
514.039
512.543
514.695
514.272
517.089
514.247
514.633
513.314
513.887
512.554
514.765
515.908
513.374
513.050
514.556
512.655
514.557
510.695
510.618
511.248
514.316
511.049
513.475
513.400
514.530
513.905
514.018
512.044
512.093
510.990
516.099
513.460
510.689
511.390
511.884
513.801
513.354
516.106
513.203
511.889
512.350
513.219
514.425
513.186
514.573
516.822
514.756
514.257
516.497
515.384
512.188
511.731
512.412
512.926
514.180
511.757
509.152
508.770
513.425
511.736
510.756
509.550
511.758
512.214
513.810
513.489
515.394
512.466
516.786
514.629
515.053
512.108
512.769
512.385
510.692
510.655
511.369
508.417
512.254
511.809
508.619
511.561
512.269
514.614
511.734
512.859
515.427
511.227
510.589
512.748
514.162
512.468
511.686
513.198
511.864
509.956
513.870
511.648
510.773
509.635
512.363
515.171
512.831
510.506
512.107
512.490
511.205
509.710
512.043
511.690
508.830
510.220
510.468
513.506
510.713
512.866
511.534
511.911
513.387
512.324
513.657
514.080
514.218
513.363
514.798
512.460
514.849
514.097
514.333
513.759
514.684
515.327
514.968
512.487
513.763
513.381
515.209
511.820
515.850
510.687
513.522
512.151
510.960
510.254
511.009
510.043
511.273
514.895
512.850
515.283
511.310
514.201
511.842
512.288
512.723
514.587
514.686
512.979
511.505
512.310
510.849
510.931
510.572
511.038
511.694
514.333
512.947
512.576
510.532
510.091
508.895
513.602
513.228
512.222
510.302
509.482
510.479
509.248
508.907
512.966
513.304
513.064
509.576
511.006
515.767
511.971
510.589
510.664
512.460
512.881
515.321
513.200
512.962
510.276
512.104
513.369
513.100
510.427
510.644
512.680
513.928
514.060
511.129
513.117
514.709
513.000
513.193
512.695
510.003
512.678
508.638
511.756
509.674
510.968
511.880
514.719
513.067
510.255
513.029
513.470
512.644
513.768
513.482
511.316
509.573
509.753
515.319
512.376
512.606
514.949
514.011
513.005
513.609
513.090
514.234
511.916
513.475
511.526
512.110
512.572
511.253
514.244
514.390
515.154
511.017
514.342
511.051
512.331
512.324
512.971
511.997
512.194
514.303
509.555
511.312
512.918
511.577
513.719
511.609
511.237
511.443
513.202
516.231
511.727
510.305
514.895
512.218
508.884
512.883
512.727
516.426
514.718
514.357
513.517
511.997
512.231
513.407
512.184
511.903
512.827
512.167
511.381
511.146
511.379
511.518
512.798
513.070
508.727
514.528
512.115
509.515
509.238
513.221
510.985
510.472
510.263
510.120
511.843
513.172
508.578
512.845
515.813
514.823
513.632
515.648
512.288
512.532
512.762
514.860
515.314
517.231
515.471
518.422
516.606
516.427
513.582
515.780
517.120
513.806
515.445
515.188
515.587
513.649
518.994
516.043
514.338
513.108
512.865
515.058
517.022
515.615
514.439
513.104
513.952
514.321
512.394
513.016
514.984
514.333
515.477
514.530
515.265
513.044
512.428
514.604
515.643
514.821
514.673
514.095
514.907
515.248
514.537
515.885
515.578
516.798
514.193
514.100
510.235
510.889
514.765
514.838
511.011
514.042
512.279
513.155
514.699
512.063
513.982
512.414
513.307
512.322
513.568
511.348
510.916
512.414
513.705
514.302
513.726
512.225
514.836
511.794
515.674
513.749
514.572
512.881
514.059
513.224
512.447
514.017
516.640
515.059
512.581
513.480
513.644
512.651
512.491
513.631
516.168
512.809
514.037
512.600
514.598
512.417
511.304
513.343
512.502
511.931
514.959
517.895
513.988
513.055
516.059
517.548
514.506
517.598
514.295
513.859
513.823
515.167
513.496
516.423
515.317
515.214
512.669
512.436
515.468
509.231
512.870
512.129
514.753
514.910
516.857
513.564
513.848
514.377
511.493
511.763
514.624
514.484
514.655
514.445
512.385
511.999
512.700
513.938
512.322
514.588
509.592
508.672
512.764
514.408
515.130
512.913
512.891
513.983
513.229
513.221
514.499
513.816
515.379
514.994
512.565
513.424
510.622
512.131
512.594
512.087
509.744
510.823
511.164
514.940
512.461
511.749
512.233
515.403
512.097
513.679
512.542
512.400
512.926
515.889
510.254
513.238
515.167
513.038
512.789
513.727
514.415
516.413
515.648
513.092
514.479
516.248
514.747
511.415
518.703
514.234
514.635
515.800
516.269
514.509
516.419
513.915
517.490
514.420
516.932
513.486
516.971
514.022
513.874
516.993
513.252
512.426
516.890
511.563
513.078
511.695
515.541
512.110
516.145
515.560
514.754
512.847
515.626
512.492
514.015
514.340
514.148
514.005
512.321
515.290
510.463
514.278
515.098
513.938
513.737
515.998
512.998
515.286
515.461
514.493
513.720
511.414
511.802
513.412
514.993
513.632
514.979
513.433
511.130
512.228
514.336
513.916
516.862
511.228
512.115
511.379
511.850
510.970
511.244
513.465
511.623
513.752
511.692
511.780
511.487
510.386
511.348
514.824
514.163
517.170
514.085
511.252
508.975
512.211
513.377
514.341
511.172
515.393
514.456
513.591
514.208
513.963
512.081
515.728
513.348
515.483
513.256
513.788
516.128
515.127
519.640
514.063
514.835
514.318
513.567
516.524
515.134
515.005
515.364
512.876
511.074
511.678
512.286
512.918
511.653
515.464
514.929
512.742
513.689
515.020
510.316
512.981
511.918
514.912
514.485
517.458
512.242
511.725
513.168
511.143
511.582
513.941
514.474
517.052
510.796
511.634
513.383
513.104
512.946
513.796
513.501
511.871
513.860
511.677
510.121
513.173
514.394
513.154
513.282
512.894
514.707
510.967
511.268
508.097
512.326
514.042
511.796
512.942
508.862
514.335
512.890
512.071
514.270
509.510
511.578
512.796
510.896
508.533
508.388
508.151
512.639
513.348
509.674
512.364
510.704
509.473
508.292
510.099
508.709
509.385
507.562
509.216
511.381
511.700
511.647
512.977
512.451
511.387
511.041
508.673
510.231
510.298
512.564
515.172
513.755
511.906
511.754
510.430
510.670
509.236
513.251
511.482
510.514
512.170
511.208
512.900
512.772
512.106
511.168
511.386
511.378
513.117
512.343
512.910
514.816
512.113
513.677
512.867
511.277
511.079
512.147
513.692
512.427
514.456
516.379
512.808
513.933
511.455
515.060
514.564
515.110
514.057
516.179
514.841
513.934
515.434
515.325
513.000
514.911
514.849
512.790
517.123
515.748
516.562
513.335
516.940
516.746
511.823
514.672
513.804
513.413
513.691
514.587
518.876
517.529
511.762
514.666
513.128
514.836
516.808
514.544
515.462
516.077
517.908
515.734
515.149
514.133
516.120
514.713
512.604
512.537
511.310
510.959
514.466
514.146
512.166
514.587
513.063
515.260
515.856
516.049
515.467
515.689
515.753
513.696
514.759
517.588
515.567
516.144
515.054
515.097
512.543
516.186
515.405
514.932
515.371
516.558
515.733
513.060
516.852
515.854
518.680
516.433
515.693
513.801
512.201
516.134
517.413
515.465
516.145
515.643
513.786
510.880
511.592
512.235
511.825
514.061
516.092
512.904
513.591
515.736
515.022
513.494
514.359
513.181
514.830
515.022
518.016
514.930
513.221
512.815
515.574
514.040
516.552
513.869
516.990
514.066
513.863
515.557
514.612
515.661
513.438
513.461
513.170
511.175
514.957
514.687
516.927
516.076
517.511
518.798
516.721
514.962
514.243
514.883
514.176
514.283
514.253
512.370
516.716
510.359
512.809
513.044
512.214
513.949
510.827
512.690
511.073
514.759
514.086
511.403
512.453
513.957
517.989
514.430
515.730
513.909
512.745
517.277
515.233
515.906
513.026
513.185
513.303
516.261
513.165
512.285
513.271
512.723
514.625
517.570
515.520
513.746
513.912
514.849
516.547
516.475
515.902
512.958
514.722
516.224
515.921
515.626
515.256
517.088
513.196
516.045
514.107
513.841
514.793
511.526
515.563
514.463
519.245
516.956
514.658
512.030
513.251
514.732
515.696
517.133
515.325
517.845
514.709
513.098
513.888
517.504
513.817
515.581
517.066
515.438
516.109
516.961
514.295
513.639
514.894
514.151
517.128
516.641
515.444
517.074
514.821
515.610
516.507
515.650
512.779
513.722
515.118
516.337
515.868
514.331
514.273
515.352
515.003
513.953
513.121
515.303
513.253
517.587
512.071
515.356
513.912
513.354
515.160
514.003
515.339
515.520
514.487
511.668
512.355
515.456
514.364
511.139
511.275
514.190
513.315
512.142
512.346
509.257
511.028
507.982
509.047
510.594
512.137
512.336
512.784
514.237
516.288
512.424
513.385
511.777
511.121
510.300
512.706
512.448
512.743
514.372
512.560
510.835
514.938
519.178
517.236
514.256
512.836
513.244
513.260
512.289
514.096
514.160
513.270
509.767
513.885
512.133
513.231
511.123
510.984
509.971
511.469
510.919
510.312
509.418
511.861
513.870
510.582
514.216
507.939
511.823
511.610
508.237
512.792
512.555
513.891
512.837
514.245
511.646
513.491
513.935
512.201
512.006
511.065
511.580
511.559
511.206
510.155
511.524
511.740
513.314
513.258
512.146
511.751
510.287
510.070
511.970
514.339
512.998
514.088
511.296
514.803
512.851
513.697
513.732
510.276
511.653
511.072
509.787
511.685
511.816
510.985
510.626
514.531
512.496
510.259
510.077
510.660
508.266
511.364
513.967
515.488
514.810
515.374
513.381
514.489
517.931
514.616
514.618
515.184
517.317
513.753
512.049
510.316
510.519
512.951
