432.026
433.646
432.336
434.076
433.386
432.425
432.483
432.764
430.380
431.177
430.616
430.752
430.950
430.702
432.647
433.672
432.580
431.542
431.579
429.652
433.270
430.828
429.935
431.068
431.599
431.331
431.581
433.090
430.186
432.127
432.015
431.778
433.230
434.659
432.388
432.872
430.701
431.644
434.356
430.498
430.018
429.688
432.342
430.005
432.907
431.607
430.648
432.466
431.427
431.567
433.076
431.857
433.624
433.160
430.390
432.393
432.068
433.277
432.681
432.237
431.963
429.350
431.858
433.810
431.791
432.831
432.938
431.626
430.191
432.153
430.004
428.827
430.314
429.111
432.896
432.627
432.253
431.960
431.792
430.804
431.168
433.986
431.317
430.744
429.494
431.028
430.747
430.213
433.302
433.869
431.718
431.655
429.882
431.578
430.804
432.933
430.027
428.741
430.384
431.547
429.689
433.218
431.775
433.388
433.825
432.689
433.554
432.202
434.411
432.260
434.176
433.701
433.364
431.645
433.896
433.877
431.366
429.961
431.538
430.243
431.511
432.057
432.815
432.524
433.118
433.253
433.162
433.949
431.220
432.690
431.748
431.845
431.969
430.918
432.114
431.172
433.079
432.836
430.070
432.654
432.690
431.929
432.014
433.037
432.636
432.532
431.265
431.600
431.808
432.571
433.471
431.447
430.801
430.020
431.310
432.543
433.069
431.744
431.215
430.522
432.544
432.218
432.070
432.007
430.402
431.131
430.060
430.272
432.656
431.779
432.845
431.892
432.962
432.246
432.587
429.658
432.360
431.533
430.050
430.998
429.987
430.743
431.036
431.436
429.130
431.696
430.708
433.867
432.140
432.302
432.226
434.826
434.011
433.907
430.776
431.233
433.567
432.952
430.807
432.164
431.121
434.194
431.315
431.381
431.979
430.550
431.828
430.474
431.543
434.191
432.813
434.172
432.496
430.538
430.437
431.438
431.105
431.332
434.429
430.424
431.572
432.079
432.025
432.424
431.853
433.071
436.022
434.542
435.218
433.540
433.041
437.079
431.696
432.939
433.897
434.628
431.924
431.522
432.602
435.140
434.271
432.188
432.884
432.283
432.528
433.103
432.591
434.360
431.077
433.549
431.083
431.378
433.350
431.241
432.573
433.761
431.777
432.950
434.153
433.790
431.613
433.838
434.722
431.950
434.148
433.438
433.512
432.531
433.627
433.351
432.175
433.407
430.848
436.445
432.853
433.561
432.866
432.240
432.072
432.721
430.836
433.037
431.998
431.269
430.661
431.668
429.454
432.799
430.555
433.531
432.654
432.013
433.789
431.558
433.690
432.142
430.903
432.052
430.130
430.269
429.785
432.546
431.475
430.146
431.162
429.954
429.332
431.778
430.282
431.292
430.895
431.984
432.694
431.296
431.534
432.880
428.802
433.867
433.250
432.138
430.192
428.738
433.221
432.713
431.450
432.344
432.654
429.754
432.038
431.836
431.895
431.925
431.501
430.558
429.769
433.250
432.345
433.679
431.956
430.440
429.905
431.716
428.571
430.992
430.080
430.590
432.121
428.154
430.426
432.019
432.593
432.516
431.507
430.379
431.516
432.478
431.511
431.377
432.510
430.985
432.499
430.702
433.564
433.006
431.192
430.085
431.412
432.501
430.921
431.490
431.748
428.494
427.791
429.855
431.455
432.221
433.424
432.869
432.803
431.386
431.121
428.068
427.368
428.913
430.833
430.989
431.598
432.764
432.899
432.344
431.557
429.689
430.905
430.903
431.778
431.981
431.368
427.620
429.815
430.807
433.087
434.416
430.395
430.033
430.184
428.553
430.743
432.046
431.312
433.887
433.087
432.586
431.858
432.438
432.551
431.680
432.246
432.100
433.065
432.980
432.727
432.538
432.514
431.800
431.154
431.071
433.205
429.355
431.210
429.197
430.415
429.291
431.276
429.252
431.972
430.730
428.680
431.358
433.413
433.387
433.984
431.416
432.508
430.133
431.077
432.750
432.049
430.927
432.589
431.419
432.224
433.151
432.995
431.117
430.164
433.737
433.044
430.672
434.326
431.526
429.623
432.414
434.604
432.585
432.620
434.674
431.691
433.239
433.412
432.968
434.733
433.739
431.091
431.470
432.257
432.900
431.736
431.170
430.477
432.960
432.197
431.864
432.191
433.176
432.881
434.115
433.586
432.864
431.054
432.118
432.365
433.975
432.492
432.210
430.752
432.875
433.093
432.481
430.098
431.340
431.960
431.465
430.732
432.797
431.444
432.623
431.584
431.945
433.428
430.898
432.270
429.519
431.257
428.946
430.811
434.607
432.647
431.775
432.277
431.293
430.669
432.977
432.836
433.198
433.968
432.386
431.967
434.425
434.006
431.434
432.591
432.838
434.013
434.710
432.201
431.615
430.503
430.990
431.947
431.778
430.830
434.084
432.807
432.186
431.102
432.156
430.287
430.530
429.162
429.916
430.282
430.692
430.361
430.820
430.816
432.285
432.382
430.065
431.703
430.707
430.400
431.966
429.695
430.988
430.456
430.846
429.231
431.409
431.178
431.360
431.133
431.912
430.580
430.584
431.335
432.696
431.391
431.101
430.101
431.007
432.356
431.481
432.882
433.768
435.037
433.844
433.377
432.099
434.166
432.208
430.137
431.947
432.572
431.980
433.330
431.750
432.695
432.361
430.543
432.422
429.120
431.138
432.228
430.370
430.052
430.984
430.132
430.515
433.209
433.756
435.268
433.084
432.550
431.291
432.184
433.767
431.857
432.894
429.867
433.310
432.032
434.443
432.022
432.910
433.031
433.004
432.274
432.558
430.921
433.903
435.359
431.488
431.077
431.538
432.196
429.171
429.425
426.857
432.233
432.741
430.101
433.869
433.493
432.040
429.721
430.846
432.562
433.676
431.720
430.999
431.142
431.517
430.136
433.572
433.855
432.217
433.076
433.240
433.066
433.945
433.466
431.613
432.860
433.804
433.869
431.737
433.196
432.810
430.329
431.305
430.757
431.724
430.130
430.130
433.107
433.342
432.457
433.344
435.185
430.532
431.614
431.050
430.986
431.434
433.059
428.986
431.342
433.683
432.231
433.178
430.386
434.171
431.777
430.875
431.072
432.797
429.861
429.644
431.774
432.114
430.289
429.332
429.084
431.588
433.109
431.325
431.741
432.801
432.241
433.688
431.730
431.110
431.701
432.232
432.024
433.501
430.435
431.899
432.662
430.574
430.586
430.334
430.183
428.705
428.705
430.313
430.121
433.126
431.155
429.941
429.064
429.383
431.413
427.521
429.666
429.839
430.955
430.048
431.187
432.626
432.913
431.429
431.193
432.176
431.217
432.220
432.271
433.662
431.914
432.149
431.124
433.956
433.676
435.363
431.539
430.538
434.187
432.594
435.005
434.534
434.107
433.088
429.666
432.434
432.754
432.042
431.332
431.300
432.192
430.249
430.812
429.359
431.968
430.767
429.675
428.664
431.415
430.693
433.481
432.623
432.067
432.944
430.924
431.249
431.115
430.291
430.173
430.715
431.225
431.580
428.903
430.871
432.474
430.300
427.834
429.118
430.476
431.897
430.352
429.970
426.931
429.204
428.657
429.284
432.216
430.527
430.902
431.521
430.946
430.301
430.557
428.509
430.379
429.315
427.760
429.048
429.830
429.044
429.020
431.739
431.303
430.235
431.178
430.930
431.943
430.709
430.507
430.758
432.488
432.393
431.730
430.254
431.781
431.659
430.983
430.829
430.758
431.262
430.320
428.013
429.817
431.554
431.864
430.283
427.645
429.874
430.459
428.769
429.670
429.518
428.499
430.146
431.060
430.983
431.740
430.150
430.930
431.213
433.721
430.108
427.924
430.730
430.194
428.698
429.210
428.867
430.701
431.319
429.707
429.371
430.495
430.436
431.484
431.340
430.885
432.485
430.071
428.439
429.200
428.099
428.564
431.654
429.968
431.296
428.100
429.077
428.846
429.660
429.501
429.156
427.805
426.370
428.688
430.605
429.381
429.247
430.715
430.630
429.592
431.355
430.124
428.876
429.800
429.073
429.312
428.142
429.751
429.862
428.948
429.668
431.999
434.423
431.945
430.661
430.203
432.765
431.140
431.918
431.325
431.991
431.778
432.717
428.177
430.462
429.867
429.843
431.202
430.193
426.334
427.452
429.703
430.112
429.966
430.968
431.448
429.929
429.977
431.015
430.179
428.643
430.265
431.933
430.585
428.544
430.493
431.316
430.135
432.866
431.288
433.028
429.634
431.455
430.837
430.277
431.631
432.475
432.199
431.364
435.846
432.558
431.927
430.729
431.139
433.257
431.398
433.160
432.800
430.956
430.941
430.936
431.837
429.640
431.924
429.655
432.917
429.984
432.459
431.533
429.518
428.729
430.875
429.892
432.524
428.712
430.621
429.867
431.876
431.839
430.221
430.948
428.276
431.452
431.863
432.832
429.477
431.958
432.008
432.402
433.398
431.884
431.492
432.220
431.016
430.212
433.852
431.249
431.057
431.334
432.245
430.022
433.636
430.589
431.882
431.570
433.181
433.412
436.268
434.494
433.482
431.956
432.959
432.975
433.210
432.435
434.801
431.654
431.668
433.654
435.708
433.092
433.474
433.714
434.029
432.494
430.199
432.625
433.974
433.122
435.214
434.576
433.086
433.957
433.973
433.240
430.428
431.144
432.936
432.103
433.257
430.997
433.119
431.943
431.674
430.618
433.410
434.433
436.520
433.437
429.943
432.444
430.836
433.668
434.207
433.619
430.927
429.312
429.431
432.446
433.269
431.957
432.821
430.644
431.371
431.365
432.524
431.111
432.269
429.618
430.136
431.810
430.651
433.208
433.271
434.463
432.947
432.841
433.931
433.807
433.698
432.067
431.790
432.275
432.473
433.940
432.786
430.329
431.643
431.819
431.714
431.401
429.778
430.876
431.444
431.176
434.790
434.083
432.931
431.619
433.467
432.597
433.031
432.965
430.722
434.796
430.910
432.011
432.935
433.372
432.261
433.325
431.387
433.433
433.267
433.624
430.026
434.562
434.703
432.420
430.294
432.622
432.780
433.623
433.564
432.925
434.772
434.874
433.920
432.637
431.887
434.255
431.315
434.048
435.488
435.247
432.992
433.920
432.179
432.256
431.923
432.018
431.532
430.124
430.753
432.055
431.308
430.863
433.147
434.140
429.931
431.449
430.121
432.840
432.792
430.880
430.937
430.885
431.767
432.245
433.526
432.086
433.970
435.089
432.668
432.174
433.339
432.162
432.483
431.942
430.477
432.509
434.026
434.008
432.849
432.731
431.779
431.617
431.284
431.921
433.001
432.112
432.352
433.763
434.801
434.383
434.406
431.799
431.008
431.014
433.948
433.619
432.076
432.197
434.180
432.028
432.627
432.014
432.005
434.128
433.312
432.921
434.787
433.350
430.627
430.789
430.381
432.773
431.175
430.552
433.949
432.153
433.646
430.563
432.421
431.824
429.926
432.353
432.472
430.617
432.983
434.866
434.289
432.676
433.683
432.795
431.652
432.689
431.107
431.749
432.120
433.101
432.324
432.834
433.824
431.675
433.689
429.715
431.953
431.003
433.538
430.789
431.442
433.868
428.655
431.870
431.572
431.482
432.913
430.535
432.392
428.979
429.540
432.472
432.028
431.586
433.797
434.673
429.165
431.955
432.494
430.997
431.324
431.097
431.082
430.690
430.558
430.974
431.634
433.315
432.688
431.824
431.183
429.718
430.712
430.826
431.984
432.199
430.222
430.708
432.349
433.587
430.960
431.504
429.700
431.509
431.875
431.914
432.445
432.904
432.091
432.709
432.611
428.655
431.407
432.729
433.264
431.958
431.882
430.992
433.096
431.626
433.804
433.189
430.681
434.047
432.032
432.065
432.000
431.288
433.336
434.213
432.969
433.809
432.001
432.205
434.118
430.863
432.079
433.382
433.934
433.238
431.591
430.906
432.602
432.499
431.544
433.880
429.488
432.214
432.393
431.610
431.900
433.923
431.922
430.966
431.331
430.182
431.117
431.709
432.948
433.797
430.448
431.006
430.958
429.771
431.948
430.085
430.518
432.705
432.621
430.654
432.354
433.208
430.819
433.316
433.238
432.190
432.921
433.830
429.892
431.863
431.132
430.563
433.707
430.488
433.566
433.709
432.888
433.837
432.897
433.165
432.658
431.075
431.226
432.593
430.281
431.615
431.459
433.745
430.014
433.295
431.659
430.563
430.880
432.293
431.216
430.676
429.850
431.302
431.133
431.263
432.919
432.122
431.744
432.111
432.246
430.251
428.599
433.033
431.316
431.024
432.803
432.668
431.160
430.259
431.827
431.222
433.044
431.377
431.395
434.107
430.818
432.543
432.091
431.475
431.105
433.315
432.354
434.205
431.690
431.710
430.656
429.740
429.870
431.561
431.940
430.575
429.915
432.897
429.794
430.619
430.798
433.648
432.523
433.412
430.774
430.906
430.354
431.323
433.551
435.124
431.167
431.950
432.920
429.705
430.733
430.591
432.953
431.866
432.214
429.967
429.337
431.544
429.714
430.763
431.320
432.130
429.621
431.633
429.918
431.095
433.374
432.149
434.557
431.944
433.823
432.110
432.208
429.715
429.622
430.548
428.837
429.679
430.788
429.906
428.932
431.843
430.397
429.153
432.833
433.253
433.758
429.924
428.316
431.022
430.762
432.049
430.339
431.125
431.445
429.982
430.569
433.069
430.402
431.080
432.799
431.762
432.505
431.412
432.623
431.232
430.142
429.214
432.656
434.520
431.862
430.883
431.588
429.730
431.561
431.434
432.793
433.293
433.043
431.944
430.919
434.447
431.605
431.052
431.812
433.561
429.034
431.385
434.115
432.879
432.397
433.039
430.534
430.287
431.866
433.831
432.131
435.008
434.293
434.686
434.613
432.828
429.790
429.631
432.286
430.873
430.212
431.509
432.244
432.472
431.623
431.812
434.277
430.749
431.992
431.607
435.427
435.324
431.774
433.575
432.650
433.001
430.939
432.262
432.641
433.538
432.229
431.439
430.302
432.698
430.705
432.208
434.096
432.601
433.766
431.805
432.072
432.179
431.050
430.646
431.687
432.532
431.996
432.472
431.274
430.583
432.945
433.061
433.952
433.640
433.154
433.306
433.426
432.299
433.398
431.974
436.825
433.792
433.477
436.154
432.880
434.691
433.642
431.963
432.714
433.112
432.113
431.570
432.699
434.584
432.499
429.326
430.858
430.606
429.967
431.240
431.897
431.767
434.179
430.890
429.876
431.905
432.234
432.498
431.551
436.652
434.785
431.053
430.697
433.557
432.542
432.108
431.555
429.365
429.053
430.655
429.682
430.489
429.647
431.372
432.545
432.719
431.055
431.484
433.764
431.740
432.132
432.476
430.872
432.118
433.809
433.115
431.230
431.586
433.379
433.140
434.740
430.563
431.231
432.366
433.484
432.430
433.489
432.434
431.967
431.140
431.820
434.565
433.167
433.174
432.676
433.948
433.193
434.279
433.069
431.333
436.802
435.398
436.971
434.086
433.668
432.401
430.159
431.940
433.877
433.327
432.696
431.219
430.621
431.884
431.246
433.121
433.585
432.093
432.918
430.286
431.936
430.839
431.382
430.020
432.073
429.735
430.185
429.684
430.815
431.106
432.458
430.975
430.765
430.521
429.385
429.480
426.841
429.921
430.606
431.520
431.235
432.425
430.867
432.920
434.914
432.656
430.631
431.066
433.008
430.941
431.267
430.941
433.399
431.970
433.533
431.617
431.929
431.954
430.139
430.432
432.361
429.827
434.943
430.801
432.204
431.898
430.486
430.720
430.845
430.568
433.049
431.919
434.952
431.433
430.054
431.083
431.795
429.734
431.018
431.501
432.716
430.965
429.983
431.984
432.733
433.701
432.975
429.999
431.362
431.400
431.756
430.029
432.086
433.653
432.333
432.835
431.917
434.139
432.541
432.879
431.275
430.668
430.834
431.769
433.547
433.057
430.902
431.385
434.238
432.622
434.540
429.671
431.308
430.034
432.732
434.486
435.429
432.674
431.412
432.065
432.560
431.468
432.498
433.014
432.599
433.689
432.991
431.804
430.956
430.460
431.513
432.006
430.848
430.861
431.399
429.275
431.238
431.879
430.845
433.217
431.244
431.168
432.887
432.260
431.064
432.014
432.247
433.435
432.976
432.199
431.208
430.024
430.329
429.605
431.536
430.995
432.788
434.919
431.964
433.066
433.591
430.099
431.986
432.466
430.517
430.723
434.821
430.592
430.541
430.909
432.896
433.505
431.293
430.140
432.602
431.465
431.142
433.186
430.990
432.664
434.265
430.447
430.810
432.044
430.439
431.046
432.359
431.048
432.425
431.347
432.496
432.823
433.379
429.583
429.788
431.656
432.480
433.017
431.379
433.275
435.677
433.694
433.123
435.337
433.985
431.845
431.105
431.621
431.368
432.134
432.604
433.990
433.189
432.593
431.632
434.196
433.883
430.726
432.491
430.299
431.388
431.813
433.347
432.121
435.844
434.413
434.597
430.985
432.387
431.555
430.376
433.876
431.129
429.702
431.412
433.248
433.104
433.987
431.598
432.115
431.091
430.938
431.847
431.174
432.250
433.381
431.411
429.433
431.732
432.274
432.442
429.842
432.250
430.970
433.504
432.928
432.398
431.797
430.823
432.228
430.756
431.072
431.551
432.101
433.667
432.298
433.368
434.082
433.810
432.483
434.016
432.467
432.566
432.958
433.186
432.274
431.212
432.173
433.115
433.003
431.835
433.141
431.360
431.078
432.055
433.217
431.827
433.953
431.625
432.760
432.704
434.484
431.870
432.704
433.587
431.410
431.807
431.841
432.905
432.491
431.531
430.077
430.098
432.221
430.789
432.978
431.393
433.227
430.638
431.918
430.177
432.147
431.843
431.767
432.903
433.062
430.744
432.924
434.178
432.317
433.878
432.774
430.531
431.514
428.527
430.768
430.556
431.180
431.756
433.509
432.206
431.982
433.033
432.207
432.824
430.510
430.306
431.726
431.826
433.275
431.408
433.931
433.921
431.187
431.136
431.718
432.878
434.363
434.496
432.922
431.436
430.759
429.775
432.575
430.986
430.958
429.226
429.288
431.507
433.300
433.323
432.582
432.041
431.707
433.520
431.520
432.537
430.824
431.364
429.765
430.785
430.687
431.982
432.564
432.672
431.972
431.561
434.143
431.715
428.974
432.951
433.966
433.063
431.139
432.179
430.746
430.966
428.826
431.717
431.719
430.684
432.439
432.858
432.985
428.931
431.804
430.729
432.352
430.841
432.964
431.912
431.375
430.160
431.401
431.526
432.128
432.457
431.155
432.286
431.046
434.269
433.591
434.244
433.833
432.897
434.803
434.338
432.523
434.567
430.645
430.890
430.793
430.162
429.384
431.418
433.440
433.795
431.257
430.997
430.937
432.433
431.355
432.069
432.535
431.812
432.456
432.199
432.273
432.381
431.438
432.355
432.092
433.054
432.034
429.854
431.441
431.258
431.567
431.927
433.372
433.172
431.497
432.396
433.253
433.678
432.695
431.072
431.956
434.060
432.786
429.587
431.801
431.380
431.180
432.447
432.975
430.934
433.185
430.917
430.755
430.219
432.231
433.309
433.740
433.285
433.023
430.698
431.148
433.570
431.573
432.553
431.018
428.504
429.846
433.092
432.992
430.097
433.181
432.446
429.626
429.151
432.146
431.409
433.665
430.362
432.466
431.737
431.074
432.456
432.067
431.733
431.581
429.981
429.958
431.402
433.204
429.961
431.784
433.866
432.395
433.510
433.077
433.325
430.943
433.163
434.015
435.196
430.073
430.668
431.429
432.575
434.183
432.750
433.116
433.614
432.856
433.580
434.204
433.689
432.851
431.496
430.000
430.824
430.163
430.278
433.190
431.434
434.939
433.783
432.146
433.202
432.320
432.012
430.130
428.999
431.551
433.056
429.354
432.729
430.806
431.734
429.848
431.036
430.233
430.269
432.744
430.549
429.144
431.177
433.329
431.271
430.322
430.274
433.093
432.929
429.940
431.632
432.757
430.761
431.393
431.287
432.836
431.450
430.379
427.512
429.990
432.717
430.077
431.274
431.728
431.589
430.371
431.240
431.741
433.313
431.803
431.460
432.398
430.928
431.610
432.626
432.733
431.315
429.204
430.752
431.879
431.023
431.539
434.042
433.322
430.594
431.254
430.523
432.722
431.540
431.024
429.981
432.015
431.744
429.440
433.129
432.788
430.939
429.878
431.632
431.583
434.022
431.092
431.059
430.915
428.679
430.111
431.868
430.955
430.773
432.049
433.541
432.394
433.554
431.831
432.778
430.645
431.956
429.744
429.645
432.893
431.274
432.921
430.806
432.677
432.495
432.799
429.752
430.921
430.196
431.986
428.593
431.158
432.532
429.838
430.637
434.362
433.871
429.897
432.736
433.833
433.098
433.063
432.067
431.296
431.366
430.311
431.568
431.645
431.296
429.967
434.182
431.773
430.610
432.638
430.764
431.234
430.722
430.914
431.863
431.149
432.167
431.003
430.149
430.311
430.178
433.530
433.179
430.304
430.712
429.174
430.851
429.331
430.490
433.403
431.814
429.086
431.691
432.458
430.821
431.284
430.053
432.135
432.832
432.413
434.722
431.962
431.296
431.650
431.198
430.070
431.941
433.344
431.108
432.091
432.682
428.410
430.833
433.501
431.185
433.497
432.023
432.494
433.695
428.812
430.727
432.729
431.594
432.741
431.614
429.864
431.454
433.061
434.283
431.698
430.711
432.292
431.896
431.751
431.210
430.217
431.568
431.439
430.895
432.086
428.902
429.942
431.479
430.446
433.667
430.988
430.524
430.773
431.875
435.977
432.496
430.510
431.040
431.019
430.979
431.632
431.542
433.433
432.476
431.927
433.694
433.114
433.004
431.808
433.440
433.719
430.337
433.484
433.310
432.295
433.576
432.777
432.795
432.234
432.727
429.459
432.513
431.931
434.208
432.993
433.551
431.799
431.532
431.502
431.427
431.573
431.491
433.345
433.030
431.761
432.199
434.666
431.609
432.207
430.959
432.203
430.904
432.896
430.046
432.850
431.569
432.579
431.470
433.212
429.504
431.208
432.530
433.734
431.045
431.048
431.543
432.474
431.561
432.574
434.957
433.046
432.079
431.051
432.458
432.257
432.366
434.057
432.499
430.796
431.028
430.781
430.469
430.068
430.363
430.709
431.001
430.815
431.753
431.312
433.204
434.073
433.788
432.623
435.546
432.864
433.267
431.616
431.548
432.011
430.935
431.499
431.551
432.385
432.751
430.916
430.482
431.341
431.137
431.767
429.098
433.174
429.375
430.200
429.008
432.203
430.652
431.215
431.247
433.485
431.680
431.308
433.348
431.612
433.693
432.439
433.796
431.941
432.930
430.599
431.057
429.739
430.983
429.993
430.283
431.113
432.449
431.337
430.297
431.241
432.428
432.569
431.065
431.628
433.197
433.903
430.337
433.049
431.403
430.349
431.452
432.329
431.863
432.284
432.683
432.535
430.232
431.234
432.033
432.173
429.133
429.253
431.215
431.129
432.830
433.184
431.812
432.583
432.653
432.734
430.800
431.238
429.887
430.744
430.641
430.223
431.084
431.946
433.926
434.758
432.707
433.174
430.448
427.763
431.085
431.521
431.907
431.996
431.170
430.629
431.449
432.946
433.182
432.623
432.436
430.219
432.035
431.331
430.121
430.812
432.651
433.041
433.403
431.066
432.272
431.992
432.288
431.888
433.067
432.203
432.352
432.819
429.746
429.993
431.234
432.466
430.564
430.644
431.247
430.492
431.169
432.809
431.982
431.769
432.307
430.623
432.490
433.365
432.172
433.059
434.721
432.125
430.159
431.440
432.177
430.501
430.941
431.559
433.202
432.200
431.352
431.041
430.859
433.106
434.613
434.248
430.776
433.106
430.200
427.716
428.862
431.578
429.461
429.157
430.906
431.663
430.813
429.474
430.473
428.156
429.754
430.638
430.194
429.987
432.395
430.923
431.603
428.820
432.107
434.491
433.868
431.695
432.102
432.054
434.777
432.437
432.082
430.532
430.754
429.699
429.515
431.684
430.790
429.229
429.849
431.091
428.564
430.131
430.459
431.256
432.858
432.129
432.342
430.806
433.959
431.671
430.773
430.816
431.299
431.519
430.783
429.973
433.624
434.007
430.490
432.251
432.069
433.804
431.041
431.117
430.636
432.170
433.270
432.953
431.569
432.041
432.498
433.171
431.854
430.940
431.018
432.168
434.317
432.171
434.817
433.635
431.770
430.357
431.525
432.927
432.877
434.633
432.154
432.247
432.245
430.956
431.572
429.440
430.404
432.133
432.226
431.755
431.844
432.566
431.021
429.896
431.843
432.950
431.986
433.591
432.854
432.554
434.853
432.040
432.336
433.089
433.529
431.785
435.953
435.225
432.681
432.081
434.079
434.499
433.560
432.994
431.480
432.335
430.901
430.148
430.396
432.046
434.127
434.433
430.524
432.515
431.967
430.181
431.717
432.370
434.853
434.257
432.665
434.227
432.390
433.812
431.265
434.018
432.027
433.763
432.065
432.189
432.265
432.871
432.650
434.972
433.526
432.222
432.717
432.057
433.048
432.767
434.221
433.125
432.893
434.446
436.094
434.451
433.353
433.379
435.032
433.420
434.592
431.176
432.103
431.063
432.687
432.342
431.794
429.442
432.857
429.878
430.125
431.990
432.244
432.426
432.555
431.601
431.013
431.113
432.089
433.757
431.760
432.123
432.099
433.022
434.034
432.067
431.078
431.874
430.286
432.772
430.275
431.395
433.793
432.218
433.071
431.728
431.802
430.838
432.671
435.259
433.246
433.736
433.808
432.343
432.303
430.591
431.137
434.275
432.682
429.959
431.216
431.772
433.429
433.183
431.902
432.413
431.392
432.798
431.041
432.157
430.742
430.843
430.479
430.665
431.948
429.117
433.259
429.238
433.192
431.579
431.729
431.603
432.574
430.530
430.903
429.234
430.285
432.473
430.521
432.015
432.217
430.052
432.414
429.842
430.039
433.766
431.597
433.018
431.067
430.704
429.468
432.627
429.810
431.415
432.159
430.926
430.348
430.790
432.683
431.062
433.115
431.732
431.746
429.488
429.412
430.477
432.320
432.830
430.879
431.767
428.710
431.100
430.994
433.024
432.435
432.991
433.573
433.941
432.439
433.137
432.250
430.697
433.683
432.131
432.998
433.621
431.614
432.646
430.868
433.300
432.065
431.512
431.954
430.061
431.445
429.022
429.922
431.282
430.626
433.068
431.865
430.062
432.269
433.697
431.991
430.276
430.630
432.589
432.609
431.974
431.560
431.794
432.781
433.117
432.724
434.019
433.462
431.810
432.808
430.673
431.564
432.347
430.295
430.416
430.195
432.819
434.084
432.941
432.563
431.277
431.985
430.342
430.231
430.467
434.243
431.717
430.519
431.144
431.602
430.268
431.356
431.890
435.044
432.340
430.561
431.535
430.775
432.456
430.578
430.710
433.163
434.378
435.167
434.765
435.692
434.828
432.664
433.477
432.872
433.070
432.482
434.421
432.810
432.561
433.554
433.127
432.334
434.018
433.423
433.773
433.546
435.352
431.076
431.604
431.636
432.902
433.694
431.711
433.643
434.837
431.325
431.216
432.630
431.312
432.418
434.509
433.496
434.442
429.964
431.824
431.248
431.412
431.270
433.846
430.067
431.770
431.790
432.977
430.624
430.380
431.153
433.570
432.253
433.871
430.881
431.648
430.143
429.954
430.466
430.982
432.490
432.590
433.422
435.546
434.857
434.546
433.003
432.980
432.474
431.228
432.933
432.908
434.230
433.903
433.955
432.481
431.047
431.435
433.499
432.596
432.687
430.606
432.876
431.473
430.330
432.780
431.218
431.723
432.092
431.113
431.975
430.612
430.083
431.185
432.244
431.606
434.610
431.140
432.044
430.657
433.878
434.652
433.195
434.074
433.356
434.100
433.178
435.051
433.969
431.738
433.972
431.443
429.443
431.537
432.073
430.907
432.136
430.853
429.979
428.749
430.719
431.155
432.806
431.340
430.729
432.605
432.310
431.491
431.146
430.534
429.011
431.506
429.308
431.682
430.323
431.675
429.100
432.263
431.035
429.841
431.428
430.262
430.723
431.693
434.440
430.254
431.326
432.354
433.359
433.579
432.407
431.605
433.911
430.847
431.904
432.872
430.925
431.611
431.384
432.564
432.435
430.227
433.157
432.062
431.122
431.902
432.768
431.313
432.085
432.870
431.911
433.255
432.459
431.017
429.620
432.237
430.559
431.639
431.118
431.684
431.585
431.721
434.581
434.213
433.061
434.880
432.588
432.729
431.747
430.380
432.042
431.926
430.918
430.143
431.311
431.736
432.159
432.280
431.651
431.015
432.512
431.742
431.568
431.825
431.593
430.441
432.087
434.111
432.596
432.940
432.923
434.899
430.733
430.118
433.103
430.264
432.270
431.436
434.115
432.420
431.275
430.101
431.346
431.481
431.855
432.539
432.526
429.946
431.908
431.413
430.878
430.956
432.155
432.409
433.998
430.678
429.391
434.043
432.306
433.045
431.904
432.689
431.314
429.901
431.533
429.423
429.038
432.876
430.212
432.541
431.113
429.996
429.406
431.989
431.855
431.698
431.243
430.855
434.155
431.967
430.379
431.334
431.346
432.965
432.732
431.965
431.606
429.513
431.013
429.021
431.533
431.474
431.003
432.037
432.232
432.346
431.759
429.509
431.820
432.119
430.894
431.072
430.450
430.896
432.032
431.571
430.418
433.488
433.013
431.570
431.005
430.318
430.167
432.760
432.730
432.045
429.227
431.656
430.386
432.295
433.851
431.961
431.053
431.438
433.407
434.085
432.866
432.507
430.274
433.792
433.432
432.729
431.619
431.259
432.467
433.257
431.903
429.437
432.497
435.116
431.986
434.031
432.805
429.566
430.408
431.636
434.028
431.877
432.418
433.148
433.443
431.008
431.089
431.610
431.555
432.418
433.084
431.095
431.931
431.541
430.928
432.668
429.831
431.142
431.450
431.084
430.400
430.502
431.993
431.157
432.514
432.003
433.217
430.785
432.529
432.683
431.310
431.108
431.023
431.456
431.492
433.124
434.194
430.047
433.674
431.822
432.406
431.047
432.305
434.750
433.955
432.419
433.724
432.384
432.278
430.408
431.655
431.279
431.718
437.207
431.529
433.108
430.486
432.552
433.211
433.846
432.993
431.829
432.564
432.035
431.577
430.889
431.165
430.729
429.304
431.210
431.340
432.655
431.515
431.683
431.387
431.678
434.076
434.262
431.399
432.466
430.821
430.975
431.668
434.819
433.008
431.249
435.038
432.962
434.409
433.300
434.353
431.038
432.706
430.364
432.696
431.271
432.880
431.742
428.808
432.660
431.554
433.046
432.391
434.324
432.210
430.553
432.093
431.399
431.748
431.816
432.864
431.619
433.792
432.018
432.602
434.521
432.803
431.263
432.353
432.508
432.464
430.488
432.546
432.013
431.217
431.799
431.241
433.707
432.005
432.118
430.509
430.722
428.707
431.295
431.245
433.563
432.672
432.936
432.528
434.188
434.221
430.221
431.315
431.812
430.694
430.622
431.079
433.650
432.490
429.188
429.935
430.015
430.422
432.860
431.647
434.392
434.317
432.813
432.590
432.484
432.339
432.194
432.070
431.637
430.550
431.738
430.899
430.537
432.561
430.558
431.490
431.388
431.704
432.621
432.917
431.413
430.398
433.110
431.867
431.320
431.086
431.570
431.452
432.093
432.149
432.490
430.445
430.318
429.799
430.909
434.568
433.462
431.652
429.270
429.842
431.084
432.231
430.666
431.223
430.019
431.107
431.725
431.176
432.049
431.659
430.552
432.191
430.901
430.768
429.261
433.753
433.121
431.915
432.369
431.492
431.611
432.375
433.861
431.718
433.960
435.132
433.731
431.934
431.679
433.616
431.116
429.914
432.603
431.727
430.782
432.729
434.247
434.521
431.344
431.621
431.810
430.617
429.322
431.121
430.000
429.076
427.601
429.276
428.204
432.384
431.663
432.461
431.360
431.870
429.843
431.094
432.243
430.985
431.685
430.495
431.498
430.790
432.568
432.060
430.896
429.507
432.557
432.782
430.977
429.786
431.272
430.163
430.064
431.282
432.077
432.148
433.470
434.688
433.966
431.416
432.597
432.446
433.281
431.713
434.212
429.746
430.898
431.825
432.541
434.717
430.376
432.979
432.892
432.271
431.897
432.663
432.118
432.579
431.573
430.089
430.477
433.839
431.253
431.884
430.846
432.569
430.698
434.429
434.934
433.824
432.331
432.854
430.943
433.884
430.601
432.046
431.731
432.347
433.577
432.226
433.282
431.928
432.537
433.037
430.598
431.512
432.879
432.136
433.185
435.023
431.220
433.526
435.109
432.979
433.404
430.978
432.828
435.371
434.774
430.328
428.527
431.614
433.255
433.077
431.922
431.452
433.717
432.863
431.101
433.405
430.399
430.626
432.213
428.684
429.253
429.659
428.672
427.132
430.455
432.607
431.955
431.872
433.310
431.655
431.118
434.102
431.187
432.165
432.471
431.075
433.066
431.972
430.688
431.377
430.801
430.667
431.358
431.109
431.525
433.034
433.086
435.383
431.192
434.877
431.387
430.860
431.633
433.673
430.588
430.541
430.799
434.722
433.138
434.892
428.490
428.949
431.964
433.324
433.104
432.351
434.525
432.658
433.251
432.241
431.517
434.412
430.590
431.707
435.031
432.421
433.335
430.702
432.412
432.615
430.134
429.854
430.459
429.711
430.964
433.286
430.165
431.739
432.087
433.465
429.973
431.191
432.959
431.132
431.525
431.243
429.378
429.346
433.755
431.386
432.773
429.359
431.892
432.276
431.549
430.980
431.028
433.288
431.414
430.547
431.542
432.124
433.101
432.093
433.421
432.808
430.459
430.008
433.364
431.402
431.087
433.027
432.164
431.706
432.387
430.735
429.432
428.640
432.044
433.011
430.525
429.444
431.798
431.813
432.072
430.227
430.750
432.536
432.544
431.413
431.907
432.474
433.202
431.229
431.822
430.797
433.247
430.937
431.652
433.290
431.658
432.386
432.827
431.839
431.491
431.906
430.936
434.246
432.582
431.199
430.452
432.267
431.665
432.712
430.307
429.997
430.326
432.420
431.299
432.137
433.423
431.054
431.572
430.246
432.652
432.287
432.202
429.458
428.116
433.294
433.777
432.046
432.741
433.851
430.645
429.970
431.677
430.970
430.424
432.498
431.516
427.448
432.740
432.125
432.350
431.387
431.297
429.051
430.539
428.914
428.809
430.576
429.206
430.733
431.574
431.780
430.109
431.130
430.392
431.416
430.657
431.337
433.097
434.710
433.430
430.600
432.594
432.785
430.148
428.077
430.983
431.298
431.177
428.826
430.688
432.363
433.156
431.170
431.060
430.673
432.696
431.358
430.187
430.608
430.988
430.621
430.493
431.919
431.387
434.543
433.151
435.245
431.358
433.283
432.474
431.529
433.041
430.899
431.880
431.930
430.310
430.838
431.919
431.140
429.650
430.847
427.892
432.866
430.071
432.210
431.160
431.359
432.264
430.399
430.402
431.291
431.279
432.247
432.235
432.341
431.838
432.016
430.811
431.775
433.085
431.412
431.479
430.764
433.611
433.585
430.894
431.993
434.368
431.833
432.249
433.424
431.968
432.856
432.221
430.957
433.015
431.887
431.536
433.366
431.636
433.110
429.525
429.513
430.694
431.788
433.383
431.790
432.252
433.132
433.533
432.470
430.778
433.007
432.521
432.540
431.942
433.071
431.097
433.095
430.182
431.361
430.593
431.637
431.929
434.117
433.419
435.316
431.681
433.019
432.159
432.224
433.136
429.244
432.494
431.998
433.390
433.578
435.153
434.750
432.922
433.170
431.763
432.688
434.649
433.176
435.005
434.627
434.030
433.291
431.423
430.776
430.495
432.473
432.474
432.406
433.409
431.285
432.848
434.148
430.858
433.547
432.551
433.128
434.966
433.559
431.853
429.560
430.043
431.193
431.042
431.252
431.256
434.547
433.299
431.548
434.574
432.274
433.526
432.197
430.507
434.572
432.199
433.901
431.723
431.095
431.641
431.583
429.599
431.688
433.427
432.338
430.138
434.605
431.289
432.725
432.413
432.486
432.349
432.845
430.548
432.113
432.253
430.707
432.186
431.756
433.471
429.941
432.402
431.466
429.708
428.572
431.585
430.796
432.396
433.938
431.285
431.726
430.258
432.826
429.807
429.682
431.925
431.667
433.486
430.544
432.630
432.790
431.423
429.338
430.265
429.369
429.488
431.214
429.567
431.931
431.125
432.973
432.266
432.626
432.119
431.521
432.901
433.831
432.459
431.421
431.110
430.955
431.949
432.134
433.071
430.517
429.032
428.086
432.068
431.719
434.236
430.993
432.161
432.647
429.272
430.818
431.222
431.145
432.622
432.081
432.345
431.843
429.703
431.277
432.366
432.410
431.583
433.053
432.000
430.330
431.633
431.032
431.758
432.131
430.111
431.149
431.280
431.227
431.935
434.965
433.398
432.859
431.050
431.289
430.538
430.621
429.514
430.801
430.853
431.723
432.261
433.837
432.550
431.400
433.543
432.195
430.219
432.931
434.189
432.703
430.843
431.828
432.528
430.809
432.106
432.436
433.709
434.332
433.659
432.727
431.765
432.074
429.441
431.992
430.666
431.956
430.437
432.072
433.150
431.645
431.894
431.382
430.556
430.221
430.178
434.999
431.208
433.731
431.054
432.794
430.979
433.020
431.738
431.186
431.545
431.962
431.445
431.157
433.455
433.665
431.075
434.115
431.888
430.030
432.504
430.384
433.022
433.631
431.050
432.342
434.323
432.879
429.798
433.164
431.773
429.130
428.642
433.187
432.514
432.930
433.612
431.704
431.653
430.252
430.348
431.972
432.066
430.686
429.521
430.136
429.718
429.239
430.229
431.650
431.559
429.433
430.154
433.160
433.876
431.124
432.095
432.232
432.869
433.642
430.132
433.653
434.214
431.471
431.128
432.803
431.931
432.974
429.979
430.881
429.327
432.352
433.164
432.931
428.648
430.064
431.570
431.127
430.983
430.925
432.198
430.216
429.204
429.900
431.201
430.409
431.643
431.332
430.689
431.081
431.018
431.998
432.366
428.766
430.901
431.204
428.801
430.041
429.943
430.094
433.174
432.053
432.920
432.407
431.865
430.195
434.608
433.283
431.934
432.778
433.306
430.927
431.454
432.732
433.689
433.874
432.149
434.039
431.438
432.985
429.473
432.894
431.034
432.130
434.061
431.741
432.359
433.029
432.629
433.356
432.654
433.968
433.403
435.463
432.654
429.928
429.205
430.773
432.924
432.009
436.459
434.212
433.584
431.892
432.548
432.855
435.376
431.215
432.045
432.135
432.521
432.333
431.469
433.186
432.505
431.946
431.484
431.186
431.490
432.288
431.201
429.852
432.042
433.235
432.850
430.563
433.052
432.764
433.352
432.020
429.631
433.451
429.485
430.799
427.761
431.541
429.993
432.970
432.331
433.941
432.386
432.534
430.455
433.486
429.939
432.031
431.355
433.509
433.740
433.146
431.429
432.589
431.829
433.529
429.571
430.908
431.624
431.807
430.747
431.033
431.434
431.375
431.469
431.472
430.630
434.325
432.130
433.478
434.556
432.848
434.156
434.083
432.717
433.520
433.142
431.537
433.147
434.140
435.378
433.004
433.506
433.438
429.981
432.376
430.519
431.381
432.580
429.989
430.248
430.925
432.983
435.350
434.255
435.628
433.810
430.834
431.938
434.183
435.638
435.080
434.473
434.745
434.783
434.843
433.134
433.073
431.385
434.671
432.486
433.521
430.765
430.497
432.956
431.114
431.180
430.291
433.158
432.210
430.872
432.285
433.097
433.275
431.741
429.425
431.171
432.262
433.865
431.880
432.333
432.510
430.369
430.433
432.364
431.685
431.048
431.311
431.623
432.638
433.682
431.882
433.656
432.162
432.472
435.383
432.685
430.504
430.797
432.261
432.563
430.451
431.787
430.885
434.323
430.736
432.665
433.500
432.386
433.955
432.611
431.558
430.728
432.540
429.730
431.877
432.783
429.888
429.820
430.776
430.222
431.399
432.607
433.982
432.941
433.682
430.904
432.890
432.421
431.575
430.246
433.318
430.698
431.117
430.203
431.365
430.886
432.089
431.838
432.327
431.185
433.201
431.561
432.133
431.427
434.814
429.553
433.326
431.105
432.564
429.988
430.288
429.266
432.786
430.494
431.722
431.138
432.579
430.618
429.596
429.259
432.637
432.096
431.242
431.340
432.528
434.249
433.925
432.064
434.355
432.863
434.184
433.506
433.855
431.857
433.586
431.335
430.045
429.705
430.175
430.809
428.687
430.188
429.421
431.086
428.657
431.513
431.595
431.876
433.055
430.730
429.313
431.772
430.052
430.369
431.733
431.092
429.483
431.054
431.845
431.185
430.355
428.848
430.281
432.503
432.994
432.512
432.578
431.379
434.953
432.190
432.294
432.967
433.608
433.026
431.046
433.046
431.797
431.074
430.892
428.833
430.523
431.077
431.091
430.731
430.135
433.246
431.727
433.370
430.376
432.753
432.332
432.437
434.917
432.897
432.852
433.453
429.025
430.897
429.741
432.775
430.924
433.196
432.510
432.261
434.293
430.469
430.857
430.245
431.718
430.648
430.722
430.593
430.625
432.042
432.280
430.841
431.242
431.105
432.845
429.257
433.224
432.250
430.832
431.573
431.047
432.810
430.366
429.195
433.725
433.939
430.837
431.618
432.192
432.031
435.648
434.128
434.322
432.423
434.438
430.286
431.261
431.412
431.811
431.384
433.010
431.073
433.118
431.840
434.043
432.003
429.978
431.954
432.530
431.947
435.503
432.609
432.617
431.969
429.494
432.171
431.737
433.931
431.250
432.461
431.779
428.887
431.818
431.976
433.818
431.865
431.015
429.918
430.425
431.086
433.694
431.659
432.703
431.460
433.983
432.290
430.395
433.629
432.024
430.986
432.489
433.318
434.390
433.245
433.699
431.491
433.331
433.314
434.420
429.531
432.118
434.405
432.563
432.493
433.441
432.447
431.024
431.151
432.178
430.858
431.711
429.287
432.534
430.108
431.119
432.001
432.267
433.397
433.609
431.949
431.954
431.141
431.191
431.556
431.268
432.893
431.194
435.126
432.978
431.430
434.750
435.034
434.680
433.625
434.418
433.232
433.306
433.113
434.513
433.207
433.560
431.042
431.127
429.518
429.043
429.862
430.543
431.228
430.784
431.920
433.619
433.310
430.199
430.520
431.742
431.822
432.287
433.409
433.737
435.193
435.008
431.197
433.512
431.326
433.179
432.808
430.855
432.908
430.758
431.168
431.205
432.756
430.529
431.900
433.160
433.818
435.863
431.639
434.975
432.344
434.953
432.818
433.556
431.523
432.392
432.986
432.966
432.337
432.883
433.095
432.038
430.935
432.021
431.131
432.505
434.366
433.641
433.782
430.929
433.138
431.121
431.282
431.565
432.328
431.795
431.283
432.392
432.695
433.623
432.823
431.616
431.649
433.479
432.467
431.617
431.455
431.764
432.298
431.646
432.364
433.956
432.290
431.052
432.111
433.751
433.563
431.927
431.525
429.678
433.718
434.424
433.405
431.722
431.865
432.266
432.461
432.799
432.909
432.748
433.028
430.641
432.253
432.775
431.267
430.502
432.279
432.575
433.370
431.246
430.303
429.907
432.706
432.922
431.936
432.599
433.502
432.006
432.529
429.552
428.626
431.668
429.670
428.002
432.182
431.835
435.335
431.791
429.199
433.236
429.632
431.446
432.854
431.719
432.334
431.253
433.822
431.715
433.049
433.488
430.752
431.265
433.142
433.465
432.086
431.142
432.976
430.504
431.117
433.378
435.331
431.218
427.482
429.880
430.229
431.342
431.207
431.903
432.161
433.223
433.490
432.278
431.878
433.857
433.107
433.467
434.408
431.906
433.251
432.923
432.769
433.374
432.766
432.228
430.228
431.595
432.397
434.263
431.769
432.810
432.238
431.773
430.069
431.360
430.850
432.169
431.273
431.256
431.455
433.119
430.836
431.369
431.108
434.707
430.793
431.955
430.280
431.318
431.299
432.353
433.038
431.914
431.576
428.838
431.953
431.659
432.409
434.219
431.972
432.588
431.668
431.882
431.449
433.036
431.925
431.716
433.132
432.131
432.611
430.713
431.466
430.291
431.507
431.498
434.143
433.284
432.759
433.434
435.119
431.889
430.510
429.543
430.097
431.526
