419.658
421.917
421.075
420.777
418.543
418.724
421.977
419.589
417.268
417.751
418.533
418.767
420.291
417.950
419.046
420.299
422.604
420.496
419.844
418.836
420.640
419.918
421.162
418.436
417.745
419.588
420.449
420.918
420.128
420.435
419.176
419.765
420.307
418.504
418.804
420.183
420.176
420.223
420.285
418.720
418.271
417.952
416.700
418.031
420.710
420.135
417.938
418.745
417.923
418.428
420.464
418.628
419.588
417.839
418.207
420.884
420.396
419.462
418.352
419.086
421.836
418.035
418.516
418.944
418.011
419.797
420.768
419.719
417.061
419.982
419.438
418.163
419.870
420.117
419.857
418.223
417.787
419.546
419.888
420.206
417.600
422.024
419.883
417.845
419.154
418.617
419.022
419.027
420.472
421.751
419.667
419.623
419.057
420.018
419.877
421.166
417.797
418.404
419.226
419.107
418.214
420.991
419.604
423.798
421.362
420.086
423.196
420.628
422.827
419.476
420.871
420.143
418.087
421.080
419.573
422.241
420.612
421.025
420.597
418.824
418.295
420.255
419.130
421.729
420.465
421.326
421.023
419.679
418.292
419.916
417.897
418.298
419.190
419.789
418.980
420.027
420.486
420.127
419.877
419.512
417.315
421.094
421.950
421.174
420.561
417.835
419.971
419.542
416.731
419.332
420.077
419.498
419.580
418.466
418.718
418.357
419.100
418.287
416.844
415.569
416.951
418.337
418.629
418.311
418.393
419.567
416.890
416.872
418.213
418.733
419.466
419.400
421.414
419.121
419.780
417.658
419.470
419.885
418.703
419.116
419.689
419.371
419.700
418.163
420.868
420.614
421.219
421.735
422.843
422.054
420.789
420.039
422.054
419.689
418.563
420.901
420.724
421.227
418.551
420.768
419.792
419.274
419.486
419.027
418.394
416.271
419.562
418.901
420.110
422.989
421.423
422.469
421.376
419.980
421.792
421.073
419.790
419.760
422.852
420.369
421.455
421.339
421.335
420.518
420.013
422.477
424.049
420.283
421.712
422.164
421.109
422.604
421.885
421.259
422.806
421.259
418.989
421.032
421.129
420.921
422.143
421.935
421.162
419.644
418.352
419.194
420.766
423.388
419.774
420.746
419.244
422.289
421.361
418.693
418.445
421.425
421.615
422.250
419.167
421.582
419.505
421.017
422.521
420.852
420.710
421.660
420.109
420.897
421.233
420.565
421.810
419.884
419.206
421.912
421.835
424.012
421.526
421.998
419.812
420.320
418.831
419.666
421.542
419.817
419.178
420.807
418.185
419.730
418.841
421.018
421.143
418.052
422.460
419.021
420.180
421.094
419.778
420.184
418.768
417.989
417.037
418.776
418.995
420.434
421.575
419.298
419.396
419.888
422.107
421.314
420.666
422.064
421.535
421.362
420.897
423.259
420.781
422.140
420.800
420.159
419.026
420.304
421.207
421.074
418.579
420.763
418.480
419.387
418.536
420.840
421.397
422.540
420.814
420.453
419.448
421.206
423.213
421.590
420.951
418.100
418.905
419.643
417.491
418.470
420.286
419.475
419.584
418.911
418.430
420.747
421.728
421.319
420.766
419.337
418.353
420.560
419.378
418.379
419.919
420.644
418.765
418.487
420.494
419.575
419.925
419.140
422.824
420.707
419.538
420.325
418.977
418.247
417.613
417.906
420.427
420.735
420.674
420.380
421.143
421.751
421.417
419.836
417.623
418.479
418.557
417.408
419.198
418.385
418.523
418.757
418.313
419.610
418.982
419.537
419.260
419.740
420.620
419.127
419.260
419.898
418.891
421.071
421.226
420.412
420.487
417.752
419.180
420.961
419.127
419.278
418.871
420.505
422.084
420.707
420.924
419.929
419.431
419.644
419.439
418.608
420.753
417.789
419.929
419.893
422.479
420.818
420.013
418.980
417.571
418.759
418.949
419.482
419.571
417.125
418.111
416.736
419.027
420.410
421.660
419.433
420.080
418.437
418.230
418.067
418.070
419.662
420.014
417.594
417.727
420.932
417.664
419.755
420.613
420.511
419.287
421.021
420.146
421.749
422.663
422.027
419.018
420.327
420.164
419.353
418.411
420.718
420.168
417.639
420.249
421.381
421.178
421.342
420.666
420.276
420.828
420.884
421.637
418.025
418.333
419.938
420.468
419.701
421.521
421.522
421.020
420.913
421.402
419.446
419.811
421.666
418.957
419.180
419.648
421.212
418.077
419.374
418.852
423.633
420.396
420.985
420.936
418.314
420.077
420.396
417.763
420.448
420.101
421.076
419.127
420.033
421.220
419.343
418.702
419.080
419.097
421.549
422.738
422.735
421.595
420.606
420.580
420.593
420.161
419.105
419.788
419.899
419.543
421.843
418.447
419.204
420.428
420.866
420.655
419.670
421.496
419.537
420.808
419.851
420.135
420.097
420.384
418.024
420.947
418.090
419.668
420.985
419.815
418.911
419.309
418.978
418.719
417.716
420.440
420.084
419.402
418.827
420.250
419.296
418.770
419.100
418.156
417.843
418.107
419.082
419.630
419.033
416.543
419.130
419.226
418.767
418.042
418.643
419.093
418.391
417.664
419.252
420.297
419.253
417.245
419.740
419.832
418.414
419.616
420.376
420.595
418.685
420.080
419.909
421.549
419.838
418.814
419.449
418.391
419.103
418.383
418.869
421.297
420.673
420.126
419.246
418.143
420.267
420.438
416.814
417.347
419.137
419.144
420.424
423.119
421.379
420.314
421.065
421.584
418.866
417.582
420.172
419.686
421.468
417.353
419.016
418.773
420.093
418.846
418.504
419.261
418.038
418.628
419.350
419.094
422.398
422.475
420.403
418.798
419.658
419.568
419.675
420.952
420.532
420.878
418.752
419.187
421.485
420.507
420.983
418.254
418.475
420.108
421.351
419.772
420.828
419.763
422.575
422.688
423.564
421.113
420.904
420.732
419.677
418.934
421.397
421.000
418.741
419.780
421.135
419.599
419.032
420.014
421.798
419.144
422.531
420.467
421.066
419.712
419.887
421.766
420.446
420.922
422.087
419.030
420.115
419.411
419.961
420.218
419.957
419.259
417.885
418.125
420.512
418.021
418.198
418.654
420.302
420.349
418.913
418.241
419.633
419.152
418.585
419.625
420.394
419.875
419.054
418.884
419.225
420.036
419.877
418.118
420.521
419.103
420.745
419.656
419.366
421.523
419.638
419.114
421.537
418.928
421.362
420.286
419.720
419.254
418.764
420.358
421.406
418.034
419.583
420.364
418.695
417.871
418.492
418.651
419.341
420.183
417.338
417.251
417.984
419.295
418.383
419.673
423.052
418.680
419.515
421.577
420.271
420.570
420.045
421.104
419.407
420.536
420.672
419.790
420.629
420.716
419.938
420.447
421.061
420.838
420.612
421.972
421.630
422.420
421.005
420.656
422.443
420.918
420.070
418.570
417.398
419.743
419.040
420.993
420.128
419.740
419.849
419.141
420.780
419.502
422.009
419.980
420.223
421.058
421.972
420.891
421.313
421.629
419.744
419.049
419.787
421.032
419.179
419.146
420.747
422.212
420.296
418.456
418.823
421.756
420.451
419.963
418.796
418.606
420.377
420.348
419.901
420.378
419.680
419.152
420.609
420.310
420.305
419.658
417.999
418.854
417.906
420.001
420.986
418.847
420.270
420.132
418.585
417.413
418.252
419.306
419.111
421.089
420.107
419.637
419.803
420.567
421.087
421.556
420.113
421.477
419.492
420.339
421.403
420.564
419.324
420.037
418.992
419.590
420.964
419.576
418.025
418.370
418.339
418.221
417.849
421.200
419.393
418.346
418.551
420.669
419.756
418.590
418.531
419.401
418.414
419.524
418.559
418.974
419.369
420.156
420.145
419.446
418.563
420.277
419.529
419.917
417.639
419.912
419.931
420.692
420.631
420.086
419.945
419.487
417.761
421.092
420.790
419.541
422.923
418.769
420.429
418.814
419.722
417.514
419.233
418.529
417.238
417.821
417.865
420.574
421.492
420.952
416.802
419.326
421.634
420.477
421.752
420.184
419.238
419.123
417.031
421.262
420.430
420.043
420.555
419.325
422.048
420.060
421.564
421.860
420.069
418.079
421.395
420.498
420.112
419.513
418.783
420.174
419.529
416.117
418.121
418.365
419.257
419.126
421.185
417.519
418.241
420.064
418.348
418.943
419.149
419.500
420.044
418.836
420.508
421.737
419.427
419.171
422.803
422.297
421.524
419.760
421.809
419.067
419.578
418.804
421.999
419.637
420.470
419.271
418.397
421.222
421.256
419.641
419.712
420.004
419.635
418.089
417.120
419.851
420.541
417.698
419.597
419.249
420.143
419.181
421.583
420.320
418.359
419.252
420.012
420.491
417.956
419.666
419.866
417.966
417.160
419.489
419.905
420.235
418.284
418.846
419.612
420.755
418.192
417.823
417.504
418.587
419.383
420.041
421.193
418.093
420.001
419.688
420.261
421.390
420.596
421.180
422.645
419.915
419.498
421.472
418.453
417.330
418.063
419.774
417.690
419.101
418.483
419.762
419.351
421.012
420.159
420.903
422.109
420.803
419.271
419.307
417.365
419.961
418.761
421.506
418.877
419.484
419.718
421.368
419.468
422.200
418.937
420.480
417.369
419.226
420.372
420.225
420.119
420.983
420.152
419.419
421.082
418.918
419.785
419.226
421.042
420.947
420.457
419.705
419.000
419.835
419.994
419.202
419.450
419.871
420.085
420.658
420.238
419.631
420.254
419.516
420.797
423.558
422.840
420.672
418.279
418.057
419.963
420.379
419.144
420.310
420.192
420.947
420.154
419.640
418.015
421.014
418.454
419.460
421.516
419.497
421.707
421.507
422.802
420.178
419.514
422.027
421.141
421.705
420.906
421.387
420.648
420.189
420.813
418.940
419.337
418.798
418.187
420.830
420.934
418.473
418.690
418.277
419.163
421.454
421.821
418.823
417.245
420.772
419.870
418.702
420.274
419.160
420.306
418.832
418.908
417.563
419.511
418.385
421.691
420.593
419.675
418.565
420.104
418.691
419.444
419.139
418.544
417.630
417.936
419.082
419.771
420.249
421.275
421.956
423.605
420.114
417.113
417.968
420.113
418.413
419.043
422.316
421.691
419.004
419.617
420.621
421.482
419.858
421.700
421.135
418.291
417.715
418.005
419.047
417.050
419.570
420.122
417.083
417.700
419.132
419.733
420.568
420.371
418.837
420.221
419.852
418.141
422.976
420.492
420.826
421.420
419.217
419.191
420.243
418.581
419.441
420.747
419.102
419.678
421.116
420.234
420.885
420.010
417.755
419.551
420.301
420.773
420.932
419.658
418.263
419.422
423.048
423.008
419.503
419.706
420.421
420.376
422.810
423.849
421.125
419.283
419.165
422.542
418.109
417.911
418.999
419.664
418.550
417.984
421.602
422.051
419.963
419.612
417.782
420.875
420.943
419.980
421.589
421.624
421.708
418.389
421.035
419.316
417.535
420.199
420.578
420.133
420.941
421.336
421.965
419.705
420.865
418.384
419.388
420.048
420.059
419.975
421.549
418.654
419.814
419.166
420.934
420.904
421.257
418.728
420.763
418.261
420.452
419.574
421.692
421.909
418.386
419.753
419.808
422.346
421.045
417.662
419.010
418.114
418.254
419.738
420.038
419.161
419.593
420.298
418.829
421.061
419.440
418.414
418.817
420.688
422.003
419.248
420.077
421.740
419.695
420.639
419.575
420.151
419.110
417.536
417.211
418.216
419.520
420.880
421.151
421.174
422.698
420.145
419.793
421.743
419.009
419.035
417.680
418.254
418.833
420.393
419.387
420.289
418.796
417.478
418.922
419.138
421.281
422.001
421.140
418.735
419.290
417.651
420.240
419.815
419.282
421.356
420.670
419.200
418.005
418.668
419.363
421.529
423.108
421.619
421.512
419.353
419.760
418.797
418.868
420.286
420.952
420.873
419.465
418.155
419.821
419.644
419.105
421.330
417.881
419.571
417.047
417.270
418.826
420.446
420.616
419.058
418.718
418.570
418.880
419.228
419.120
422.007
418.851
419.546
419.059
417.602
417.918
418.870
418.284
420.987
420.432
419.323
421.374
422.436
418.082
419.509
417.876
418.384
419.487
422.333
418.353
420.502
418.992
420.851
421.439
418.922
420.909
421.589
421.192
419.155
417.996
420.569
418.482
419.529
420.413
422.166
419.297
421.202
421.080
421.589
421.519
421.954
420.748
420.927
420.765
422.093
417.108
418.234
419.896
420.487
419.731
419.791
421.028
420.360
420.627
420.759
418.307
416.822
416.023
418.950
418.734
419.132
419.249
418.717
418.927
417.531
420.150
419.051
419.111
419.075
418.952
421.790
419.687
419.429
422.426
420.119
418.841
422.050
422.674
420.921
418.285
419.804
416.809
418.141
420.182
420.282
418.302
418.077
417.690
419.725
418.305
419.859
420.576
422.942
423.059
420.747
421.159
419.906
421.313
417.914
417.735
419.089
419.419
418.634
418.791
417.941
418.940
420.289
421.203
419.478
419.063
419.098
419.095
420.107
420.577
420.924
420.765
422.032
419.421
419.580
417.838
416.171
420.897
419.208
419.746
420.348
420.074
419.905
419.724
419.098
419.322
420.652
418.341
420.662
418.470
419.231
420.815
423.085
419.232
419.459
421.304
418.088
421.675
419.677
418.756
419.929
420.012
420.054
419.318
419.373
418.500
420.966
418.706
417.291
418.987
420.224
420.888
421.952
422.124
420.730
420.817
421.755
418.762
419.861
421.769
421.895
420.449
418.455
420.633
418.842
421.234
419.509
421.070
420.170
419.586
419.405
420.050
419.571
419.788
420.164
418.058
420.489
417.134
418.444
420.768
418.656
419.357
420.716
418.175
420.169
420.020
420.811
420.481
422.842
420.558
419.324
420.220
419.901
420.383
418.733
419.341
419.190
419.809
419.822
421.641
420.550
419.667
419.027
420.409
419.883
421.464
418.892
419.484
420.914
421.092
421.170
421.576
422.428
419.618
421.027
422.234
421.237
420.647
420.181
421.437
419.316
417.937
418.656
422.579
420.133
422.649
418.437
420.710
418.678
417.224
418.982
420.578
420.763
420.614
420.597
419.709
418.968
418.411
419.338
419.113
418.647
420.307
419.589
420.908
420.123
420.155
419.206
419.649
419.134
417.503
420.927
417.371
421.140
420.636
418.213
421.065
420.085
420.680
420.613
420.481
421.479
420.970
418.842
419.406
418.901
419.394
420.722
420.234
420.695
421.177
420.354
417.827
421.993
421.400
420.029
419.293
419.250
418.663
417.959
418.102
420.514
420.714
419.510
421.001
418.242
416.971
419.999
420.100
421.565
419.118
416.981
418.820
419.174
418.588
418.058
421.405
420.262
419.671
418.988
419.049
420.003
420.544
419.849
419.100
420.185
421.749
421.626
419.441
418.822
419.370
419.740
421.113
422.506
420.195
419.611
420.198
421.460
420.628
422.094
422.556
421.617
421.429
422.306
421.529
422.304
422.755
421.306
423.691
423.563
421.922
420.203
423.026
421.820
420.459
418.855
420.868
419.601
418.915
417.142
417.858
420.626
417.638
420.547
419.051
419.943
421.344
421.110
418.218
418.222
417.732
418.018
420.744
421.256
418.318
419.783
421.324
420.880
421.490
418.442
418.326
418.925
417.019
419.019
417.546
417.498
418.163
421.103
421.119
420.754
418.790
420.167
420.071
421.781
418.417
418.782
421.258
420.831
418.686
421.151
422.302
421.712
418.287
419.573
418.929
417.819
420.658
419.497
419.572
414.980
420.615
419.659
419.226
418.955
418.936
418.134
418.635
418.706
420.317
419.101
420.936
420.174
419.595
418.665
419.272
419.334
418.248
419.110
418.930
418.891
418.495
421.025
419.297
420.550
420.005
418.955
418.477
417.989
419.023
418.645
420.201
422.044
419.859
419.751
420.524
421.096
421.556
422.038
421.486
418.757
419.513
421.012
418.914
419.438
419.557
420.181
420.787
420.067
422.948
419.601
421.597
419.174
422.334
421.550
421.991
419.629
418.152
420.837
419.777
421.346
419.416
420.951
420.199
421.839
422.797
422.662
421.852
419.929
420.166
421.925
420.072
420.257
418.059
419.199
419.550
421.670
420.343
421.152
417.697
419.731
419.440
420.549
418.970
420.545
419.376
419.390
419.250
418.276
418.565
418.685
416.782
417.435
418.306
421.630
420.438
420.526
418.671
420.949
421.165
419.622
417.665
419.439
419.867
419.428
422.205
420.191
419.327
418.262
420.842
420.612
420.229
420.507
419.383
420.714
419.337
418.529
418.669
419.686
419.202
419.501
421.666
421.039
419.521
417.787
419.882
418.777
419.892
421.671
420.175
422.820
422.511
420.568
417.412
419.463
420.890
420.605
419.168
418.924
421.643
420.500
420.941
423.211
420.283
420.009
420.278
419.268
417.570
418.982
418.369
419.889
420.882
418.778
418.945
420.284
420.679
419.629
419.532
419.525
418.402
418.584
419.250
418.475
421.229
421.170
420.227
418.968
419.510
419.742
418.127
420.797
420.496
419.486
419.408
418.593
420.779
422.363
421.625
420.980
421.037
421.078
421.284
420.880
419.771
420.151
420.858
419.157
420.922
423.121
421.271
419.596
421.872
420.823
422.829
419.185
419.692
420.484
418.958
421.333
417.214
419.834
420.508
418.970
419.152
416.140
419.395
420.570
419.758
418.509
421.023
419.263
421.441
418.928
419.014
419.351
419.312
417.735
420.500
421.284
418.837
416.969
418.430
421.724
418.571
420.283
417.651
419.806
420.863
421.238
422.395
421.611
419.700
423.274
420.718
418.686
422.396
420.380
420.294
419.729
420.584
418.197
418.988
422.348
420.877
420.226
419.966
421.157
418.969
421.623
417.752
419.674
418.821
418.498
418.331
419.142
419.629
419.204
420.645
419.654
421.856
420.283
419.112
421.277
419.058
421.084
417.412
418.713
419.455
421.336
418.364
416.909
418.494
418.055
418.872
417.341
418.898
419.562
421.419
421.876
418.371
419.892
419.654
419.715
418.890
418.957
420.305
420.545
421.714
421.086
420.385
419.332
418.112
418.683
422.050
420.031
419.792
420.258
419.176
418.972
421.702
420.755
419.950
418.821
421.654
418.637
419.560
419.428
419.502
420.899
423.228
424.092
421.396
420.358
421.258
420.114
419.637
422.075
422.284
418.049
421.446
421.513
418.675
419.274
420.396
419.545
418.576
418.208
419.802
419.404
417.679
422.208
421.337
419.498
420.064
419.767
419.585
420.066
421.232
421.348
417.576
418.509
417.446
418.536
420.025
420.786
420.016
418.894
420.333
418.706
418.584
418.335
418.960
420.512
420.150
421.621
421.228
421.818
418.769
419.484
419.518
418.299
421.735
418.817
419.528
422.371
420.829
420.598
420.655
420.757
419.964
417.733
421.458
419.874
418.546
420.172
418.376
419.905
418.809
419.355
421.642
421.184
421.823
419.491
419.320
419.043
419.661
419.183
418.810
420.732
418.646
419.284
421.619
422.150
420.566
419.417
419.760
420.358
420.413
420.043
419.232
419.874
419.473
419.723
420.976
420.515
421.692
420.553
419.491
419.406
420.434
421.164
421.658
423.058
421.751
422.081
420.425
418.475
421.628
421.744
421.062
418.173
419.769
421.708
420.147
421.849
418.196
419.843
419.975
421.140
421.469
420.045
419.154
421.108
419.908
421.851
420.091
419.698
421.053
419.947
419.272
421.752
421.745
419.883
421.028
420.814
417.560
420.788
421.743
419.821
420.641
418.977
420.736
419.766
420.546
423.001
421.524
421.175
420.785
419.814
421.422
421.968
420.691
421.234
420.769
420.955
421.394
420.157
419.719
421.623
419.111
417.780
419.514
418.519
418.480
419.826
420.243
421.136
421.001
418.754
418.477
420.089
420.803
419.668
421.462
422.165
421.875
418.659
419.651
420.442
419.537
420.065
421.318
418.441
421.204
422.137
419.917
418.213
419.649
420.979
421.079
420.414
418.988
421.200
421.943
418.733
419.782
418.380
420.338
420.996
420.086
418.261
420.574
419.899
418.261
419.338
421.056
418.374
419.251
418.655
418.819
418.254
419.217
420.846
420.188
419.197
419.979
421.788
418.452
420.134
422.681
421.967
421.242
420.527
418.486
421.138
421.702
421.715
420.081
420.300
420.232
419.016
418.968
418.235
421.454
424.782
422.514
421.291
421.774
419.900
421.957
421.765
420.776
419.915
419.980
421.277
420.158
417.930
419.753
417.359
416.620
419.493
419.766
419.334
418.036
420.078
421.989
419.697
421.086
419.727
421.729
419.442
419.118
419.313
418.228
420.588
420.707
418.139
417.995
421.460
418.613
418.708
419.502
419.016
416.448
418.462
416.863
420.220
419.740
419.216
419.228
420.685
420.005
417.326
421.143
421.410
421.435
422.251
420.373
422.011
422.832
421.314
420.554
421.773
421.719
421.181
422.647
420.554
420.668
422.069
421.343
421.674
421.232
421.250
421.205
418.881
420.922
420.428
422.767
420.847
423.504
420.570
423.618
422.367
419.955
420.756
419.824
419.829
420.292
419.450
419.135
418.551
421.306
422.303
421.772
421.687
422.653
420.948
420.525
420.842
421.386
420.426
420.287
421.948
421.088
419.346
421.312
423.211
422.316
421.551
420.946
419.238
421.787
421.970
420.848
419.733
420.795
422.049
422.577
419.981
418.824
421.502
419.574
422.105
422.316
420.328
421.951
422.198
423.545
419.241
421.082
421.101
420.298
422.553
419.964
420.690
421.935
420.981
420.275
423.066
420.493
419.921
419.522
421.251
423.799
420.185
421.873
421.779
424.163
425.471
421.768
422.358
422.492
422.069
420.642
421.321
423.147
422.698
421.370
420.625
422.268
419.962
423.535
423.115
421.966
423.626
422.114
421.860
419.430
422.667
422.581
420.135
421.444
420.464
422.562
419.493
423.367
425.069
423.812
423.153
422.113
423.725
422.276
421.343
421.244
421.681
421.546
420.956
422.351
422.289
423.982
422.225
422.076
424.308
422.638
422.445
421.409
422.759
421.034
424.977
422.165
421.716
423.213
423.095
422.648
421.095
421.385
421.379
420.735
420.774
421.517
422.581
422.028
421.682
423.416
424.585
423.937
422.949
424.203
424.972
422.594
422.098
422.164
421.576
424.020
422.453
424.262
422.411
421.326
422.415
420.705
423.047
422.163
420.883
422.207
422.527
422.895
422.354
423.607
422.826
422.723
421.247
421.413
420.488
420.912
420.287
420.775
424.107
422.988
420.001
420.076
420.929
420.621
420.510
419.279
422.211
422.695
420.257
418.872
420.888
420.566
421.331
423.997
423.357
423.749
422.895
424.111
421.704
422.701
421.960
422.362
423.504
421.195
421.162
421.269
420.162
421.908
419.915
419.708
419.517
418.920
420.015
420.155
421.273
420.556
421.743
420.306
419.880
420.435
424.170
422.555
424.305
420.953
421.289
420.422
421.477
421.208
422.717
422.373
420.920
419.201
420.287
419.592
420.090
419.010
419.936
420.834
421.881
422.297
422.350
420.533
420.268
422.382
422.487
420.467
420.377
419.214
420.393
420.535
421.852
420.838
418.775
420.760
420.851
422.445
423.296
422.995
423.533
421.670
422.227
422.272
423.086
420.080
423.354
423.681
424.063
424.374
422.006
421.426
421.042
421.444
421.632
421.326
422.352
424.949
424.056
421.790
420.277
421.076
421.398
423.091
421.580
420.855
420.665
421.466
422.426
421.633
420.329
422.182
420.204
422.376
421.850
423.365
420.311
421.362
421.902
421.577
422.454
421.724
422.823
422.220
422.041
420.557
423.328
422.644
420.299
422.383
421.235
423.703
420.814
421.306
421.086
422.643
419.609
421.509
423.815
422.330
421.900
424.089
423.543
422.400
420.900
420.967
417.276
420.067
422.612
423.015
422.678
422.823
421.545
420.347
419.165
419.972
419.645
418.132
420.720
419.246
421.616
421.878
421.752
421.847
421.948
422.248
422.986
421.911
423.557
424.989
424.382
424.442
425.581
423.869
422.186
421.351
421.438
420.254
420.719
418.900
419.632
421.022
422.204
421.055
423.923
422.950
423.404
422.116
422.106
423.220
422.721
422.643
422.392
421.963
423.660
424.428
424.152
422.301
423.148
423.962
424.809
420.726
423.905
423.643
423.956
422.818
420.328
420.825
424.153
422.614
423.724
422.811
423.206
423.658
421.214
421.930
422.575
422.961
424.178
424.962
421.181
423.787
423.251
424.042
421.711
422.590
422.091
421.791
425.784
423.361
422.211
423.913
424.168
421.904
422.069
421.733
422.828
421.644
420.604
422.264
422.981
422.536
423.056
422.786
423.393
422.526
422.805
423.519
421.640
423.861
423.745
422.536
423.164
422.797
421.070
424.000
422.849
421.940
424.194
425.190
423.098
423.615
422.581
422.367
422.552
421.460
421.688
423.008
420.955
424.386
423.740
420.909
423.136
422.234
421.190
422.413
422.317
425.593
425.151
423.737
424.763
422.578
425.008
424.016
425.692
423.502
422.985
423.266
423.619
424.761
422.636
422.332
423.287
424.227
422.388
422.127
424.079
424.219
423.808
425.138
424.152
425.798
423.858
423.972
423.876
422.870
421.565
423.015
423.726
424.664
424.340
424.010
425.067
422.686
421.768
422.242
420.065
422.789
420.584
422.351
421.878
420.868
423.036
423.267
424.161
423.716
422.759
423.576
424.410
422.441
421.355
423.288
422.615
423.649
423.675
422.649
424.702
423.479
424.077
423.290
422.827
423.444
422.246
423.957
424.881
425.757
423.811
422.832
424.975
421.594
421.834
422.476
422.914
422.989
420.559
424.627
425.405
423.607
422.672
423.706
425.168
426.623
423.505
424.246
423.059
421.192
422.460
421.549
422.141
422.243
421.710
419.484
423.786
423.660
421.997
424.406
421.800
422.167
422.871
423.583
420.075
422.235
421.203
420.274
421.011
422.924
421.962
422.525
422.036
421.718
420.946
423.205
423.712
420.757
423.111
423.622
420.523
422.405
421.463
422.997
422.407
422.525
422.778
422.038
420.181
421.717
423.806
423.616
420.950
422.176
421.901
421.492
420.043
421.463
422.753
423.965
422.293
422.016
422.098
422.597
424.435
423.747
425.086
420.408
422.529
424.262
424.675
421.722
421.745
422.281
420.867
421.729
419.821
423.035
424.216
423.404
424.496
422.696
425.003
423.104
422.180
425.038
421.776
421.871
420.760
422.715
423.324
424.202
424.425
423.661
424.820
423.553
423.429
421.445
422.962
423.025
423.688
422.057
423.332
422.015
420.863
422.143
422.848
423.949
423.306
421.925
422.891
423.345
423.260
423.364
423.989
422.992
422.939
421.579
423.330
421.695
421.814
422.335
422.122
424.218
422.530
421.857
423.084
423.969
420.431
422.794
422.654
423.602
424.344
422.076
423.042
423.481
423.705
421.713
422.796
421.749
422.021
420.902
421.994
422.236
423.793
424.618
423.473
423.943
426.050
424.733
423.063
421.951
424.128
423.526
425.593
425.744
424.218
425.293
427.958
426.295
427.707
427.551
430.587
424.504
427.047
423.844
426.150
425.065
423.840
425.456
425.359
425.172
425.904
424.895
424.740
423.699
424.893
425.467
425.046
422.001
424.226
420.066
422.803
423.541
424.226
424.036
425.701
424.948
424.251
421.988
422.834
424.863
425.961
423.791
424.101
423.471
426.242
425.567
424.018
422.805
424.015
422.705
422.620
423.934
424.891
425.394
424.966
427.585
424.856
423.488
422.459
424.988
425.417
423.255
423.007
423.601
427.205
425.423
421.890
420.513
422.744
424.998
422.860
423.941
425.409
423.293
424.892
421.335
422.734
423.495
421.809
422.993
422.609
421.651
422.371
422.734
423.336
426.024
423.729
425.131
423.086
422.970
421.940
422.790
423.727
423.375
424.291
424.363
423.448
420.653
423.007
423.034
422.743
426.771
424.440
420.046
424.089
423.876
422.455
423.572
423.652
421.260
421.777
421.516
420.903
422.514
426.181
424.055
425.310
423.503
422.753
423.132
422.569
422.577
423.293
424.120
424.041
422.225
424.497
421.002
421.746
421.967
421.422
422.612
421.768
423.840
424.848
424.723
424.275
423.252
423.985
425.629
424.694
425.185
423.820
425.425
422.096
423.605
422.089
423.432
422.273
421.964
422.978
424.190
422.957
423.347
424.007
424.179
425.623
423.094
421.138
422.541
423.851
423.940
421.087
422.302
422.778
420.431
422.951
421.924
423.025
422.689
422.460
422.527
423.839
426.339
424.479
422.557
422.419
422.832
423.291
422.567
420.137
421.834
423.177
422.822
423.355
421.096
421.789
423.807
422.591
423.714
425.461
425.548
425.318
422.959
424.841
423.339
422.829
422.918
424.192
422.059
423.400
424.657
423.315
423.600
422.342
423.239
423.651
423.687
422.749
425.379
423.527
424.776
421.451
423.566
422.015
421.117
422.740
421.658
422.414
422.585
423.629
421.692
420.993
421.751
423.066
423.807
422.783
420.416
422.724
421.522
420.889
423.139
421.818
421.987
420.036
422.318
421.229
421.471
423.723
422.386
424.194
422.286
424.209
423.017
424.654
423.868
423.417
419.902
423.358
423.796
423.085
423.178
422.789
423.257
422.628
420.203
421.637
421.394
419.415
423.403
423.162
422.804
422.114
423.843
421.744
422.673
423.715
422.581
423.716
424.981
423.856
421.373
421.749
421.507
421.475
420.447
421.182
419.685
421.370
422.370
423.099
423.119
422.276
421.461
422.780
423.099
423.582
421.133
423.901
421.941
423.212
423.655
422.806
423.128
422.792
423.989
425.877
423.659
423.932
421.624
421.036
422.406
420.450
422.301
420.276
420.759
422.516
421.794
421.198
424.898
423.914
424.259
423.609
422.194
420.143
421.531
424.266
426.070
422.038
423.242
423.918
425.862
422.642
422.046
422.743
422.173
423.998
423.581
420.257
422.204
421.877
421.864
426.208
423.716
422.268
421.907
422.577
422.408
423.024
423.284
423.588
422.835
423.476
422.699
422.830
424.312
426.292
423.966
422.222
421.214
423.212
422.856
422.000
423.668
420.512
422.353
419.977
421.485
421.715
418.799
423.326
423.580
423.637
423.017
422.829
422.318
422.599
423.393
424.481
421.610
422.724
421.423
421.870
422.053
423.849
424.008
423.360
421.613
423.254
420.950
421.421
419.655
421.801
421.621
421.407
420.024
421.586
423.247
422.894
423.496
421.694
423.417
423.827
426.242
422.886
422.663
424.733
422.321
422.854
420.409
422.136
422.446
422.050
423.142
424.264
420.835
422.333
422.436
420.438
421.231
421.685
421.311
421.938
422.031
420.717
420.716
424.815
422.730
423.924
423.354
422.152
425.129
426.038
421.659
420.796
422.630
423.959
425.352
423.580
424.096
420.942
420.749
422.943
423.569
421.978
423.416
425.999
423.450
422.592
425.089
423.683
422.677
423.142
420.389
426.121
422.948
425.219
421.912
421.489
420.615
423.628
424.876
426.298
422.927
423.292
425.865
423.524
423.805
422.798
424.003
421.887
423.112
422.220
424.686
426.078
423.211
419.605
422.974
423.625
422.661
423.361
422.993
427.053
426.578
425.557
423.819
424.263
425.712
425.412
424.640
422.399
423.158
425.352
422.842
422.774
422.617
420.649
423.024
420.147
423.157
422.686
423.544
420.146
419.872
421.920
422.493
423.624
421.810
422.961
423.617
422.650
424.735
423.563
423.431
421.969
423.167
424.644
423.562
424.028
422.578
421.877
423.368
423.103
423.484
421.929
421.736
423.047
424.423
423.112
424.852
422.304
423.768
420.178
423.570
424.776
420.459
420.350
422.222
423.164
425.197
424.221
422.638
423.550
421.445
423.924
422.635
421.725
423.395
426.709
422.304
421.658
424.244
421.551
423.217
424.463
423.676
421.607
422.629
422.729
421.157
423.303
423.648
424.754
420.326
421.680
424.019
421.988
422.025
420.724
420.846
421.563
424.909
424.785
424.960
422.543
421.859
420.689
419.967
420.872
420.797
421.309
423.254
422.594
421.972
421.491
421.875
423.306
422.282
421.091
421.175
422.833
422.738
423.374
421.652
421.532
423.412
420.515
422.613
423.788
422.175
421.863
421.066
423.475
421.598
420.607
421.892
420.785
421.707
424.779
423.110
420.923
424.507
422.152
422.707
425.575
422.213
425.276
423.662
422.389
424.870
423.205
423.086
422.779
422.779
420.496
423.069
423.238
422.254
422.448
424.303
423.589
423.912
423.552
425.204
423.405
423.080
422.371
422.393
422.174
422.135
421.774
421.484
421.970
422.134
420.283
424.663
422.866
422.862
422.828
422.822
423.336
422.258
421.409
423.094
422.330
422.401
421.893
422.362
424.885
423.947
423.317
423.087
419.383
422.412
423.545
424.502
424.809
422.012
422.412
423.352
422.206
424.068
421.609
423.891
421.772
421.529
421.162
422.254
422.021
420.403
421.426
421.216
420.744
423.107
423.656
420.435
421.099
422.536
422.315
422.976
422.733
421.706
423.193
421.557
419.870
422.215
421.062
420.258
421.766
422.594
423.043
422.011
422.976
424.821
421.220
424.626
422.047
422.679
421.925
423.231
421.064
423.527
423.997
423.746
421.233
423.037
420.730
421.526
421.668
424.227
423.664
421.655
425.308
425.859
423.168
422.705
422.771
423.046
420.556
422.360
421.613
421.535
422.364
422.199
422.662
421.650
421.639
421.574
421.440
421.691
421.549
422.692
421.103
420.374
422.028
420.638
420.514
422.021
420.593
419.894
420.276
421.322
420.457
420.177
423.486
422.028
423.010
421.378
422.644
423.097
420.879
421.752
423.431
424.209
422.439
423.141
423.241
423.863
422.723
421.662
421.659
420.215
419.286
421.500
423.279
422.093
421.920
424.550
422.281
422.746
421.791
424.480
419.317
419.462
421.916
422.910
420.146
420.313
422.220
422.472
423.471
424.000
423.264
422.033
422.258
422.020
424.122
424.187
424.439
423.407
423.988
426.037
424.530
423.564
423.280
423.637
423.033
421.463
420.694
422.729
422.366
421.507
421.671
422.894
422.589
423.082
421.507
421.906
419.673
423.310
421.864
423.994
420.675
423.659
420.580
421.360
423.652
420.873
419.564
418.723
421.603
420.053
421.806
420.626
420.715
421.593
422.630
424.298
422.477
422.994
422.139
422.109
421.924
420.631
421.960
421.895
420.236
419.771
422.668
422.757
422.870
422.172
421.002
423.835
421.320
420.797
423.453
423.828
422.994
421.985
422.285
423.726
421.860
421.177
422.079
423.097
422.491
423.588
425.340
424.248
422.563
422.093
421.304
421.205
421.465
421.440
419.841
419.465
419.679
421.119
421.858
422.773
424.075
421.904
421.679
423.431
422.325
422.016
421.938
420.696
422.325
421.153
420.080
421.815
421.931
422.150
421.053
423.997
420.503
424.058
422.753
422.046
421.988
422.179
422.605
421.138
421.243
421.437
421.458
420.639
421.701
422.348
423.029
423.762
420.032
421.824
422.784
422.284
422.195
423.427
420.283
420.373
421.390
422.754
423.566
422.333
424.090
422.296
422.173
423.072
424.657
421.616
422.682
422.377
421.246
423.232
421.616
422.672
424.396
423.449
423.325
423.421
422.223
424.127
420.635
420.880
422.669
422.678
422.736
422.065
421.397
422.658
421.580
420.942
420.017
421.898
424.108
422.148
422.969
422.837
423.375
424.890
421.504
422.433
422.881
423.585
422.102
421.725
421.611
421.306
421.247
421.641
423.418
421.492
423.297
422.911
423.683
424.836
423.535
425.047
422.733
421.552
422.074
420.380
422.021
422.548
421.872
424.059
424.314
425.487
423.253
422.866
422.249
422.950
424.261
422.495
423.381
422.385
423.534
422.959
421.179
422.879
422.856
422.517
423.576
422.435
424.579
422.847
422.714
423.493
422.720
425.276
422.281
424.014
423.885
423.550
421.878
422.536
422.718
423.343
423.672
421.554
421.718
425.763
421.370
422.855
420.769
420.251
422.411
421.628
421.188
422.712
422.995
422.594
422.098
423.095
423.047
422.834
422.061
423.690
422.439
422.252
421.286
423.944
424.405
423.637
423.913
422.492
424.963
423.979
423.325
421.590
422.415
423.818
422.219
421.616
424.198
423.866
423.473
421.619
421.351
422.031
422.687
422.393
423.457
424.340
424.088
422.910
422.892
423.077
419.946
421.612
423.041
424.205
423.514
425.744
425.665
423.737
422.470
422.456
424.115
423.792
422.806
423.597
422.506
422.001
420.772
422.962
422.945
422.971
421.590
424.713
424.409
425.810
424.818
422.826
423.666
423.269
421.899
422.901
425.510
424.598
423.823
421.454
422.554
422.596
423.622
424.696
425.423
426.691
423.641
423.266
423.569
423.234
423.895
422.541
422.215
421.040
420.996
425.319
425.815
422.808
425.768
425.187
424.080
422.522
423.626
424.280
423.315
423.889
422.263
421.523
420.617
420.326
421.607
424.158
425.467
422.280
424.997
423.230
421.014
421.451
419.480
421.513
422.149
423.310
423.355
423.933
423.323
423.656
424.136
421.637
421.510
421.440
422.821
424.510
421.425
421.015
421.725
422.202
422.485
422.416
423.382
423.870
424.009
422.324
420.848
421.962
422.516
421.515
422.343
421.332
421.240
422.905
423.943
424.534
424.232
423.560
422.428
424.195
422.265
425.094
423.749
425.069
422.693
426.094
423.980
424.583
421.162
422.093
423.267
423.357
421.622
421.230
424.862
424.924
422.084
423.107
421.659
421.361
423.703
422.595
424.031
422.561
421.793
422.949
424.466
423.896
420.871
420.049
420.875
420.989
421.603
423.368
422.036
421.664
422.095
421.599
421.666
421.900
421.772
422.256
423.204
422.268
420.093
420.619
422.718
422.925
421.974
423.503
422.118
420.910
423.442
422.508
423.872
423.705
421.964
423.221
423.382
423.068
423.919
423.619
423.454
422.373
424.027
424.872
422.820
423.503
421.264
422.985
421.489
422.645
424.509
423.934
421.475
421.262
422.001
423.823
423.396
422.931
423.039
423.755
421.793
423.036
422.754
421.528
420.896
421.097
421.103
421.300
423.967
424.089
424.657
423.385
422.980
421.790
423.837
422.287
422.403
424.272
422.852
422.092
423.544
424.636
420.957
421.040
422.333
422.864
423.331
424.493
425.711
422.114
424.700
420.968
423.936
423.514
422.835
423.353
422.837
424.248
422.439
423.775
421.539
421.946
422.999
423.083
422.269
421.656
422.062
422.869
421.206
426.488
423.917
422.083
424.134
424.160
422.899
420.978
422.951
422.786
424.919
424.067
426.256
422.710
422.183
422.882
423.362
422.963
423.060
424.272
426.958
423.103
425.642
424.826
421.645
423.039
423.824
422.732
422.498
423.542
421.553
420.524
421.664
422.566
423.243
421.799
422.829
423.864
423.753
423.036
422.995
425.348
423.463
424.410
421.578
421.480
422.599
425.247
423.503
423.017
421.395
422.075
421.983
422.611
421.837
422.162
420.853
423.575
421.839
420.960
422.534
422.978
423.291
422.789
420.122
422.141
420.923
422.383
420.190
422.299
423.073
422.773
423.304
421.185
421.092
423.378
421.471
422.412
425.371
424.810
422.857
425.231
423.998
424.211
424.348
420.671
424.526
422.766
421.493
422.360
423.711
422.662
423.151
423.538
423.451
420.525
423.753
421.218
420.985
422.599
421.155
422.146
423.114
422.704
421.364
420.623
423.691
422.695
425.670
425.773
424.999
422.394
425.846
423.925
421.292
424.087
421.988
423.759
422.672
422.244
422.599
422.136
423.428
422.016
421.548
424.863
424.059
423.556
423.366
426.567
426.001
421.913
422.124
421.443
424.230
424.055
425.842
420.682
422.008
422.621
420.618
422.572
422.610
422.815
422.418
422.499
419.352
422.429
421.409
420.080
422.050
421.155
420.869
422.862
421.770
421.271
421.209
421.371
420.887
424.290
420.705
420.781
422.488
419.519
421.941
423.049
423.674
424.717
421.389
422.911
420.843
421.763
421.822
421.248
423.517
422.497
422.729
423.262
422.507
423.369
421.456
421.843
421.580
424.750
421.298
421.510
419.387
420.529
419.643
422.834
423.171
421.168
421.299
422.442
420.895
421.598
419.914
421.274
423.600
423.908
422.265
422.502
421.482
422.077
421.467
424.770
423.658
424.817
425.845
423.837
425.279
424.476
421.907
423.419
422.375
424.152
424.360
424.452
421.128
424.255
421.541
423.570
422.130
421.387
424.015
423.721
421.790
424.257
424.119
426.333
423.268
424.286
423.606
423.164
424.214
421.158
423.754
423.617
422.176
421.722
421.275
418.705
418.667
420.270
422.642
423.298
422.141
424.437
422.180
419.958
422.763
422.072
420.830
421.977
420.196
420.837
423.990
422.749
419.841
423.339
423.098
422.941
420.991
423.741
421.260
422.210
422.133
423.398
423.785
422.634
421.361
421.470
422.380
424.397
422.644
422.343
422.008
423.018
420.471
421.103
423.746
422.577
422.324
421.148
422.983
420.377
423.048
422.653
421.096
421.913
423.377
424.942
424.085
421.976
423.256
421.045
420.194
419.954
421.587
419.680
421.970
423.562
425.700
422.884
421.623
421.978
421.759
420.833
420.089
423.019
422.395
422.964
424.623
423.406
422.703
425.054
421.647
423.498
419.661
422.115
424.178
423.353
422.345
421.300
422.345
422.335
422.631
424.756
423.033
421.128
421.547
422.781
422.812
423.073
424.253
423.227
423.729
423.099
421.918
423.335
423.743
423.870
423.192
422.267
421.434
422.235
424.078
424.185
421.709
421.496
422.706
422.497
422.388
423.667
423.477
423.782
423.136
422.452
423.153
422.594
424.688
424.637
424.965
425.711
422.127
424.635
422.675
423.784
425.196
425.651
422.396
421.981
421.580
420.389
422.679
424.701
425.113
423.320
422.297
422.711
425.490
426.480
424.706
424.431
424.591
423.732
423.128
424.475
423.007
423.496
426.009
423.796
421.447
422.769
425.670
425.552
424.797
423.549
424.722
426.132
424.650
423.632
422.433
424.209
423.408
425.938
423.446
422.457
423.298
425.498
423.442
426.653
426.061
424.807
425.303
425.707
425.633
425.802
424.675
424.903
424.654
425.496
425.472
424.356
424.760
424.852
423.968
424.196
424.223
423.612
425.934
424.855
425.416
428.333
425.051
424.161
423.539
422.211
424.504
424.374
426.326
425.662
427.418
425.388
425.805
423.001
424.800
427.285
425.374
425.359
424.257
425.671
427.532
427.811
426.617
424.343
425.409
422.121
423.873
423.901
424.744
422.257
425.034
424.482
423.550
422.242
423.125
422.725
425.511
425.051
424.405
424.741
423.777
424.633
424.072
422.900
422.910
423.509
424.004
423.870
424.406
425.892
424.326
423.341
422.240
424.437
425.612
424.010
423.933
425.317
424.585
423.790
424.982
424.272
426.253
423.094
424.438
425.470
425.949
426.084
424.777
423.765
424.444
426.542
425.704
424.450
425.401
421.556
423.384
423.342
424.040
425.849
424.044
421.559
424.417
424.835
424.630
426.187
425.914
426.324
425.725
423.052
424.842
423.531
424.642
424.317
424.406
423.341
422.098
422.007
421.690
420.714
422.531
420.343
421.217
421.032
421.656
422.332
424.181
421.662
421.748
423.688
421.270
421.075
425.627
423.469
421.842
421.615
423.389
423.046
421.405
421.536
421.459
423.605
422.553
420.403
422.907
421.528
423.482
423.286
421.550
423.439
422.026
421.441
423.012
420.009
421.701
423.503
424.226
421.188
422.221
422.030
419.655
422.426
423.589
422.982
422.565
422.371
424.615
422.213
423.682
423.907
424.652
423.201
420.999
421.456
422.096
423.373
423.701
422.969
422.752
422.906
422.074
420.925
420.802
422.224
422.797
421.532
421.227
420.461
422.975
424.700
423.301
423.136
422.724
422.427
422.583
424.249
424.103
424.747
422.727
423.520
423.154
422.739
423.682
423.921
421.019
420.973
420.168
424.111
424.017
425.586
424.409
423.377
423.955
422.986
421.567
421.848
422.200
420.782
420.836
422.712
423.683
423.616
423.108
421.821
425.037
424.410
423.533
423.653
422.444
423.241
423.320
424.310
423.535
424.513
424.268
422.537
423.134
423.346
423.320
423.691
425.316
422.901
424.241
422.314
424.754
423.667
422.707
420.976
424.287
424.212
423.074
421.998
422.161
424.101
