597.770
600.928
602.600
602.304
603.245
602.364
601.734
608.406
606.250
609.153
606.437
611.183
610.829
610.308
604.340
605.204
602.685
602.721
596.284
602.665
608.188
602.716
605.541
603.490
603.693
609.805
598.509
600.861
594.994
598.327
604.038
604.356
603.121
602.350
603.242
601.381
602.912
609.768
607.172
608.954
607.768
613.615
617.279
609.628
609.195
607.802
600.546
605.828
602.472
599.785
601.520
598.022
602.621
600.458
601.000
608.448
606.698
603.269
605.753
607.514
603.982
604.452
604.648
600.309
597.983
601.790
607.887
605.421
596.698
595.276
595.923
597.114
593.560
598.233
600.651
594.223
597.654
600.304
598.282
597.724
597.372
610.445
602.655
604.644
606.178
601.048
597.858
596.410
601.815
605.734
597.721
598.357
594.619
595.609
600.779
607.918
603.253
605.745
605.358
602.201
600.634
601.149
603.964
604.798
606.883
607.628
610.321
606.176
614.419
615.561
618.838
612.046
612.842
616.274
613.349
616.726
620.144
619.751
616.745
615.348
605.717
606.341
601.810
604.397
611.069
612.426
611.219
611.217
614.110
613.373
609.399
603.675
607.872
603.702
605.337
607.016
606.795
604.004
596.485
599.707
594.755
595.367
591.909
588.306
587.863
588.939
599.717
597.069
595.951
593.759
594.579
592.171
592.746
589.168
590.967
591.629
592.068
592.170
588.199
592.901
594.981
602.124
596.878
603.830
605.426
608.283
602.323
601.416
599.326
600.759
598.166
598.899
599.423
593.781
592.595
594.830
594.805
596.183
596.173
593.764
599.589
599.128
596.038
597.632
599.735
601.997
602.870
607.078
610.699
611.643
615.461
615.425
615.878
609.887
609.715
615.688
613.539
602.261
601.575
604.279
598.468
603.695
607.661
602.195
602.415
605.260
607.906
604.635
604.568
602.396
604.323
604.819
606.473
605.295
607.160
609.873
609.306
614.423
616.431
607.888
603.576
606.119
607.281
605.979
603.505
600.834
601.156
596.959
592.753
599.882
594.513
594.501
593.595
589.840
589.500
589.940
586.326
583.819
585.871
587.487
584.762
588.923
592.760
588.058
591.693
586.117
588.481
596.559
588.799
594.318
593.489
592.923
598.192
596.246
596.219
598.410
596.316
590.384
590.389
587.180
585.590
588.279
588.653
587.982
595.011
590.891
592.110
596.098
598.091
598.539
602.344
605.720
606.976
617.233
613.966
610.301
607.507
613.606
610.395
613.843
611.901
614.987
616.627
619.101
616.790
615.207
612.596
614.110
611.542
614.712
610.956
606.393
607.280
596.267
598.625
599.143
600.556
600.817
598.852
604.036
608.335
604.572
603.021
600.472
604.090
606.975
601.510
598.314
600.143
598.897
602.208
596.740
601.877
601.946
600.999
600.895
596.979
590.867
592.116
598.868
591.428
590.101
589.891
586.292
586.648
594.764
597.307
597.633
597.737
599.447
600.579
603.640
599.470
594.997
602.387
598.100
598.302
600.884
599.815
597.005
597.111
595.696
592.305
589.423
590.987
599.152
591.910
591.927
594.599
585.394
595.580
590.796
586.904
592.951
594.689
594.145
596.211
601.201
595.204
597.327
589.144
597.795
596.832
598.398
595.627
594.306
596.341
600.737
597.154
597.707
602.274
599.459
584.300
590.206
586.102
593.395
599.538
604.648
603.965
597.213
596.260
598.459
597.946
594.144
599.493
602.340
606.444
602.522
604.737
603.157
606.441
609.845
606.818
607.063
608.799
612.426
609.633
609.810
606.266
608.788
610.841
607.194
613.945
618.757
621.319
623.289
617.146
614.678
612.713
614.496
616.843
622.200
627.011
621.904
621.750
622.258
628.283
620.648
620.921
624.614
624.165
621.639
621.962
618.781
611.365
612.096
607.340
613.641
611.890
604.355
603.881
609.589
609.791
610.956
611.464
607.604
599.906
605.072
609.164
611.917
604.063
604.838
604.463
602.617
603.086
607.395
610.862
608.943
606.177
608.016
610.047
613.078
606.811
612.163
610.138
611.682
614.686
615.355
614.452
613.529
611.528
614.140
607.510
603.358
598.829
602.049
607.675
603.688
603.766
600.705
602.758
596.759
601.253
601.713
593.907
602.192
603.203
604.782
604.510
604.302
605.296
607.094
607.009
612.670
620.578
612.764
614.839
610.503
607.583
605.369
608.883
606.469
605.246
602.979
601.131
599.018
598.748
598.042
606.409
608.101
609.745
606.629
603.894
605.633
607.713
609.173
604.565
603.422
608.142
611.761
611.451
604.191
598.038
594.543
596.806
601.498
599.604
597.263
593.974
592.745
597.208
597.065
595.057
595.606
597.269
591.724
595.790
596.883
592.952
590.268
591.075
591.951
590.643
590.443
591.682
596.572
592.032
599.419
600.332
602.998
604.205
604.481
605.597
598.443
602.295
599.015
603.283
606.053
599.007
595.451
595.667
589.752
592.573
592.222
590.889
591.923
587.574
589.149
588.119
585.108
589.672
593.896
591.287
591.099
588.928
588.006
585.815
581.757
586.066
589.349
593.329
585.651
586.963
581.844
579.385
575.448
585.804
587.797
579.085
581.258
588.303
587.968
585.813
590.042
593.141
593.044
588.572
590.236
591.654
594.690
586.424
589.792
591.323
591.612
591.237
585.941
585.920
587.851
585.917
595.550
590.117
591.508
594.552
588.742
591.957
594.488
591.021
588.548
591.085
599.463
591.323
591.002
595.524
594.662
593.458
597.015
598.568
599.054
597.024
600.122
600.285
600.093
598.153
597.703
602.089
596.657
598.940
598.907
599.675
597.113
594.762
599.234
598.715
599.195
596.638
599.591
603.378
603.510
605.803
604.681
608.234
603.745
604.818
602.966
598.838
597.348
601.398
599.163
595.931
596.482
596.418
598.602
600.891
606.919
601.688
603.034
604.120
605.153
602.376
601.889
596.084
593.307
600.311
605.751
603.672
592.324
598.719
601.075
596.395
598.864
598.204
601.820
601.814
603.706
610.983
602.110
608.078
607.685
608.707
604.060
607.836
603.152
603.883
596.844
597.780
591.069
598.171
594.777
589.118
594.081
591.496
594.232
600.607
599.053
600.489
601.110
605.235
605.583
609.337
608.082
599.626
604.773
604.413
600.986
606.934
597.018
598.870
603.887
602.041
604.808
600.940
596.635
598.389
592.953
590.205
594.299
594.496
597.674
595.558
594.494
596.273
592.776
597.479
601.885
600.942
597.802
599.909
597.404
596.538
597.201
594.313
603.803
595.338
588.161
587.169
585.550
589.081
589.072
588.439
594.161
600.391
596.849
595.927
585.996
585.737
589.066
598.537
604.070
598.368
597.850
601.733
601.652
602.225
597.672
598.419
597.820
596.837
599.333
603.977
605.246
607.485
608.595
600.981
605.679
607.989
608.819
605.889
603.521
603.924
608.657
604.500
601.835
601.289
599.443
593.717
594.801
600.574
607.753
607.273
605.561
611.381
610.036
606.890
606.559
608.754
608.694
609.280
604.816
608.289
614.023
610.581
611.123
611.566
613.005
613.942
613.586
612.606
612.849
610.494
611.175
608.736
612.614
610.179
612.070
616.866
612.819
614.486
615.549
615.830
614.560
610.434
613.047
616.593
613.851
617.526
615.525
618.212
614.440
612.127
606.940
607.599
608.539
603.472
609.308
615.650
612.720
612.016
610.362
615.256
609.331
611.909
605.486
604.339
601.078
601.452
612.547
613.644
609.672
613.597
603.860
609.377
611.936
606.272
595.931
601.370
610.081
603.356
610.552
608.723
608.820
613.078
616.353
612.845
611.447
614.614
603.852
602.216
601.722
598.422
596.488
594.114
601.364
601.995
602.390
596.308
596.672
597.674
599.059
596.116
595.297
596.221
595.159
599.354
600.214
598.696
600.135
604.962
596.525
593.784
591.712
588.922
592.881
587.780
593.834
593.865
596.713
600.860
603.186
600.412
598.693
604.858
594.983
597.214
596.995
598.077
599.927
599.853
608.721
600.313
600.954
607.993
603.425
603.732
608.931
612.819
607.054
608.937
608.465
605.774
615.767
608.610
606.436
607.400
614.127
616.425
615.939
613.319
618.548
619.794
619.542
615.499
615.342
611.704
617.341
616.792
616.058
622.953
621.824
614.443
613.980
613.117
617.111
618.439
614.616
614.406
618.412
613.046
612.399
613.070
612.171
609.262
609.615
608.031
607.778
607.785
607.745
612.087
615.477
616.417
619.212
611.262
613.141
616.132
609.667
616.263
612.071
614.681
609.983
614.886
617.711
619.210
618.181
609.034
617.670
615.687
617.828
610.841
613.258
611.667
617.121
608.223
608.344
606.621
612.289
611.550
609.487
618.988
609.727
608.296
612.315
613.558
606.200
610.670
606.770
606.395
605.449
607.983
602.284
597.634
607.762
607.432
609.427
606.586
612.920
609.169
611.356
612.274
606.670
605.722
601.596
605.688
606.008
604.180
606.605
608.253
606.578
603.700
593.400
589.554
588.758
587.373
592.774
588.744
585.723
588.524
593.260
600.499
594.669
591.024
597.104
590.773
589.016
586.565
589.096
589.841
586.876
588.546
589.658
590.850
594.692
593.731
595.724
596.836
592.733
592.068
586.981
583.508
588.610
588.318
590.898
587.919
589.170
587.650
589.224
587.621
589.190
590.059
589.462
589.217
591.227
593.319
589.946
591.753
593.523
595.791
604.713
601.619
600.522
595.155
591.418
594.993
596.416
602.340
607.713
602.366
598.998
598.320
598.675
600.076
607.887
612.745
606.708
605.927
597.748
598.531
597.501
595.804
593.186
595.105
590.902
587.385
595.218
590.318
589.988
592.039
587.166
594.890
594.181
592.620
597.952
595.148
594.605
586.967
589.964
591.169
598.786
599.035
597.035
599.799
600.787
604.896
603.619
602.528
603.855
612.694
616.216
615.069
607.233
617.497
621.761
616.156
612.459
610.742
618.895
609.930
620.013
615.032
619.011
617.228
617.995
614.452
617.602
619.978
612.634
606.738
615.830
615.721
621.889
623.163
624.168
621.137
618.354
617.191
614.602
619.225
618.374
620.678
616.750
620.252
626.468
623.687
618.512
621.111
620.674
615.540
614.770
612.558
610.538
605.487
610.439
614.164
614.125
615.114
613.386
616.998
616.484
620.645
616.926
614.999
616.300
618.969
616.622
615.182
607.614
611.137
606.156
604.051
602.069
607.413
610.152
610.088
607.422
604.543
609.289
604.920
612.244
608.979
610.540
607.451
622.987
618.636
614.934
616.074
612.130
603.412
604.171
598.577
603.203
609.919
605.669
606.487
604.300
607.646
608.990
603.189
599.953
602.308
598.244
595.367
598.373
604.068
601.725
598.550
604.316
596.416
593.606
595.525
592.318
593.842
593.764
600.397
598.282
596.219
603.857
600.285
601.887
602.617
598.142
601.346
602.236
603.935
603.580
605.396
607.898
604.912
603.505
607.500
598.853
598.546
599.045
607.240
607.478
606.142
607.186
604.493
605.393
599.292
596.690
597.450
596.306
598.972
595.072
594.713
598.735
602.709
600.572
603.332
605.854
609.687
610.626
613.983
610.859
607.845
609.684
608.700
606.640
608.462
597.212
600.924
602.642
602.127
601.234
597.299
591.258
586.294
589.312
581.132
589.527
585.890
584.124
585.327
588.628
592.358
592.569
591.905
593.094
594.089
597.890
596.324
591.006
592.721
589.383
589.784
596.833
594.446
600.330
595.916
588.718
584.428
589.884
586.611
588.120
591.735
587.065
582.277
585.023
581.592
578.008
584.375
586.361
580.873
581.160
588.603
588.009
585.434
581.790
585.743
580.362
582.267
582.978
584.614
584.194
584.747
587.995
590.027
589.696
589.746
595.470
589.623
593.310
591.826
595.815
597.348
596.699
597.371
598.518
596.296
593.638
595.362
598.871
600.916
598.261
597.089
595.234
594.614
592.855
594.825
597.678
594.648
590.551
594.844
591.092
591.534
595.036
595.851
592.215
592.563
589.335
589.941
589.983
590.709
597.765
596.285
597.947
599.734
600.533
602.568
599.546
596.142
597.456
602.129
601.379
604.887
605.501
597.927
599.948
594.917
600.446
600.118
601.833
596.415
599.250
604.013
601.522
602.622
603.766
601.961
606.162
602.589
609.583
606.536
605.810
603.939
606.570
603.376
604.224
605.021
608.189
606.906
608.455
605.026
605.132
607.511
607.221
600.553
602.828
596.450
602.934
600.990
601.947
604.507
603.851
602.754
605.513
607.274
604.509
605.804
612.209
601.084
593.673
602.775
605.429
605.403
605.661
605.660
603.329
599.984
602.596
600.747
592.082
589.731
591.507
596.865
591.578
593.458
603.287
597.467
598.017
601.056
602.033
605.057
604.150
607.007
606.089
606.615
605.531
610.830
609.307
609.079
612.094
605.942
609.270
613.032
616.464
615.038
608.572
609.210
597.579
602.607
598.126
602.654
605.791
601.189
608.510
606.530
607.828
610.620
606.814
615.906
611.767
613.704
614.973
609.543
612.932
608.119
616.164
615.040
612.406
611.330
610.042
613.383
612.489
609.801
613.727
613.866
611.602
609.264
613.172
616.819
614.201
613.566
617.843
609.094
609.270
610.826
606.670
609.102
609.194
609.492
611.852
609.914
608.036
610.162
608.321
613.530
612.075
607.605
608.456
602.909
602.916
596.466
607.057
610.913
614.031
616.276
612.257
608.399
609.179
603.034
608.509
606.443
608.056
609.777
608.290
612.236
615.023
614.878
610.887
617.476
611.738
614.020
612.824
608.343
612.079
608.591
609.725
612.982
606.127
609.108
605.798
597.822
598.008
600.140
595.897
597.139
602.352
596.017
600.888
606.255
602.761
604.083
612.476
611.862
612.152
608.335
609.332
614.430
611.085
612.212
610.074
609.145
611.681
612.471
616.661
606.319
610.743
609.711
606.299
603.388
604.558
605.403
608.038
608.144
610.282
610.798
609.873
605.487
600.980
602.067
604.312
606.449
607.291
603.455
603.399
606.867
600.833
603.928
600.022
598.679
594.117
593.894
605.155
605.108
611.370
607.846
614.313
611.168
616.589
615.463
607.225
610.843
602.583
608.367
608.215
607.002
605.448
613.511
605.788
601.032
604.785
606.703
606.726
604.698
612.950
606.281
611.160
606.370
608.510
612.815
616.569
616.691
613.804
617.809
612.801
614.073
611.240
617.005
611.096
611.114
609.627
609.938
602.629
601.119
597.361
597.042
599.488
600.623
605.729
607.529
610.648
616.339
615.033
618.512
618.696
620.365
631.379
627.841
626.127
626.138
626.910
617.458
620.975
619.134
622.802
621.675
624.763
624.655
619.243
621.806
620.746
620.323
619.773
615.587
614.029
618.838
619.916
619.039
621.541
621.923
622.888
619.409
611.278
610.754
605.826
610.629
610.550
609.037
606.428
611.623
610.682
611.932
609.588
609.228
615.647
615.944
617.754
616.379
618.764
621.032
624.458
622.119
627.480
626.877
617.905
621.229
620.499
615.735
609.735
615.355
609.000
608.113
601.437
603.846
608.471
611.173
610.082
613.053
609.012
613.026
617.009
617.199
618.286
625.035
625.804
620.700
617.222
608.003
608.465
614.811
613.418
606.084
609.210
608.163
613.827
617.486
617.361
616.123
609.412
620.707
621.824
623.161
614.235
618.916
616.243
621.575
622.174
617.420
616.838
613.206
614.516
612.683
612.547
608.574
611.796
610.519
604.703
602.873
601.944
608.217
603.954
605.755
603.545
606.933
610.407
608.597
605.294
609.298
609.467
607.385
606.625
604.376
599.446
604.975
605.526
604.961
602.812
601.585
598.066
597.880
608.420
610.876
604.244
606.327
609.348
611.233
606.326
605.397
602.326
605.161
600.454
605.768
601.529
600.122
603.668
599.014
603.700
598.233
598.241
596.372
599.833
598.141
598.281
597.885
595.530
596.974
599.783
597.396
599.279
597.365
597.422
601.379
600.171
597.729
604.396
612.505
610.557
613.388
603.783
600.334
610.336
602.497
606.109
602.231
604.663
602.991
600.574
603.011
604.798
599.643
599.207
604.713
604.413
604.413
606.824
612.367
608.750
618.443
614.518
612.154
618.510
611.124
615.688
616.384
621.771
618.749
617.514
609.820
616.056
612.712
611.342
610.029
608.813
608.559
606.182
603.374
603.736
605.433
609.458
602.401
606.537
606.980
606.101
610.357
604.401
604.508
609.378
609.737
608.110
607.208
610.162
606.937
606.042
609.470
606.531
601.722
611.261
607.740
612.485
614.876
614.517
609.530
602.934
610.575
607.216
598.634
598.778
599.313
601.194
602.820
606.401
601.162
604.293
609.775
604.082
597.754
594.917
591.811
601.064
603.218
601.140
596.420
596.813
595.844
592.683
593.589
592.163
591.238
589.772
587.573
589.667
591.226
596.319
598.613
603.759
602.703
604.013
599.347
598.024
594.516
596.547
592.226
591.843
594.988
594.246
593.890
595.538
593.881
589.632
593.493
588.094
587.259
592.684
594.914
593.593
592.951
594.278
592.554
589.104
588.013
589.690
588.872
589.590
591.698
592.154
589.565
596.320
598.523
594.501
596.168
593.161
594.592
595.162
601.514
601.429
601.738
601.000
602.308
597.921
602.741
606.620
601.990
603.850
604.812
606.563
602.940
608.121
608.374
609.011
605.433
605.014
601.574
596.572
598.520
598.604
600.268
601.429
605.463
601.385
610.184
610.344
607.362
611.368
610.581
602.979
604.979
607.843
602.194
606.472
602.915
600.676
604.869
599.888
598.438
602.130
598.599
596.826
591.716
588.571
588.132
581.830
586.006
582.616
589.745
588.680
585.016
587.731
586.081
591.999
594.838
593.194
595.954
600.686
603.344
597.566
590.607
591.819
592.531
593.568
597.949
595.814
595.295
595.548
595.327
598.748
598.514
598.384
596.193
598.309
595.695
593.884
595.660
594.080
592.732
595.276
599.949
596.725
602.494
600.321
605.532
608.958
606.995
603.292
599.944
606.076
613.202
610.023
604.909
606.847
605.416
605.639
602.863
602.695
600.754
599.827
603.255
602.608
593.957
591.838
598.141
601.088
602.627
604.323
604.757
606.840
601.753
599.108
603.780
603.566
612.017
604.039
610.486
613.925
606.933
607.507
611.632
612.319
617.435
621.085
614.391
608.684
620.520
614.558
611.685
610.579
610.818
603.816
603.721
605.248
611.719
610.074
605.657
602.788
603.454
602.125
600.514
603.640
605.719
601.412
598.456
600.287
605.439
603.087
600.120
599.463
603.891
603.214
606.779
601.677
608.300
599.143
605.848
607.049
605.904
608.384
611.286
609.974
613.962
606.491
607.141
608.638
608.960
603.740
604.071
600.920
603.849
609.834
610.623
607.350
609.051
614.277
613.003
607.310
611.230
612.240
608.149
605.647
598.293
598.229
596.011
596.885
601.510
605.656
597.545
596.086
593.783
592.753
603.823
602.037
599.608
605.665
601.347
603.952
610.311
610.468
602.443
603.364
601.960
606.405
611.394
607.281
603.687
604.611
597.151
603.993
601.241
603.476
602.930
608.977
604.659
603.660
606.578
607.577
607.339
608.366
609.590
612.789
609.865
612.860
613.658
615.400
606.534
605.158
605.369
606.833
608.680
607.273
603.233
605.005
609.849
603.098
601.394
607.334
609.618
607.954
604.251
607.959
606.879
607.542
607.747
602.283
602.464
599.753
599.485
594.484
601.286
602.302
596.659
601.995
606.720
606.754
608.102
604.593
608.941
602.370
607.866
611.646
611.843
612.383
607.124
613.046
606.747
605.904
607.953
607.212
608.398
611.311
615.643
605.486
597.606
595.392
590.493
596.800
591.999
591.826
595.999
594.057
593.009
595.425
592.603
592.442
592.021
591.059
595.047
588.032
592.258
592.069
586.935
583.600
583.076
586.861
585.679
587.870
589.374
588.981
595.196
592.388
588.637
589.489
588.062
591.877
586.513
586.195
577.566
580.216
578.372
580.164
581.397
584.357
585.758
581.710
585.554
584.456
587.428
579.575
573.461
576.992
576.304
577.837
575.511
578.466
578.226
581.665
575.808
575.423
571.584
579.772
578.207
583.496
586.971
590.196
588.428
587.855
584.827
581.172
583.047
586.697
584.148
591.224
595.179
593.807
594.237
591.671
596.978
599.770
598.944
600.560
589.074
590.084
590.839
592.363
593.754
586.914
587.798
596.434
594.148
596.209
590.495
594.862
591.560
595.770
592.534
595.972
600.704
602.092
601.291
613.275
607.963
608.137
604.478
596.348
597.682
599.328
601.271
591.723
594.339
598.087
597.086
598.065
596.633
597.585
598.139
602.609
603.674
603.410
602.918
604.852
604.009
604.447
606.870
604.904
606.194
600.663
609.200
608.179
618.997
617.410
613.912
611.145
601.972
600.490
595.793
587.863
592.681
600.257
604.168
601.067
609.826
606.073
596.596
606.937
601.733
600.056
604.872
603.551
608.821
611.168
611.343
618.991
614.089
612.792
614.173
614.429
616.262
613.311
605.426
605.252
603.757
599.793
605.699
598.419
594.054
593.393
594.917
597.297
595.461
593.046
595.926
590.941
588.219
591.817
586.846
587.695
585.234
592.226
590.237
587.097
590.676
589.289
598.106
597.762
599.110
594.320
598.174
608.734
606.950
599.066
593.809
592.283
597.116
596.473
603.484
604.065
603.632
597.896
588.653
587.535
588.056
589.537
590.304
590.285
595.066
592.527
596.519
597.944
596.997
595.849
597.965
588.122
588.239
584.728
586.008
581.755
581.161
584.793
589.247
583.682
584.830
590.777
599.115
593.326
590.395
589.349
589.523
591.552
585.037
582.799
584.019
584.794
586.138
586.903
589.925
594.286
599.266
597.087
602.166
605.679
600.841
608.385
603.751
609.409
602.877
601.514
601.473
602.411
600.976
601.231
604.318
599.049
593.912
592.414
590.972
595.730
592.635
594.933
596.125
599.925
597.580
601.868
599.539
603.329
602.503
604.986
598.439
597.080
592.561
595.870
597.517
604.909
603.538
598.704
595.330
595.802
598.906
598.759
599.722
602.149
601.240
601.738
607.412
610.547
617.388
616.399
619.385
617.153
619.654
621.966
622.014
619.259
620.369
621.030
619.017
611.925
608.635
607.792
610.541
616.134
613.724
612.201
606.234
605.932
601.431
607.070
609.653
610.620
607.189
605.022
601.962
605.489
605.500
604.000
609.645
604.872
607.164
610.861
610.180
606.556
608.596
612.471
612.302
607.630
608.094
606.368
606.277
609.244
603.526
604.693
603.854
602.146
605.885
606.331
606.662
610.982
604.104
604.218
602.738
606.088
608.422
608.525
606.159
600.944
606.882
600.207
600.502
602.456
603.118
604.949
610.657
611.576
608.732
605.561
602.699
604.809
607.000
606.247
601.181
600.822
597.063
595.347
594.411
601.715
598.740
598.023
597.199
595.857
594.501
589.159
593.687
602.431
595.318
593.627
591.225
597.337
602.052
605.042
601.842
600.970
607.229
613.996
611.620
606.480
603.810
609.692
610.316
603.303
599.307
601.934
600.094
599.303
602.782
602.433
601.701
604.012
601.842
609.599
605.044
607.576
613.414
609.866
607.634
611.286
614.818
611.620
610.090
611.220
611.868
621.071
617.414
621.814
623.858
629.493
621.589
627.861
627.234
618.837
618.564
619.200
620.880
610.872
619.149
618.990
617.929
616.028
610.028
609.242
610.608
604.919
607.628
603.624
607.549
605.211
606.319
611.296
610.352
607.507
613.429
612.750
613.019
609.805
609.015
609.443
607.347
606.289
605.065
610.705
608.792
609.367
606.220
606.507
613.606
615.255
621.738
620.328
619.724
617.750
613.005
612.922
612.482
611.936
611.441
614.221
610.726
606.916
606.520
605.114
608.891
609.975
605.081
607.308
605.071
605.535
611.014
613.426
606.389
603.115
600.619
602.914
600.314
599.791
599.983
596.337
600.929
601.246
600.146
603.669
600.431
600.274
605.373
600.037
603.592
602.505
599.443
598.513
592.014
595.223
600.017
599.698
595.195
593.784
596.102
594.486
584.937
585.887
588.706
589.024
593.030
587.792
588.915
593.517
593.106
591.458
596.327
595.287
594.641
595.247
595.146
596.155
603.420
608.531
600.144
598.109
603.478
603.051
602.010
605.996
603.727
606.972
604.803
608.709
607.340
610.145
613.476
614.372
614.740
607.931
611.534
616.064
609.779
608.548
616.404
618.719
610.773
611.970
608.895
606.738
602.095
603.670
597.463
599.844
598.478
596.552
591.945
601.520
600.116
601.446
601.312
605.054
609.449
602.673
592.308
597.059
597.783
602.250
597.350
600.769
596.421
595.194
602.099
596.396
593.941
590.441
589.556
584.740
590.208
589.842
589.348
596.789
598.592
601.205
604.300
605.384
606.348
605.215
606.231
604.731
604.871
612.006
613.426
613.547
606.159
604.265
607.778
605.472
604.463
610.080
610.630
609.708
614.494
607.842
605.068
604.411
608.397
611.709
605.549
608.556
602.214
606.938
609.222
607.557
604.847
603.209
606.459
600.845
602.500
597.200
598.788
604.246
604.203
608.947
609.761
611.008
608.646
611.389
611.166
613.437
608.305
609.482
607.032
614.190
611.475
606.230
603.064
607.639
610.991
610.276
603.406
602.367
600.807
605.477
609.206
605.882
603.696
602.668
602.829
606.219
609.604
612.461
610.404
606.725
604.156
610.034
603.193
603.990
601.990
602.648
609.055
603.233
597.017
604.937
607.328
606.630
603.306
602.152
604.040
599.547
603.279
606.375
601.670
606.847
603.067
601.369
602.849
602.345
596.378
596.556
590.542
593.709
596.115
593.409
592.027
589.439
591.432
592.220
592.237
598.661
600.261
604.307
602.869
607.272
606.220
606.836
606.800
607.548
605.821
607.535
609.198
601.200
601.739
594.870
599.722
599.123
602.090
601.765
597.719
595.585
593.253
590.700
596.500
595.225
596.598
593.552
592.516
596.609
597.481
597.262
598.957
605.677
604.431
599.810
597.964
601.282
608.301
602.157
603.014
603.918
602.416
600.685
603.868
605.689
599.208
604.166
604.039
607.425
604.583
609.727
611.230
607.364
613.379
617.176
616.871
617.304
614.576
621.968
617.131
620.398
617.005
615.017
614.662
616.359
623.599
617.574
618.577
617.741
609.315
619.841
615.883
622.020
614.669
608.480
613.077
614.297
612.731
608.134
605.685
606.146
607.153
605.069
606.661
611.735
612.570
613.437
612.965
615.397
614.116
615.509
608.114
607.524
606.692
599.151
603.616
609.646
609.814
612.439
617.034
624.063
623.789
619.184
616.042
613.569
613.410
612.590
613.101
612.800
606.838
605.740
604.645
601.231
608.645
610.680
607.132
607.453
608.859
608.970
608.795
607.297
601.160
602.169
597.356
597.359
602.884
600.753
593.955
597.487
600.161
597.675
595.751
602.136
602.143
606.041
605.692
599.741
605.567
608.373
600.525
601.228
594.148
599.172
602.572
599.965
599.544
592.527
599.632
599.748
594.816
601.749
600.502
595.892
597.403
604.951
610.822
611.453
604.775
605.074
606.638
607.407
614.982
610.790
610.798
616.322
618.550
611.618
609.714
611.017
615.267
608.340
604.540
611.830
605.057
600.612
598.579
595.758
598.063
588.224
587.247
591.436
593.126
590.053
591.426
599.932
601.464
600.516
601.528
608.769
604.380
596.840
589.098
591.945
593.153
593.916
593.740
594.548
599.728
594.321
590.874
588.860
593.774
596.205
595.171
594.444
599.133
597.671
594.078
594.556
600.195
600.754
604.334
597.416
593.670
594.616
597.092
599.678
598.028
604.019
599.708
604.443
599.071
597.746
599.451
602.514
600.507
601.819
609.341
611.975
606.875
604.158
608.910
610.573
614.385
616.679
611.269
607.754
604.861
610.837
606.095
604.587
601.457
605.481
612.428
605.972
597.267
608.025
614.429
604.043
606.029
605.401
604.223
608.421
611.095
608.945
603.735
599.618
599.100
605.101
604.762
598.385
605.355
607.136
609.360
606.153
605.531
603.286
609.140
603.553
603.482
607.885
609.082
614.388
622.763
622.439
617.887
618.097
614.303
615.281
616.419
618.879
621.688
618.186
620.066
618.459
613.524
610.417
607.691
612.964
607.471
609.570
610.768
611.925
614.167
613.786
619.355
617.624
614.908
616.132
616.095
615.694
618.861
619.547
613.911
617.569
614.837
613.889
610.251
604.985
604.625
605.807
602.315
605.614
606.404
603.973
608.274
601.587
602.199
601.807
603.122
599.691
596.964
593.845
598.074
594.397
598.403
600.086
603.791
599.213
601.137
599.977
603.074
605.234
599.031
598.803
598.585
598.848
595.408
599.805
595.801
604.706
594.986
600.902
600.025
604.837
607.743
605.118
607.022
607.155
603.797
600.354
606.195
603.884
598.272
601.209
606.447
609.341
602.652
605.482
609.589
598.882
600.186
597.277
599.145
595.155
603.585
604.975
601.428
605.789
602.101
605.299
603.914
607.867
606.881
603.792
603.441
605.598
611.124
600.622
598.689
600.765
601.039
606.261
605.614
604.189
604.397
604.636
602.283
610.421
613.447
610.596
617.418
609.723
613.422
613.401
617.617
614.207
617.804
612.948
611.595
611.485
612.695
608.264
610.592
610.119
614.714
619.807
615.184
617.035
616.228
616.684
617.438
615.837
612.513
611.693
611.492
608.244
612.852
612.052
606.249
600.438
607.804
610.246
610.035
603.025
606.355
618.842
617.176
618.345
609.490
607.980
606.195
613.763
612.577
610.066
606.135
608.301
600.614
609.662
607.602
607.010
606.646
609.184
617.802
619.581
612.590
619.400
619.765
625.781
623.056
614.458
613.011
610.487
619.938
617.114
618.186
617.870
613.344
621.544
616.612
615.684
618.981
614.101
611.415
604.877
601.718
607.687
614.496
608.715
615.820
606.741
606.494
599.888
605.367
601.281
599.347
600.798
602.153
600.522
600.142
598.981
602.031
599.590
599.931
598.591
596.039
589.212
595.494
600.732
596.486
597.619
596.680
597.157
598.744
597.286
604.078
600.819
603.003
598.499
598.996
594.191
594.054
599.290
599.049
604.401
600.400
599.614
600.779
592.075
592.637
597.113
598.128
595.088
590.037
597.059
584.005
595.720
601.487
602.295
599.372
593.585
596.240
595.664
596.187
602.555
607.171
604.678
603.021
603.122
604.220
604.771
603.363
605.447
600.038
598.926
598.344
598.808
591.751
587.864
592.020
594.490
598.913
597.959
595.883
593.308
596.472
590.936
585.615
585.384
589.780
581.405
578.959
583.296
586.257
584.281
587.217
586.515
588.810
588.133
585.646
586.081
586.675
586.929
579.377
578.357
584.820
581.875
579.355
583.880
585.948
581.923
583.543
586.691
587.464
587.377
589.551
580.700
586.917
590.888
585.084
583.957
586.373
583.883
586.720
589.770
588.519
595.251
592.885
595.002
594.621
585.789
590.152
592.069
591.498
593.081
597.060
594.589
597.440
594.919
593.262
593.654
592.361
592.222
597.548
597.892
598.373
593.369
598.701
590.925
588.664
588.213
591.158
585.165
590.251
586.098
588.739
588.951
587.417
591.219
587.371
581.377
582.606
580.703
585.635
587.812
589.464
582.596
589.083
591.481
588.371
585.303
586.397
588.094
588.873
579.077
581.156
586.282
589.718
586.021
587.755
584.166
585.551
590.829
591.742
593.557
594.202
593.382
592.626
602.983
603.350
599.188
596.354
593.446
594.341
594.449
597.228
594.797
599.727
600.041
607.200
602.794
602.547
603.676
605.664
604.156
611.338
609.968
608.015
613.687
613.767
606.071
609.300
603.444
604.871
606.087
598.866
605.006
598.121
596.631
596.090
596.734
604.281
600.751
608.738
617.217
615.933
615.221
613.153
614.107
616.371
611.585
612.359
601.606
605.563
603.191
602.460
607.737
612.491
614.051
616.598
607.994
613.305
607.024
611.412
603.272
605.900
600.797
603.717
612.938
611.100
612.485
608.839
602.845
606.365
610.781
610.395
600.641
599.522
594.671
597.227
600.809
602.169
606.389
607.659
609.554
602.139
597.919
597.703
594.007
591.444
592.919
594.662
593.423
590.962
592.753
594.933
599.785
594.396
600.691
603.302
598.655
600.745
599.592
602.751
603.279
606.815
607.845
602.431
604.334
601.244
603.542
603.688
600.028
605.520
602.450
607.698
606.205
604.699
599.039
593.813
603.202
604.627
601.194
600.754
600.647
606.620
605.849
608.728
607.799
607.868
613.025
612.532
613.365
614.703
607.670
603.765
604.803
606.206
597.010
603.703
599.369
598.325
602.470
599.402
592.845
599.170
594.675
590.918
586.754
589.183
585.354
586.863
585.950
584.790
590.860
589.595
593.186
607.584
600.354
602.463
602.846
603.227
597.306
592.093
590.621
592.473
593.835
597.707
599.200
599.211
601.053
595.443
596.624
593.843
594.204
597.534
608.497
599.367
598.624
606.917
601.519
598.004
601.905
597.712
598.423
595.210
591.491
588.684
587.361
587.143
587.986
590.472
593.169
591.338
591.673
596.536
591.231
589.645
593.749
589.582
590.179
592.747
590.855
590.914
591.723
600.237
596.899
595.322
592.812
599.314
595.313
602.056
602.235
605.644
599.458
604.121
603.618
609.127
605.390
611.700
615.434
613.193
613.398
613.691
616.396
612.399
615.068
613.958
612.418
615.401
614.359
615.556
618.398
623.508
618.532
615.781
618.481
616.941
613.229
611.869
609.216
611.542
611.121
612.470
608.193
608.565
608.953
602.052
605.014
607.107
613.403
615.782
613.528
618.813
616.550
621.388
617.252
613.876
612.876
618.333
623.676
619.966
623.232
616.455
617.081
621.795
624.527
613.234
612.850
608.960
609.726
599.937
607.054
612.072
597.567
595.112
599.397
598.125
596.689
600.322
596.820
600.915
594.289
595.019
590.701
586.496
593.317
595.544
592.556
591.656
590.919
591.308
597.311
602.247
599.086
601.400
602.405
600.877
605.501
605.991
613.608
595.711
603.319
594.961
593.846
595.085
596.038
594.204
597.168
598.356
600.923
600.649
601.315
605.259
603.912
604.494
609.172
600.636
607.411
607.912
607.151
604.920
606.173
604.239
605.881
604.599
599.975
602.349
608.448
607.732
611.296
613.269
609.376
614.893
610.272
615.686
609.803
609.408
607.122
605.585
610.553
608.013
600.788
602.194
600.322
595.954
597.481
592.116
589.584
593.646
591.627
597.144
587.135
598.162
596.384
594.753
597.396
595.776
594.836
596.317
592.063
593.746
595.765
592.796
597.850
595.832
596.048
592.313
601.530
607.197
600.652
597.524
603.197
600.943
607.625
606.878
605.525
602.696
607.868
607.178
611.117
613.823
612.107
609.548
608.430
611.186
618.187
617.616
611.779
615.930
611.292
607.704
605.343
606.703
607.256
612.250
614.461
608.801
605.720
605.044
604.737
600.322
595.875
595.723
603.672
604.671
606.435
605.685
595.749
597.398
602.342
603.323
599.647
601.098
599.172
595.453
594.384
606.595
609.333
602.843
613.671
609.175
603.620
601.004
600.820
613.435
609.811
612.578
608.518
611.995
611.658
606.701
608.431
609.031
611.027
606.867
605.961
603.757
612.964
611.531
605.830
607.174
610.708
602.951
605.212
600.398
601.218
605.226
604.439
602.781
597.370
596.099
604.672
601.182
601.170
602.935
598.420
598.792
596.885
599.880
604.623
606.961
603.516
597.850
594.140
595.033
593.975
590.717
589.252
590.947
591.630
594.485
594.931
595.872
594.661
594.262
602.185
592.401
590.999
585.091
587.140
590.268
595.602
601.598
602.206
598.345
602.189
602.279
601.504
605.841
602.135
605.076
599.617
601.830
596.734
592.680
593.710
598.575
598.476
592.459
597.004
596.907
598.730
599.395
601.954
604.393
603.268
601.740
600.894
607.130
606.191
603.403
599.298
599.557
601.711
602.739
603.306
607.729
603.860
601.846
605.219
602.844
605.075
610.114
597.345
605.117
604.227
607.050
602.284
602.540
604.836
606.325
603.191
598.575
597.911
597.834
592.704
598.149
592.254
593.663
601.894
599.068
591.712
589.075
591.423
589.222
594.592
591.384
599.408
593.804
594.874
600.719
601.135
600.698
598.167
599.560
600.238
604.723
605.513
599.343
597.201
597.863
599.134
599.311
596.971
596.720
597.133
599.266
599.569
601.989
600.463
602.283
600.962
599.011
604.195
607.740
603.837
598.492
601.854
598.616
599.733
598.211
591.248
599.587
596.676
593.620
590.940
597.007
597.517
599.013
600.155
603.745
597.155
594.368
596.522
603.326
601.285
598.215
597.391
596.864
605.177
607.287
606.541
602.556
605.958
602.634
600.693
599.942
602.440
598.737
593.462
598.409
594.516
598.489
597.916
597.310
589.225
588.562
590.719
591.684
595.839
598.713
601.245
601.167
606.443
603.253
598.624
603.963
597.465
593.072
588.483
590.828
592.249
591.139
596.559
591.407
588.261
588.501
592.866
588.485
591.197
587.644
593.447
596.050
599.726
596.663
593.156
594.733
589.680
589.610
596.275
590.870
589.759
591.233
595.786
602.632
596.744
601.144
603.398
604.638
607.300
606.159
604.596
603.953
610.186
607.394
602.217
602.839
605.444
602.688
603.469
597.381
586.644
592.354
595.970
594.568
588.465
593.882
592.777
591.323
592.129
594.388
597.736
601.464
598.957
600.348
595.752
599.535
599.440
600.769
601.217
597.276
598.928
598.558
604.044
601.968
598.542
598.690
599.880
599.399
602.691
604.901
604.394
600.008
597.124
600.625
599.462
599.248
599.864
597.167
595.228
599.230
597.804
600.331
602.840
596.740
596.680
600.009
601.998
602.456
598.179
602.087
598.597
600.052
603.456
602.863
605.769
606.327
609.380
611.656
611.278
609.074
611.713
612.094
619.652
614.807
614.601
612.569
613.034
611.636
605.622
609.278
601.092
605.444
606.538
605.811
603.777
601.106
597.029
599.104
602.570
595.058
597.318
600.872
600.656
601.204
602.949
606.771
612.444
610.735
605.781
606.480
604.353
602.928
606.009
606.027
606.943
610.276
612.500
611.174
612.109
602.137
595.118
600.568
602.249
597.407
599.797
599.272
597.485
596.680
594.953
597.137
597.561
599.638
597.366
595.059
602.865
595.245
595.737
599.086
600.624
606.143
607.699
613.943
605.802
601.288
602.483
599.545
606.481
603.850
608.268
608.114
609.896
616.707
610.637
611.458
610.802
610.671
608.004
609.660
619.065
621.491
612.830
615.636
622.357
615.545
611.104
608.000
613.020
617.441
617.517
616.328
617.815
610.024
614.317
610.290
616.539
627.529
625.534
624.750
622.151
627.961
623.227
624.360
625.980
627.259
624.505
620.617
617.951
625.722
624.215
615.581
610.271
612.737
615.748
614.836
611.788
618.313
619.686
620.838
624.518
623.011
622.148
623.071
619.252
619.463
613.406
622.971
622.271
627.200
633.424
631.869
632.901
630.432
627.010
629.959
624.829
621.449
619.369
617.052
613.759
619.865
617.070
622.637
617.398
618.900
617.844
623.853
622.461
616.750
623.975
616.225
619.165
625.065
632.637
631.670
621.942
616.685
621.920
623.636
619.301
625.292
620.477
622.523
622.253
624.644
618.754
614.141
623.075
611.922
609.637
617.937
619.045
609.126
606.574
612.772
605.157
605.016
613.234
603.891
612.388
612.528
606.769
603.601
605.688
610.782
610.937
611.463
612.184
608.793
610.791
606.747
603.406
605.722
604.109
606.577
605.503
609.476
608.396
602.048
597.654
598.865
606.414
602.683
605.471
602.400
607.727
604.803
608.067
603.409
612.409
608.783
604.853
606.035
604.037
607.606
608.789
598.859
596.791
598.975
599.587
594.989
594.987
601.037
602.293
603.252
602.958
597.641
598.031
604.168
603.674
610.910
602.090
602.834
610.912
614.590
608.960
612.072
609.175
606.533
606.967
610.936
610.928
616.550
615.690
616.069
617.033
617.206
620.632
621.444
616.392
617.174
617.036
615.935
613.861
611.284
603.190
602.573
600.612
599.955
597.789
593.740
600.405
599.264
602.827
594.712
596.972
601.536
596.249
596.837
602.307
602.127
598.181
599.247
609.648
605.559
596.775
599.659
590.489
592.132
595.054
596.703
590.112
596.121
591.574
593.221
590.751
590.492
589.545
593.542
593.877
600.781
594.659
592.463
593.635
598.941
591.630
596.380
598.035
593.602
595.357
599.545
598.604
608.099
610.383
606.408
602.312
596.740
604.625
606.233
609.759
610.550
612.149
607.590
615.547
613.104
615.555
613.148
613.277
611.606
610.114
611.101
613.609
607.403
609.029
614.037
609.080
608.661
603.813
608.716
611.746
616.447
618.867
614.059
617.441
616.719
621.171
619.849
612.990
621.265
620.015
625.474
617.799
622.611
621.710
616.306
618.255
618.047
613.341
613.433
608.040
610.320
611.541
613.571
605.986
608.509
612.593
615.271
615.174
609.425
611.941
608.192
604.392
603.555
612.134
608.068
602.765
595.456
602.386
605.487
607.324
606.964
606.973
598.424
596.931
598.370
600.120
606.329
603.108
598.523
602.133
602.027
601.606
604.106
598.680
593.308
594.100
597.433
598.698
593.035
591.383
595.420
597.908
597.501
598.783
601.229
599.385
596.316
601.499
604.633
605.519
605.675
603.147
605.627
608.877
611.615
615.352
612.350
611.426
612.458
605.864
616.309
614.116
609.277
609.150
606.576
609.483
606.594
610.063
608.908
604.220
592.478
596.652
601.136
601.506
601.495
599.773
603.457
593.994
596.268
595.371
599.758
602.932
594.658
593.302
597.396
597.007
597.415
594.977
596.457
591.390
592.796
587.409
594.696
591.743
597.416
593.472
589.213
586.248
589.303
592.377
593.366
592.961
596.580
593.666
590.975
592.468
590.942
597.360
596.744
597.794
595.306
598.822
599.132
603.620
605.644
599.247
600.843
603.500
606.085
602.299
605.181
611.468
615.649
613.859
613.555
608.710
607.206
605.023
607.283
604.818
604.676
605.664
598.843
596.819
598.867
598.970
598.282
596.853
600.687
595.198
603.446
605.752
603.766
603.105
598.806
606.724
601.264
601.589
603.228
605.057
606.530
606.995
604.884
605.317
615.345
611.490
615.651
616.326
610.931
614.809
612.295
615.485
611.371
614.581
613.729
611.463
611.512
611.694
607.117
604.467
603.662
608.853
611.000
616.269
614.250
618.820
611.548
609.122
606.871
607.561
604.468
608.481
609.253
606.507
607.721
609.889
613.305
606.053
615.223
623.141
625.221
620.232
618.983
613.956
612.009
609.979
613.467
608.216
607.950
610.006
615.458
610.650
612.478
608.770
603.046
607.710
610.149
607.149
611.794
611.810
611.127
606.445
609.160
618.529
616.386
616.407
605.626
606.602
608.557
608.700
610.972
606.746
605.311
603.249
604.336
608.028
609.431
614.682
613.296
612.641
603.941
604.011
604.047
608.469
606.131
607.556
608.009
616.207
612.997
611.215
613.548
612.000
610.420
618.798
616.290
612.529
611.606
608.403
607.641
604.361
605.943
604.025
602.170
605.579
599.210
606.600
611.264
613.823
614.095
612.389
610.477
610.734
606.496
604.931
599.133
603.404
603.351
608.454
609.662
607.625
606.020
602.455
605.772
603.713
608.443
608.286
608.274
610.831
605.492
608.788
606.487
605.829
610.309
606.933
606.802
608.203
604.247
602.158
600.390
604.569
602.494
610.807
608.486
605.245
605.513
605.531
606.102
608.080
610.398
613.903
606.287
603.909
605.865
610.700
611.506
603.080
600.422
602.261
603.071
602.388
608.512
605.546
605.504
608.529
606.311
602.918
607.430
607.528
608.165
608.534
611.054
610.129
609.290
608.422
611.098
607.857
605.810
606.041
613.492
617.303
618.360
618.954
618.434
612.109
612.640
612.683
615.175
613.920
616.598
616.815
620.703
615.288
616.563
612.576
611.776
616.547
618.934
614.930
611.840
610.563
605.921
616.557
616.609
613.109
610.545
606.571
610.936
612.756
611.694
610.566
612.192
614.095
616.673
617.279
610.016
611.021
612.687
613.647
612.997
614.365
617.280
621.214
624.251
626.201
623.163
627.377
624.638
628.528
623.585
624.012
624.708
619.868
611.453
613.969
614.283
617.754
618.677
