538.914
534.772
537.788
536.449
537.323
537.822
537.199
538.215
537.844
536.963
538.713
537.341
540.031
538.944
539.337
539.610
535.938
536.580
538.075
533.233
539.365
534.783
534.494
533.315
533.088
532.237
536.565
537.975
536.202
535.077
534.699
538.194
537.432
539.461
541.366
537.970
534.529
535.814
537.891
537.616
536.863
533.277
535.420
530.966
528.350
529.065
533.945
532.323
531.174
531.639
533.435
527.526
532.232
527.957
534.663
540.039
537.002
537.079
540.118
538.355
537.199
535.929
535.104
536.165
536.359
539.213
540.764
539.313
535.465
534.101
532.919
532.944
534.610
532.227
532.538
531.042
534.104
537.258
535.203
535.290
537.793
539.184
533.894
534.037
534.892
534.573
530.538
532.833
538.841
538.343
537.576
537.492
532.739
531.844
536.070
535.378
533.385
531.854
531.671
533.075
531.604
537.320
536.185
538.184
540.092
534.111
534.458
534.215
534.327
533.684
536.275
537.767
535.557
536.310
534.866
535.373
534.142
535.780
536.298
532.861
527.719
530.958
526.608
532.946
533.982
532.201
536.984
537.403
535.862
534.998
537.981
540.153
540.706
540.635
543.743
540.689
544.705
543.483
540.597
542.681
542.490
542.422
547.050
542.372
544.955
542.941
545.101
540.037
538.946
543.925
543.995
540.329
539.598
544.297
541.739
543.551
545.650
545.295
541.496
540.406
543.466
545.769
541.770
544.145
543.634
545.340
539.924
540.436
537.830
534.150
537.931
539.223
538.667
534.542
538.449
538.355
536.764
540.790
539.310
540.785
540.131
541.517
535.067
533.043
529.987
535.146
534.477
536.617
537.696
533.602
535.645
534.371
536.641
534.853
537.099
535.943
535.012
535.183
534.158
534.285
535.125
532.779
532.499
530.967
526.476
526.870
532.486
535.876
537.131
532.441
531.002
530.161
532.356
530.712
529.195
533.130
536.186
533.694
534.021
526.994
525.493
529.204
531.305
530.315
526.347
529.018
530.819
527.930
529.366
530.974
530.309
531.845
531.282
531.517
534.929
534.879
535.369
532.985
534.478
537.409
539.329
536.268
533.789
531.446
535.623
532.386
536.401
535.179
533.826
536.786
537.205
539.325
534.707
535.498
532.285
530.695
533.051
533.938
535.436
533.990
534.697
533.841
531.524
534.573
536.496
533.374
533.947
536.707
535.808
532.913
536.782
536.423
533.453
534.304
532.895
534.942
532.507
533.290
533.479
533.859
534.857
537.867
534.598
534.338
534.190
538.248
535.717
537.222
538.065
540.060
543.931
539.644
540.587
534.798
540.641
539.001
540.764
543.486
545.978
542.329
541.774
539.326
542.370
543.107
546.032
546.051
547.815
551.307
553.049
548.729
547.870
545.442
549.351
547.133
546.791
546.493
548.560
551.850
548.051
546.995
543.972
547.521
545.791
545.795
543.471
545.913
548.412
547.521
546.340
551.399
550.535
551.621
555.738
550.684
552.498
556.330
554.016
551.095
551.005
546.564
543.938
549.008
546.384
542.756
545.038
544.639
543.101
544.209
546.230
555.275
555.195
552.347
548.318
547.750
550.061
551.294
551.214
550.662
554.064
554.055
550.379
548.810
549.132
549.976
550.315
546.246
549.760
547.614
548.232
551.367
551.268
552.262
548.362
547.659
547.693
550.556
548.551
549.092
550.082
554.725
551.597
546.407
552.340
548.664
551.373
547.861
549.505
547.181
548.084
549.032
544.778
540.851
545.021
543.295
547.137
547.043
546.188
541.293
542.641
542.646
544.226
544.778
545.072
545.818
545.928
543.442
543.519
546.088
541.964
542.198
541.992
543.726
543.697
544.740
544.670
544.115
543.986
539.854
542.347
544.711
545.384
544.122
545.071
541.610
540.751
543.443
540.723
535.113
537.040
539.001
538.405
538.064
540.429
538.091
534.543
536.604
536.861
539.985
540.371
538.470
538.730
536.040
532.871
530.002
535.532
536.934
534.040
535.099
535.946
536.103
537.837
539.868
536.778
536.828
538.959
540.163
538.912
538.292
538.118
539.141
536.442
536.572
537.211
535.696
535.781
538.425
535.754
531.804
536.031
534.757
533.778
536.391
534.930
535.414
535.116
537.273
538.897
540.338
539.858
540.315
539.052
541.353
540.073
541.289
540.913
536.762
540.112
536.005
535.157
535.122
538.280
537.184
535.681
537.806
536.860
538.661
541.018
541.011
538.649
538.674
538.755
540.726
539.568
540.234
538.534
535.331
533.098
535.558
541.051
540.012
540.117
533.140
532.995
538.621
539.668
539.673
541.110
539.742
536.823
539.169
539.765
540.543
539.952
541.752
542.926
539.733
541.337
545.603
541.090
540.611
543.973
540.002
545.618
541.142
539.596
539.420
540.267
541.954
543.167
541.821
538.195
539.961
541.614
540.802
538.148
540.054
543.803
539.694
539.665
541.672
542.516
540.872
544.248
539.026
540.845
542.063
536.906
539.494
538.321
537.200
537.124
537.238
538.747
539.327
538.585
540.119
539.147
542.366
537.303
538.742
540.842
542.836
538.615
538.578
541.227
539.573
542.296
539.582
536.899
535.955
537.883
537.033
545.215
544.365
545.374
542.908
542.009
542.345
547.043
542.665
541.046
542.591
539.563
541.167
540.124
537.722
538.071
538.805
537.901
537.223
535.186
540.953
541.603
537.529
537.018
538.528
541.918
540.054
540.371
543.354
542.700
547.146
542.832
537.129
540.656
542.106
541.865
543.544
540.415
539.609
540.870
541.676
542.121
538.923
540.620
536.367
538.167
535.120
533.121
536.935
535.185
533.344
531.456
530.169
532.868
536.887
542.029
538.132
538.603
541.454
538.422
544.302
546.651
542.751
541.975
541.261
542.571
541.754
539.800
545.057
542.494
540.983
539.016
544.873
542.142
540.234
540.475
539.167
541.111
539.770
535.406
533.754
536.564
538.182
537.282
535.562
538.277
539.117
539.384
539.142
537.010
537.576
535.640
537.591
540.348
536.121
537.652
535.653
541.111
538.254
540.838
537.584
541.542
539.704
536.160
532.895
537.539
541.492
537.268
536.367
534.638
539.093
541.557
541.020
537.466
540.261
540.411
537.767
543.448
543.586
536.159
535.769
534.995
536.125
540.002
537.549
535.764
537.247
535.959
539.058
538.111
534.597
538.176
538.896
539.602
541.898
538.232
542.929
540.712
538.278
538.394
539.971
537.676
541.123
540.868
535.326
537.114
536.525
539.255
538.661
540.358
540.535
536.294
535.197
534.539
540.256
541.644
541.758
544.211
544.687
538.896
539.763
544.203
540.562
537.285
538.965
542.218
535.384
537.662
538.390
536.616
540.921
540.982
537.933
536.482
534.379
533.396
537.292
535.819
536.203
538.743
535.446
537.397
540.102
536.805
536.770
535.681
535.518
538.371
534.782
534.365
536.764
538.339
539.396
534.431
535.752
536.417
537.794
542.338
539.341
539.844
538.469
533.801
532.358
534.897
533.414
532.769
529.219
531.473
531.269
528.516
532.390
535.075
533.799
533.659
532.342
534.628
539.832
533.549
533.248
533.271
535.320
533.382
532.619
534.533
533.346
535.079
535.674
535.415
534.499
534.269
541.019
535.279
533.422
535.660
539.230
539.415
538.132
533.778
533.908
532.670
531.386
535.455
536.039
534.168
532.003
532.749
534.908
535.473
533.277
533.562
534.793
536.958
537.392
535.005
537.479
538.383
538.965
539.627
537.115
537.722
537.072
539.407
538.155
536.801
538.749
531.545
533.180
532.316
529.246
531.485
534.841
536.784
535.104
533.153
530.147
531.657
529.047
532.153
530.116
526.277
529.869
532.980
532.722
530.504
530.402
533.675
530.290
529.241
530.069
533.847
533.813
536.089
534.659
534.390
534.439
536.375
530.137
527.474
534.892
532.182
533.302
528.161
534.717
529.289
528.639
533.162
529.713
527.024
529.891
527.809
529.214
530.151
529.716
523.219
523.160
522.534
528.151
524.424
527.007
525.006
526.835
529.035
526.601
532.718
529.414
528.350
527.448
524.983
527.128
528.690
527.475
525.824
523.646
527.584
527.253
525.303
525.163
524.044
525.343
525.654
530.687
526.205
529.927
531.889
530.103
531.009
530.970
527.776
528.015
532.061
532.174
532.746
530.007
529.404
528.797
528.565
535.500
532.841
533.247
530.627
532.742
537.149
533.002
528.956
532.372
530.311
531.713
531.032
531.730
533.714
536.599
536.789
536.675
540.051
539.625
536.931
537.128
538.084
538.951
538.953
538.963
537.702
538.450
535.847
535.042
535.263
539.461
539.794
540.786
540.486
537.276
539.160
538.283
541.112
536.886
537.231
536.585
538.769
536.542
539.899
536.005
542.235
542.280
538.701
540.214
540.189
537.702
537.260
535.623
533.111
534.594
535.886
536.347
539.504
537.438
537.461
537.929
536.391
535.881
535.356
537.356
535.061
539.820
537.174
535.964
532.279
532.916
531.874
532.863
532.381
528.935
531.619
529.724
528.782
533.574
536.421
537.361
535.319
540.598
534.494
530.895
531.795
531.780
534.564
532.544
534.106
533.338
537.466
535.313
534.580
532.158
534.859
534.008
533.000
535.732
533.290
532.050
532.104
529.005
529.055
531.780
530.834
533.180
530.347
528.762
531.891
532.222
533.893
532.713
528.608
531.016
529.063
530.195
533.742
535.664
532.792
529.576
529.364
529.013
530.551
531.255
535.256
535.742
531.733
534.326
531.678
537.480
529.413
528.213
533.292
533.592
531.978
531.384
530.745
523.135
526.141
526.788
528.350
531.436
530.093
528.061
530.136
533.679
535.640
534.089
531.642
531.509
531.563
529.527
527.657
532.684
529.691
526.218
528.711
527.446
528.572
532.143
531.147
526.473
529.491
529.679
531.658
533.917
534.913
528.858
526.603
529.214
532.798
529.568
527.253
530.899
533.842
536.939
528.558
530.605
529.907
530.847
530.906
530.676
531.518
523.907
525.537
527.707
523.277
528.958
526.511
526.613
525.484
532.553
535.688
532.974
534.413
535.879
533.757
529.975
532.249
529.525
529.451
530.337
527.669
529.615
531.673
526.859
522.568
526.672
528.130
526.362
526.049
530.659
531.845
530.617
526.065
527.718
530.800
528.289
528.060
528.476
525.397
524.788
525.958
531.025
527.326
527.774
529.536
529.451
526.816
525.756
528.964
528.949
530.634
532.171
528.006
530.755
529.297
527.924
529.025
528.000
527.729
530.705
532.314
531.089
533.881
535.241
533.392
535.572
535.462
534.327
536.174
533.253
532.147
533.686
534.936
538.599
535.034
528.790
532.199
533.833
538.577
539.890
537.094
536.203
537.018
537.305
537.738
535.206
540.182
539.500
538.010
536.783
536.790
531.292
534.229
535.122
531.529
533.149
536.346
531.551
535.055
536.463
538.264
535.483
534.248
532.656
528.675
533.275
530.710
529.053
536.056
531.076
534.579
532.081
531.620
531.506
532.871
529.790
528.925
522.831
529.948
534.229
533.222
528.487
530.333
531.909
530.959
532.325
527.298
529.646
530.626
531.177
531.416
535.054
529.531
534.053
532.882
538.217
534.899
530.443
529.258
530.411
528.577
530.323
533.023
534.383
535.956
532.400
528.487
535.116
532.945
531.526
530.633
531.765
530.480
527.669
527.827
531.281
529.459
534.998
531.880
525.526
522.893
526.082
524.443
526.832
527.399
526.505
527.559
529.417
529.095
529.013
528.558
530.521
527.935
526.019
527.580
527.537
524.377
526.054
521.514
524.689
520.924
521.445
523.981
526.399
530.418
530.387
527.395
526.089
527.503
526.786
526.113
523.963
521.556
527.809
523.119
523.284
522.991
524.141
520.487
520.949
521.455
523.947
523.695
522.921
525.429
519.511
526.318
527.925
527.831
522.657
521.181
521.918
526.587
520.270
518.531
525.985
521.660
524.544
524.267
524.618
525.022
523.597
526.239
524.402
521.716
522.243
523.833
521.806
522.635
523.554
519.774
521.198
522.149
523.543
525.015
521.736
521.523
522.809
524.337
525.887
523.154
520.709
520.393
521.184
524.735
521.825
517.758
523.025
524.602
523.329
523.123
525.137
524.589
525.505
524.221
527.340
526.729
529.188
527.394
524.512
527.813
532.714
531.367
531.750
527.521
525.728
524.331
525.766
524.270
525.210
520.692
521.250
522.490
527.277
524.466
522.562
524.646
524.883
524.153
523.322
524.828
524.739
525.509
527.679
524.664
527.619
524.053
530.003
525.346
523.621
526.343
527.829
523.252
521.781
522.145
522.956
521.254
523.931
522.349
524.966
525.503
521.053
525.809
522.534
520.682
526.319
526.202
526.182
528.295
523.816
525.569
527.168
526.942
526.000
522.453
523.750
521.798
522.948
524.597
527.243
527.115
526.152
525.956
524.548
522.004
523.341
526.218
522.240
523.883
521.175
525.159
526.367
524.693
523.497
524.481
527.415
524.530
519.321
522.553
524.460
522.057
523.531
523.243
525.998
525.689
530.054
527.166
523.372
522.310
521.791
526.099
529.595
527.921
526.713
526.808
530.027
530.523
528.924
531.310
533.110
529.841
532.475
530.838
528.241
529.466
528.273
524.355
524.598
524.436
530.445
530.561
525.569
525.798
527.397
525.548
529.460
526.867
525.311
523.013
526.664
524.935
526.256
525.809
526.469
523.514
525.147
526.504
526.384
523.147
524.079
526.467
526.886
525.354
526.857
525.279
526.136
529.420
530.927
528.001
529.066
528.915
528.804
529.448
526.265
526.025
527.407
526.437
527.879
526.512
525.701
523.968
525.784
528.088
521.674
526.839
528.919
527.050
524.100
524.184
523.028
525.640
527.429
527.120
528.319
527.229
526.284
523.939
525.020
524.052
523.475
523.868
527.303
528.982
530.798
525.021
528.536
531.830
527.635
528.327
526.317
525.556
528.008
530.096
526.581
529.577
530.752
529.719
529.682
531.027
528.551
531.381
530.569
527.566
526.557
523.707
526.504
528.956
528.159
528.011
525.321
528.325
526.522
529.115
529.556
528.863
527.305
526.364
534.811
530.633
529.861
533.815
530.194
532.457
532.967
530.698
531.016
531.621
531.776
527.796
528.181
528.357
526.285
523.900
524.058
525.012
527.140
526.209
523.576
524.500
523.525
524.686
524.858
528.553
526.131
526.317
525.012
526.170
524.811
526.843
528.542
528.559
525.728
528.140
524.762
529.463
529.543
530.956
528.111
530.084
531.856
529.504
529.250
524.949
530.372
531.870
534.125
533.658
529.686
525.766
525.292
526.211
529.502
524.581
528.086
529.949
528.150
530.744
530.912
533.679
530.951
528.476
530.330
532.347
532.601
533.902
532.776
529.629
532.479
532.970
535.148
534.713
530.520
531.126
531.041
531.766
533.112
534.847
532.976
535.461
532.806
534.479
533.522
532.478
536.164
537.771
535.983
534.337
533.613
533.521
530.540
535.226
535.245
537.998
532.093
531.462
533.141
532.328
531.815
531.286
534.756
532.565
530.351
527.952
533.219
530.979
533.834
535.119
534.307
536.690
532.674
536.144
538.656
537.632
535.495
532.421
530.423
526.677
530.595
534.755
534.192
532.492
532.210
532.868
533.615
533.761
531.310
531.141
528.874
529.331
532.440
531.783
533.458
533.891
534.155
535.954
531.892
531.066
531.784
533.556
535.697
531.220
534.448
530.230
526.641
528.720
530.418
529.423
528.301
525.412
527.028
528.023
519.445
521.515
520.576
525.631
523.505
526.228
524.650
521.936
521.624
526.062
528.253
527.685
524.211
520.252
521.892
525.316
526.128
526.951
531.040
531.608
525.750
523.643
528.329
525.713
528.914
527.721
529.008
528.749
528.968
527.507
528.730
530.619
531.078
530.560
533.737
538.306
533.813
533.910
537.191
533.316
531.269
530.587
534.016
532.004
533.386
535.445
538.583
540.156
540.233
537.987
533.390
538.147
537.931
537.812
538.461
539.553
535.959
535.000
534.725
533.003
530.660
533.753
530.209
531.762
529.541
529.479
528.810
530.727
528.312
529.537
533.006
529.570
530.197
531.428
529.851
535.006
530.970
527.936
531.441
531.008
535.035
532.532
533.326
534.016
533.144
533.884
532.506
530.243
531.718
531.665
531.276
533.115
533.412
530.182
528.970
529.890
533.657
530.589
533.080
534.683
536.215
534.150
531.434
531.802
533.309
534.328
534.290
534.077
531.031
533.299
534.418
532.662
530.925
530.751
536.797
538.020
539.635
539.294
538.764
539.356
535.600
533.683
533.611
533.248
535.321
535.680
536.309
537.403
538.591
537.793
541.362
542.366
537.784
538.767
538.215
539.134
538.466
536.823
535.643
536.132
534.902
535.520
540.233
539.919
535.734
536.551
537.343
534.629
540.769
539.889
541.255
544.668
539.904
537.687
537.496
539.116
534.715
537.067
537.148
539.509
540.773
543.760
540.483
538.750
544.555
542.764
541.626
541.466
537.088
541.711
541.594
542.744
545.413
539.526
539.014
540.621
541.554
539.164
537.534
537.528
539.557
537.300
537.832
537.917
536.512
538.178
536.430
543.239
542.081
541.480
537.888
538.267
541.211
544.149
541.281
542.632
542.751
544.766
543.840
539.630
537.890
538.393
540.147
545.922
540.668
542.078
549.329
546.874
548.496
550.450
551.259
550.000
546.842
548.696
548.852
546.070
542.467
547.103
546.532
545.324
547.063
545.198
542.890
545.641
549.158
546.828
545.489
547.338
545.882
548.023
549.528
550.189
549.509
548.866
547.116
549.233
548.080
544.307
547.167
546.009
547.389
551.919
553.042
552.052
549.881
549.297
550.863
546.132
550.771
548.013
548.747
553.778
548.372
550.035
546.380
544.953
547.795
549.437
547.811
546.604
546.731
543.420
541.931
544.378
545.769
545.841
546.966
547.491
545.198
546.559
546.362
544.181
545.524
546.692
544.038
544.295
545.209
544.639
543.869
542.580
543.607
543.187
546.548
545.727
543.081
543.510
548.807
547.787
552.162
550.459
547.852
545.165
545.174
546.449
546.337
543.970
541.489
539.153
542.834
543.820
543.295
548.011
544.193
543.354
540.054
543.879
541.121
536.883
541.215
542.878
551.888
546.820
545.637
549.478
546.372
549.274
545.047
547.813
541.347
541.333
543.085
543.281
540.846
541.208
541.582
539.249
539.864
542.371
541.409
538.679
539.046
542.852
542.304
543.463
542.248
539.973
540.146
541.151
542.117
541.402
544.052
540.222
543.389
543.811
544.082
547.736
544.599
547.788
540.483
546.571
550.650
548.408
549.191
549.608
550.112
549.962
548.500
547.331
542.375
545.966
549.134
547.919
542.209
545.226
545.610
540.185
541.278
540.818
541.457
542.679
538.541
545.937
542.236
538.294
537.107
533.382
539.721
538.489
539.267
539.169
540.910
539.132
544.419
536.122
539.277
535.164
535.929
532.972
535.450
538.557
536.466
538.112
540.312
537.146
534.894
533.338
536.696
537.466
535.928
531.863
534.154
533.917
535.114
536.486
533.229
532.321
535.708
530.699
533.437
537.428
540.158
542.509
542.242
539.915
542.835
541.087
537.021
537.459
536.109
535.551
533.046
534.831
532.896
536.685
538.882
538.267
540.425
541.812
538.885
535.958
537.450
539.393
543.465
538.689
544.807
544.620
542.763
545.830
542.893
541.945
541.835
540.289
538.190
541.656
543.825
541.050
538.583
545.667
544.121
543.602
541.395
539.584
534.813
540.648
546.955
545.828
537.901
539.191
540.577
542.414
539.119
539.219
541.571
544.889
541.405
543.936
542.650
542.775
542.378
542.699
544.041
543.511
543.241
541.789
538.346
538.047
544.787
539.448
539.316
538.269
539.114
545.684
546.323
541.055
540.854
544.200
538.167
540.069
539.618
539.496
536.236
537.702
538.931
542.467
536.718
538.921
535.932
539.105
542.086
540.118
535.088
533.705
535.999
542.461
536.961
537.980
539.327
530.390
536.952
535.200
537.131
540.133
538.132
535.909
535.776
539.958
537.380
538.265
538.023
538.479
532.743
534.713
534.853
536.996
535.603
536.662
538.585
539.612
534.145
536.444
536.292
535.915
533.119
535.001
532.687
534.165
532.026
531.336
532.351
524.732
524.389
526.349
527.661
532.209
527.031
527.907
527.828
528.003
529.082
531.570
531.827
532.941
529.282
528.120
531.771
526.274
527.159
527.002
528.693
526.170
526.988
527.312
533.728
529.720
537.605
537.576
532.910
534.112
531.419
533.978
534.101
529.731
527.101
531.317
534.193
536.931
534.337
535.771
538.584
535.249
540.977
539.080
538.315
537.537
540.778
536.539
540.761
536.253
539.703
538.749
541.489
541.869
537.079
538.052
539.017
538.383
536.672
536.591
538.670
535.644
533.903
533.014
536.323
534.507
533.902
537.862
536.257
535.426
539.179
539.769
538.004
535.368
538.705
536.704
536.212
534.650
532.398
534.212
533.437
534.605
530.266
535.426
532.432
531.887
531.940
534.083
536.102
535.034
535.395
535.500
532.842
532.956
536.230
535.134
533.377
533.275
535.186
532.085
532.467
534.777
534.080
533.383
535.271
537.680
536.818
532.192
533.812
531.134
534.571
535.117
536.169
533.968
535.569
538.409
536.826
535.993
534.803
535.536
532.938
532.299
537.776
535.594
532.283
535.241
531.701
534.993
537.831
535.772
531.340
535.287
537.243
535.987
538.931
538.736
538.902
536.485
536.675
537.703
539.122
539.652
539.310
538.434
539.360
542.043
539.666
540.755
535.483
541.344
540.696
533.516
535.877
537.677
537.275
538.944
535.156
536.201
536.284
538.494
537.906
538.044
536.596
538.987
534.538
536.006
540.530
537.345
539.496
535.441
538.581
536.609
535.973
538.287
534.263
539.103
532.800
535.905
536.513
533.752
532.439
534.219
529.379
533.667
530.612
530.999
532.448
527.622
528.918
529.816
528.143
530.590
531.588
528.498
529.207
531.677
528.538
529.008
535.944
537.699
535.053
531.345
531.165
533.056
532.935
533.023
532.077
533.996
531.856
533.872
536.004
531.204
528.995
530.163
531.259
532.426
531.470
529.761
528.065
526.394
527.065
530.697
528.689
530.607
530.325
532.498
534.944
533.957
534.244
529.976
532.692
530.138
532.770
529.398
530.455
535.387
533.567
528.481
530.627
530.655
532.906
529.418
528.567
531.905
533.464
536.856
535.473
532.040
534.466
532.916
532.967
533.255
537.213
541.554
541.693
537.474
538.397
539.217
534.629
535.595
534.426
539.367
540.411
538.047
543.048
538.903
535.588
537.661
537.933
535.310
536.568
532.398
534.387
534.090
533.146
533.852
535.327
535.629
538.816
537.434
541.263
540.758
545.275
541.148
540.061
535.178
541.472
536.304
540.002
537.737
539.893
537.923
540.641
538.493
538.267
539.326
539.981
534.641
538.157
540.601
540.131
536.695
536.814
538.512
537.263
536.313
534.004
533.316
538.272
536.333
536.801
532.677
536.177
537.951
540.729
539.506
536.383
536.696
537.476
536.783
538.676
540.419
537.942
537.768
538.760
536.613
542.748
537.743
539.302
540.191
542.028
544.232
544.329
540.471
541.704
544.674
546.127
546.290
545.971
544.368
545.367
544.293
546.989
545.800
543.635
538.338
540.594
541.595
539.698
541.886
541.316
548.107
544.067
544.619
542.344
549.139
541.633
540.896
538.452
540.035
538.151
539.348
540.142
540.915
539.241
541.304
540.302
538.948
540.147
538.913
543.108
543.625
541.268
538.143
538.218
539.540
533.598
533.049
534.794
540.115
537.300
540.667
542.073
542.394
535.283
535.160
534.159
533.430
539.786
540.426
542.840
539.557
540.985
541.381
539.495
542.079
542.548
540.734
539.376
539.175
540.242
537.707
535.596
536.205
535.541
534.404
535.319
533.525
538.935
533.081
540.327
540.594
541.769
541.134
537.758
541.134
536.361
535.438
539.109
542.087
541.377
543.343
540.361
538.025
542.991
538.760
540.147
531.727
533.321
533.636
534.110
533.171
535.148
532.095
535.914
536.880
537.696
536.534
533.317
535.235
535.941
537.682
535.123
536.979
535.209
536.474
533.780
537.006
535.452
537.040
539.326
539.130
537.050
534.928
533.502
534.163
537.442
535.954
534.403
532.842
533.487
537.589
538.711
537.461
537.453
537.777
536.817
533.302
536.155
536.173
532.522
535.878
534.856
533.073
532.576
532.305
536.590
538.965
534.963
538.014
538.880
537.944
538.743
537.228
537.625
535.101
533.491
536.190
536.476
534.384
540.085
535.729
537.440
542.742
542.331
537.906
538.127
536.156
534.120
534.539
531.768
535.952
529.249
535.295
538.441
535.252
539.411
543.004
534.573
534.585
531.515
531.417
531.710
531.253
527.137
527.046
531.511
532.217
534.134
528.839
533.874
532.068
533.048
531.430
533.475
534.903
532.087
533.281
535.124
531.200
529.331
530.552
530.720
527.142
527.038
530.134
528.137
534.058
532.483
532.356
532.406
527.468
530.302
530.730
529.670
532.838
533.905
531.944
529.846
529.227
529.346
530.225
529.961
529.160
529.208
530.197
526.575
529.120
522.625
526.467
530.242
530.730
535.395
534.412
532.057
531.292
529.809
530.329
528.584
532.474
533.522
534.551
533.320
531.218
528.438
529.070
534.920
531.848
531.447
525.332
530.708
530.129
532.424
530.209
530.250
528.741
530.582
526.050
527.275
529.429
528.242
525.403
523.472
525.796
525.918
524.109
524.325
525.015
528.588
529.518
528.283
525.957
524.363
524.510
526.007
528.330
528.276
528.221
527.520
528.190
528.692
527.216
528.169
523.055
527.736
526.201
528.273
526.384
527.604
528.394
529.359
528.684
527.039
531.088
526.813
532.265
528.534
529.480
527.911
531.723
530.903
529.471
529.015
531.491
537.570
538.449
537.948
535.321
531.218
532.143
533.117
530.900
530.385
531.532
532.572
530.740
531.204
532.256
537.198
532.963
533.034
532.175
525.548
528.729
527.355
531.904
533.085
532.456
529.136
533.219
534.123
528.613
526.485
531.053
535.826
534.777
535.404
533.387
533.232
532.114
529.109
530.490
529.250
529.384
530.592
531.341
533.542
533.190
534.113
535.718
535.767
537.030
535.973
534.383
534.444
532.449
537.503
534.026
531.402
530.787
529.432
529.968
526.990
533.173
531.242
535.239
533.006
531.924
531.234
532.606
531.641
528.807
531.924
533.973
533.977
531.066
535.353
531.676
531.495
530.975
530.957
535.110
532.404
533.484
531.455
526.509
531.891
532.624
529.928
526.159
527.223
531.928
532.480
531.418
533.226
529.241
533.852
533.986
535.130
532.121
528.967
534.361
536.910
532.376
529.525
530.448
533.270
531.225
534.175
535.404
536.901
529.865
531.890
531.564
531.854
531.676
532.621
534.320
535.014
534.850
532.135
536.078
533.521
530.663
532.391
527.543
527.686
528.825
528.399
525.266
525.531
526.602
527.183
528.594
529.465
529.406
528.366
526.165
527.807
526.168
523.002
522.351
525.410
521.684
522.696
523.431
525.415
520.285
519.569
521.354
522.855
523.992
524.838
523.850
528.264
525.236
525.199
524.702
525.679
522.442
526.979
522.238
523.174
521.451
523.284
524.535
525.610
529.015
526.531
526.742
526.225
524.368
528.557
525.368
524.632
525.586
524.073
524.533
526.124
523.292
523.983
526.624
530.176
524.535
523.831
524.873
528.174
527.591
527.472
530.400
530.845
530.740
527.682
529.638
530.855
528.191
528.080
527.213
528.308
526.315
530.763
525.386
528.743
530.409
530.121
528.314
526.032
524.866
530.194
524.673
526.595
530.724
531.535
531.264
528.147
528.132
529.238
528.256
529.701
532.268
531.487
528.767
528.480
527.271
522.506
525.090
524.887
529.738
523.831
529.452
528.104
526.438
524.525
528.262
525.172
526.633
525.250
524.436
526.023
525.680
523.904
522.545
523.025
524.213
523.641
524.760
522.626
521.512
524.681
525.226
523.064
519.579
524.452
520.138
525.436
522.128
522.315
521.870
523.469
525.351
525.094
524.462
519.749
525.571
524.750
525.254
522.568
522.702
522.333
523.485
518.209
521.735
525.562
524.485
520.126
520.494
519.333
519.046
516.897
520.654
521.811
522.756
522.001
523.428
522.405
523.166
522.843
524.535
523.316
527.148
525.074
524.235
524.512
527.181
526.011
527.271
527.009
526.432
530.439
531.775
530.481
528.131
531.187
531.385
525.631
523.919
524.491
524.730
523.856
529.158
529.869
531.855
531.000
534.645
532.954
529.506
532.815
530.612
531.356
530.847
529.852
529.716
532.205
529.928
535.223
534.010
535.808
531.754
531.295
528.292
525.130
529.756
525.346
530.045
527.918
525.570
524.945
524.098
521.708
523.330
519.976
520.217
527.396
523.562
522.691
524.377
522.822
524.900
523.641
524.991
526.101
522.127
523.923
522.580
523.045
524.701
522.165
523.714
528.444
525.369
524.881
526.463
522.113
524.059
528.083
523.640
527.485
530.119
529.155
531.181
530.166
529.616
529.829
528.128
527.575
527.791
527.489
526.362
526.599
532.181
531.508
530.690
527.841
530.331
528.397
529.827
525.084
529.145
528.180
528.059
527.993
531.607
531.368
529.696
532.353
531.644
532.789
525.605
527.455
527.055
527.572
526.410
522.790
523.066
523.759
525.217
526.446
527.299
523.535
524.579
525.548
525.625
523.557
523.748
524.564
525.441
529.239
528.810
521.416
520.535
522.233
524.131
528.437
523.795
522.252
523.656
522.677
526.798
526.284
529.261
527.968
527.885
531.998
531.049
522.580
529.358
529.675
529.227
531.489
531.901
527.764
530.361
530.102
532.886
530.999
531.245
531.017
530.060
522.036
520.654
526.149
526.402
527.698
524.754
524.972
529.601
527.119
523.398
526.364
524.440
523.979
525.304
526.959
524.779
519.830
523.079
520.063
527.856
528.955
530.000
526.034
528.307
528.266
523.746
522.113
521.625
526.089
525.658
525.602
528.189
521.950
523.854
521.587
523.956
524.011
519.760
522.493
521.216
523.513
522.832
523.529
521.057
522.435
524.524
525.425
520.826
525.657
523.162
523.731
521.235
525.040
528.428
525.521
523.675
523.021
522.175
523.626
526.103
525.806
525.637
522.160
522.131
522.131
526.128
525.267
529.194
529.616
528.013
523.278
523.170
521.524
520.365
517.901
519.017
521.190
521.179
525.981
519.782
517.754
520.456
519.796
516.378
519.644
520.898
517.754
518.402
517.505
521.027
519.655
520.836
519.427
520.402
520.856
518.948
521.033
520.533
517.619
518.091
520.571
521.697
523.086
520.091
523.098
525.124
525.236
526.524
525.591
527.841
526.086
523.388
521.118
521.025
524.719
522.691
522.051
526.343
524.481
526.336
528.280
527.085
525.339
521.528
521.153
524.961
522.891
524.466
523.656
521.902
522.491
525.717
526.090
528.878
527.305
529.412
523.146
523.919
525.233
523.421
524.964
524.021
526.504
522.207
518.495
520.722
523.583
525.509
522.951
522.389
530.215
526.159
523.457
522.223
524.850
526.311
523.813
522.452
523.149
520.051
521.800
520.458
523.333
522.645
521.717
523.445
525.152
523.238
523.454
528.598
525.883
525.341
528.839
527.756
526.887
526.821
526.326
526.421
527.520
528.258
527.303
523.377
521.650
524.843
526.758
530.127
525.385
526.212
526.511
526.046
528.128
527.944
523.352
523.585
524.526
526.327
525.646
527.373
528.607
523.100
523.503
525.608
526.498
525.903
527.868
530.680
527.068
527.663
525.575
525.019
526.877
523.400
526.286
525.172
527.449
529.482
528.125
523.686
525.729
526.784
527.829
523.872
527.178
521.152
525.600
527.094
527.252
529.077
527.602
525.962
526.532
523.737
522.027
526.569
524.008
527.918
525.176
525.035
523.405
523.963
528.115
527.978
523.059
521.045
524.543
525.588
528.109
527.574
527.519
530.273
529.797
528.110
527.485
527.574
530.045
526.110
527.519
525.987
525.498
531.140
528.042
532.600
528.309
529.381
527.742
526.044
529.230
528.227
523.151
525.888
526.293
526.355
526.704
530.104
528.636
531.012
531.494
528.943
531.639
527.757
528.194
531.501
529.401
530.250
531.066
529.725
527.725
527.382
528.518
526.011
526.668
527.820
527.167
530.540
528.276
528.965
530.243
529.976
528.433
526.764
529.529
529.318
526.300
528.855
526.701
529.809
528.901
528.667
528.244
526.547
526.818
525.440
526.165
528.583
526.250
525.643
528.141
526.536
525.809
528.069
525.163
530.605
530.072
527.831
528.649
525.163
529.563
528.043
524.566
524.522
524.531
524.910
526.219
527.480
529.604
526.586
528.297
529.123
527.827
529.752
528.886
527.828
531.286
531.402
532.636
529.519
529.320
528.159
530.203
535.069
531.440
532.155
529.468
527.993
530.621
531.618
530.373
531.438
531.434
531.324
532.888
531.759
530.746
536.109
531.728
532.090
533.263
533.873
533.583
534.329
532.290
533.715
529.987
529.765
528.879
531.150
531.311
531.734
527.641
525.279
525.700
527.758
525.727
529.468
526.194
527.883
533.185
533.606
529.826
530.863
530.603
527.945
529.254
526.628
522.868
524.439
524.316
523.355
526.472
526.711
530.122
527.996
527.448
529.117
530.573
530.047
528.676
527.974
528.709
530.992
527.086
525.849
527.477
526.581
524.281
527.002
527.863
525.840
529.317
529.776
525.294
527.077
531.788
532.485
535.975
532.830
531.223
531.439
530.621
531.878
530.746
532.492
532.866
524.917
526.337
528.667
529.020
524.534
526.935
522.985
525.601
524.453
528.590
529.949
528.103
527.323
529.030
528.140
530.085
534.716
527.576
529.176
534.213
531.533
530.801
533.174
537.385
537.321
533.859
535.192
533.061
532.823
534.442
536.678
533.772
531.892
535.528
536.555
534.624
533.100
531.608
527.411
533.214
533.662
536.169
534.245
539.571
537.964
537.818
536.631
537.041
540.302
539.086
535.426
533.282
537.092
536.582
535.443
529.923
539.785
537.706
539.205
538.518
536.247
535.479
535.807
537.622
539.311
538.859
537.484
535.490
540.743
538.774
541.867
540.374
539.629
539.160
538.374
536.239
530.989
532.813
536.417
533.180
536.023
534.461
532.875
534.307
536.685
537.028
535.169
541.466
538.822
535.696
536.421
530.142
535.074
533.822
531.898
531.771
532.931
532.325
538.835
534.027
533.782
535.712
538.343
543.138
541.842
540.628
538.678
538.467
541.038
542.449
541.510
541.268
539.541
539.006
536.712
538.610
537.570
541.008
542.011
541.616
539.791
538.605
539.013
540.500
539.456
539.701
539.986
540.478
542.717
540.580
541.833
540.925
543.994
541.246
538.763
543.300
540.829
541.497
543.681
544.083
543.458
541.185
542.377
541.902
539.347
537.797
535.340
537.577
538.218
534.333
540.089
537.485
539.149
537.233
536.812
537.001
534.438
531.838
531.728
536.181
534.004
533.646
534.658
536.751
534.319
535.972
532.652
533.265
534.980
533.947
534.835
535.181
541.127
543.280
539.732
539.987
540.335
542.118
540.488
540.972
540.556
541.611
539.818
539.076
541.764
543.082
541.129
541.703
536.441
538.577
542.036
542.134
542.062
537.545
535.548
538.138
534.668
535.118
538.066
534.055
531.573
531.209
529.076
531.001
529.977
532.840
531.405
532.784
529.627
529.417
527.034
530.895
530.285
530.144
532.107
530.129
529.621
530.279
528.560
534.880
528.196
532.195
534.891
533.629
536.418
532.571
532.544
534.029
531.567
530.982
532.752
533.898
535.659
538.481
537.430
533.783
535.006
533.185
529.086
532.435
535.532
540.767
535.973
538.469
540.007
540.216
542.410
540.736
542.907
541.025
545.570
543.423
545.053
542.574
544.955
544.838
546.121
546.287
547.432
548.069
546.703
543.116
539.416
540.254
539.277
541.127
545.318
542.977
542.911
541.925
542.328
539.708
538.270
537.303
539.948
540.694
537.222
536.302
540.495
538.351
536.347
535.701
534.834
535.842
535.801
532.851
531.965
534.411
530.087
531.835
531.417
532.955
535.597
533.120
534.037
531.694
534.566
535.434
537.836
537.972
539.928
536.643
536.098
534.794
537.686
534.653
536.889
537.202
541.006
538.051
535.482
537.508
535.530
531.084
535.193
534.261
533.923
535.590
533.551
533.371
531.407
532.670
533.121
533.607
535.107
528.833
533.233
533.577
536.130
541.077
540.533
539.932
536.826
534.332
534.838
536.043
536.760
532.901
536.032
537.194
534.180
535.913
536.836
536.837
539.598
539.720
537.065
536.799
533.176
537.109
536.478
536.781
538.036
535.651
538.919
535.144
533.545
539.037
535.544
534.161
531.906
530.377
527.409
526.853
529.277
526.504
528.720
530.659
529.250
533.236
531.560
533.575
533.568
534.332
532.047
529.936
527.052
528.645
530.792
532.814
528.429
528.104
524.684
524.208
528.112
531.245
531.900
530.089
529.768
532.256
535.465
530.955
536.520
538.008
535.722
534.644
535.376
538.966
536.711
538.665
536.034
533.934
537.596
533.946
533.009
538.157
540.722
537.997
542.728
545.838
537.085
535.975
535.233
536.413
534.242
534.807
534.426
532.743
534.638
532.518
537.274
533.000
534.883
532.935
533.877
535.015
539.707
540.632
541.675
537.287
539.807
535.855
540.399
540.352
540.191
539.006
537.698
540.719
538.788
538.343
535.646
540.437
540.266
538.996
536.301
537.098
535.106
538.099
538.976
535.877
534.961
539.838
538.837
534.212
537.415
532.345
534.637
537.261
535.708
534.500
534.382
535.545
536.367
534.011
536.992
535.110
533.298
535.536
535.911
536.624
533.001
531.908
530.889
530.709
532.425
531.645
535.500
535.101
533.593
536.320
538.019
535.820
535.555
529.978
532.677
530.746
529.224
526.995
526.244
524.140
526.893
527.298
526.946
527.614
523.180
525.118
526.984
526.934
526.982
527.586
529.347
529.407
530.003
530.189
530.067
531.801
532.592
531.010
530.464
531.859
530.870
527.962
525.299
527.410
527.738
529.716
531.758
530.875
533.222
529.022
526.775
529.763
530.121
528.544
528.024
528.311
527.878
527.177
528.358
530.594
528.256
527.078
529.198
528.879
528.720
528.723
532.007
529.668
529.481
526.841
526.378
523.820
523.606
523.513
526.950
523.363
525.620
526.148
526.641
526.722
528.040
524.706
530.762
531.425
527.349
529.442
528.851
526.852
524.702
525.322
528.892
530.757
528.365
529.634
529.464
528.148
530.130
528.813
526.575
527.578
533.678
529.847
529.048
526.535
529.864
527.685
524.275
528.405
532.780
534.177
530.342
532.853
533.807
534.710
533.885
532.618
532.037
531.058
534.071
529.953
533.369
536.194
539.899
537.129
536.877
534.327
533.742
534.658
533.139
530.182
532.514
530.402
535.927
536.781
539.684
541.879
541.167
537.161
539.152
532.741
535.799
535.792
537.659
535.666
533.773
534.756
536.212
538.404
533.924
535.989
537.272
535.167
537.802
538.925
538.562
538.177
539.951
539.377
534.699
536.634
533.332
535.329
534.494
532.656
533.962
533.126
529.009
531.698
532.820
538.803
535.549
538.479
535.355
536.312
534.846
537.030
539.642
535.740
540.774
533.875
527.992
527.164
527.911
533.907
533.826
533.604
533.279
536.662
534.668
536.434
538.070
531.382
538.019
534.729
533.304
532.685
539.132
538.986
535.854
532.432
533.282
529.797
533.704
531.195
533.611
535.787
534.482
529.561
529.374
531.940
528.201
529.515
523.382
525.777
526.829
526.571
527.652
526.357
526.492
528.637
529.066
524.016
527.385
530.818
526.986
527.990
529.703
532.553
536.378
536.264
532.929
532.633
532.388
533.853
536.771
534.456
534.833
533.559
534.637
536.069
537.722
534.285
533.001
535.368
536.814
534.798
534.257
534.456
534.088
534.509
535.350
530.978
531.006
536.085
538.130
534.063
538.624
536.797
537.167
540.101
536.227
537.413
535.007
536.871
538.295
533.230
530.993
530.803
531.158
530.101
534.106
534.601
536.245
535.124
533.777
529.513
531.715
530.868
531.101
530.409
534.607
534.929
534.277
533.602
533.880
539.360
538.318
539.063
542.307
539.229
532.920
534.202
528.917
532.386
535.655
534.754
531.115
531.398
529.132
528.117
528.595
530.904
530.795
533.750
531.474
530.583
529.222
531.788
531.085
530.240
530.334
533.027
531.670
532.768
530.344
526.933
528.638
530.169
529.291
531.529
527.722
534.298
536.082
536.397
535.847
536.251
535.400
533.597
535.062
535.267
532.558
534.426
532.993
530.791
535.938
532.867
534.114
535.241
536.153
539.411
536.741
534.031
535.704
536.336
534.766
532.626
535.985
533.073
534.270
534.583
533.038
533.194
532.673
531.113
534.270
529.134
530.239
529.988
533.976
531.838
530.677
530.597
531.397
530.502
533.200
532.566
531.431
534.080
531.281
531.063
528.158
533.121
529.969
531.840
534.281
533.810
530.485
533.946
534.542
533.955
532.441
533.016
530.960
529.683
531.460
531.317
532.259
532.039
531.194
533.767
533.638
532.694
533.736
530.456
526.814
533.034
526.143
530.048
528.743
532.974
532.934
531.123
532.151
532.059
534.387
535.080
532.521
531.719
536.067
537.311
536.253
536.060
537.832
534.984
536.103
536.614
537.912
535.410
535.027
535.439
534.452
534.120
538.515
535.960
532.874
534.636
536.095
530.714
533.632
530.349
533.475
529.549
534.151
529.470
531.876
535.958
530.452
535.752
535.754
532.164
532.487
537.371
538.078
534.728
538.576
535.930
537.533
540.005
540.465
538.391
539.767
535.119
538.684
536.584
538.876
540.594
539.875
534.436
536.524
537.179
536.909
537.351
536.079
539.436
541.977
542.459
545.801
545.210
547.810
548.469
547.791
544.934
547.807
548.676
547.246
544.421
546.294
543.241
547.871
545.696
543.373
542.968
538.109
535.641
539.779
538.990
535.543
532.134
534.759
532.056
540.698
536.508
535.420
533.563
533.704
534.613
537.210
533.163
535.007
536.469
533.988
532.501
533.047
536.135
534.062
537.305
535.729
534.486
532.667
532.903
533.301
535.276
535.733
536.833
531.603
534.655
533.267
534.095
534.026
530.380
532.001
532.568
532.278
532.168
536.944
537.102
536.505
538.756
542.138
538.376
534.670
531.787
532.054
535.473
530.978
531.550
529.541
529.320
524.952
525.240
528.788
525.741
530.777
531.814
535.523
532.482
534.572
529.763
533.697
530.224
530.778
528.463
530.998
532.986
529.019
528.468
530.967
528.253
528.879
529.324
530.882
530.734
530.929
534.591
531.263
525.082
522.242
529.002
525.313
527.061
526.439
527.351
525.560
526.857
526.216
530.440
528.847
527.849
524.063
527.651
530.962
535.953
532.169
530.242
530.836
528.519
528.049
530.504
529.582
529.712
526.006
531.578
530.307
529.698
529.450
529.905
530.632
527.326
528.722
528.774
524.016
528.184
524.659
526.596
527.806
530.721
526.862
529.274
527.003
532.017
533.448
530.893
529.502
529.688
529.626
534.255
530.442
527.676
528.785
531.726
530.826
526.431
529.401
531.822
533.672
532.366
532.604
533.166
532.458
528.488
527.819
530.270
530.512
532.963
531.789
530.583
531.857
529.902
525.443
531.611
532.128
535.359
532.430
532.862
533.833
535.200
541.714
540.032
540.043
542.601
541.878
542.418
540.914
544.067
538.144
539.746
541.792
542.262
540.917
539.947
542.407
541.120
539.246
538.540
536.261
540.824
542.893
542.606
544.351
539.709
539.086
540.809
541.822
541.419
537.848
539.840
542.011
536.251
537.978
538.841
540.694
541.883
542.840
541.715
537.437
538.960
540.345
538.593
535.851
537.824
536.124
532.460
534.270
538.008
536.477
538.459
539.440
540.987
541.858
539.199
541.365
539.541
543.505
539.654
539.196
540.546
540.524
541.783
544.212
540.605
543.835
543.079
547.111
544.962
544.254
544.080
546.569
541.689
542.944
544.148
548.865
546.935
542.096
543.038
542.530
541.049
542.357
546.916
545.825
542.471
542.657
550.939
544.235
543.966
542.813
546.823
546.605
544.053
544.357
546.396
545.919
