480.469
482.076
481.722
480.296
480.788
483.646
481.990
482.328
479.367
478.455
480.317
481.766
481.305
480.064
481.772
485.135
480.732
480.996
481.296
481.135
482.065
480.385
481.273
480.393
481.987
482.478
484.223
480.325
482.123
482.960
482.753
483.918
482.240
484.118
483.357
482.632
481.617
485.042
485.765
481.969
480.717
480.843
483.653
481.710
484.023
481.316
480.986
479.567
480.353
481.412
484.398
483.026
484.616
482.370
483.450
482.217
481.317
479.812
479.905
482.417
483.229
481.333
481.459
482.558
484.250
479.560
485.021
481.230
483.109
482.498
482.181
479.592
483.554
481.732
482.089
481.013
482.413
482.504
482.578
483.687
481.085
485.172
481.644
480.033
480.442
480.134
481.603
484.083
485.647
482.410
482.169
483.130
483.523
484.940
479.633
483.705
482.535
482.550
483.844
480.956
478.934
481.622
481.554
482.741
480.884
480.656
484.046
484.334
480.847
479.250
484.942
483.249
480.650
484.215
484.830
486.043
483.294
484.209
482.335
480.817
481.392
482.190
481.416
485.577
484.577
483.162
483.423
484.726
483.986
484.162
483.859
480.895
483.114
484.309
484.079
480.254
484.412
484.387
482.503
483.141
481.200
483.216
484.036
482.379
482.975
480.504
482.232
483.331
481.181
481.526
481.440
482.654
479.750
480.783
481.586
482.230
482.862
482.569
481.328
482.455
482.666
483.456
480.367
483.270
483.943
484.449
481.714
481.977
482.604
484.617
482.515
484.013
483.121
484.993
482.415
483.639
485.290
484.044
484.245
483.926
481.157
481.156
482.375
481.031
479.932
483.344
480.206
485.165
485.414
481.687
485.385
484.609
484.804
483.228
483.268
485.886
487.490
487.415
487.036
485.601
482.481
485.080
486.818
484.510
483.758
479.931
484.970
483.595
487.764
486.029
485.582
484.684
487.429
484.739
486.849
485.707
488.579
485.035
489.117
485.440
485.666
483.996
486.536
485.364
485.118
486.188
490.885
486.713
486.880
487.030
487.650
489.534
489.757
488.800
486.507
487.002
484.062
483.302
484.402
485.283
483.394
483.903
483.604
483.620
483.543
484.486
486.975
486.001
484.352
487.086
483.065
482.277
486.049
483.918
481.193
483.911
483.452
483.656
482.222
483.087
479.991
482.198
485.377
482.879
485.164
482.512
483.633
483.058
481.928
483.116
483.046
483.072
478.737
485.181
483.913
485.298
486.085
484.805
487.037
485.008
482.342
483.007
483.598
484.024
481.978
483.568
480.346
485.439
483.526
485.324
487.006
484.820
486.710
481.070
484.338
484.870
484.333
485.438
485.377
484.430
483.397
483.283
484.873
484.928
482.753
484.057
482.166
481.605
482.544
483.551
483.596
484.382
484.066
484.562
488.760
488.555
486.067
486.918
488.489
482.919
481.947
485.551
486.997
485.265
482.675
485.658
487.527
486.091
485.785
487.536
484.775
486.682
487.942
485.475
484.120
485.991
488.719
485.846
485.965
484.482
484.856
483.020
481.617
483.920
482.023
482.346
484.308
482.303
485.220
484.781
485.527
485.166
481.289
482.810
485.223
484.992
483.851
483.437
485.146
486.805
483.505
483.497
485.558
481.773
486.026
484.824
488.024
487.541
487.927
488.356
486.307
483.687
482.852
483.493
484.841
486.728
489.027
487.452
489.087
487.205
486.917
485.082
484.589
483.942
484.163
483.941
485.769
485.695
486.529
483.503
482.937
484.643
482.984
485.324
488.192
486.045
484.233
484.046
483.110
485.779
485.206
484.529
483.760
483.348
482.708
481.776
481.888
483.976
481.691
483.202
484.438
485.858
485.622
481.750
485.004
485.544
487.218
484.499
483.018
483.644
484.874
483.210
483.426
486.031
484.029
482.981
482.183
483.384
480.514
483.881
482.507
482.495
484.068
482.779
483.007
481.172
484.867
485.799
487.526
485.638
485.782
487.353
484.131
484.274
484.546
487.166
487.040
485.278
483.703
481.350
480.626
484.380
483.128
484.442
483.286
485.736
484.869
482.360
483.760
483.140
484.913
484.274
485.233
483.314
486.455
483.344
483.949
483.793
485.685
484.899
486.534
485.005
485.313
483.527
483.774
484.812
486.655
484.845
484.628
484.573
482.097
481.624
483.461
483.643
482.213
483.769
483.238
481.022
482.674
481.859
482.815
484.557
483.420
482.330
481.732
483.128
484.221
484.733
485.224
480.781
481.457
481.395
481.947
481.977
481.818
484.110
482.700
480.730
480.150
483.773
481.587
482.047
481.597
483.343
481.600
486.222
485.395
486.030
485.633
484.505
487.035
482.752
482.272
481.041
481.379
481.131
481.884
484.635
483.889
481.759
484.265
484.249
484.499
480.678
482.175
482.647
480.623
484.027
484.841
481.190
481.770
485.279
485.201
482.523
484.902
484.039
481.991
484.326
483.781
481.334
482.349
480.141
481.844
480.306
481.936
484.023
484.378
483.256
483.432
481.954
481.838
483.895
484.011
485.711
485.655
481.843
480.712
482.313
484.269
481.430
483.305
485.587
480.846
482.786
482.375
483.856
485.833
484.431
483.386
481.964
482.163
482.685
484.950
484.492
486.236
486.190
485.557
482.510
486.564
484.065
483.139
481.881
479.965
481.193
483.977
481.782
483.372
483.170
481.636
483.072
482.670
486.147
485.173
481.540
483.554
482.316
480.372
479.061
484.953
482.644
482.816
485.737
483.579
480.205
480.645
482.458
480.503
482.757
481.043
483.023
483.395
483.315
482.317
482.985
482.965
481.520
482.123
484.411
481.943
486.352
486.164
486.610
483.226
481.115
485.619
486.450
484.562
485.724
485.856
482.513
482.815
483.212
486.203
485.561
486.349
483.026
484.974
485.588
482.530
484.199
482.288
483.897
484.073
486.144
482.343
483.400
485.111
483.597
483.703
487.031
487.713
485.226
482.791
482.973
483.515
483.720
484.737
483.456
484.868
484.893
483.287
482.103
481.522
484.914
486.243
483.832
487.656
485.693
484.644
480.391
483.401
483.891
486.626
484.588
487.135
486.297
482.524
484.814
482.234
482.330
481.546
484.013
484.300
484.005
485.686
484.651
482.094
482.892
481.789
481.200
480.207
481.652
482.539
483.724
485.268
481.177
480.712
483.502
481.453
483.124
484.732
482.171
483.691
486.350
484.532
485.624
483.566
484.320
487.198
484.710
484.416
482.801
483.270
483.604
483.590
481.771
483.833
483.472
484.357
482.072
481.835
483.452
486.245
480.512
481.680
483.592
482.105
482.859
483.236
485.672
482.429
487.276
485.051
486.008
482.583
483.153
485.527
483.029
485.588
481.432
481.209
484.744
485.235
484.861
485.313
483.449
482.863
485.557
484.211
486.620
485.727
482.187
483.268
485.686
486.925
486.339
485.918
481.906
483.444
483.261
484.744
482.156
485.901
486.382
484.477
486.509
489.576
485.147
484.506
485.156
485.109
486.178
485.784
486.707
488.200
484.339
482.290
481.965
485.321
484.849
483.706
483.145
483.924
483.382
483.794
484.529
486.087
485.621
485.169
483.529
482.506
485.180
485.415
484.793
487.224
484.159
481.827
483.448
483.293
482.638
482.101
483.374
486.816
484.351
484.201
484.929
485.917
485.639
486.556
484.305
484.134
481.062
481.437
485.013
482.613
482.733
485.943
487.136
486.429
486.374
486.524
482.827
485.134
486.147
487.325
487.632
481.900
485.693
485.771
481.586
485.351
486.635
486.062
484.864
483.112
483.137
486.503
484.595
484.731
485.591
483.604
484.739
484.791
480.528
481.351
484.113
484.717
486.549
487.008
486.054
480.969
484.443
483.994
484.571
480.846
480.925
482.351
482.292
482.225
481.584
482.296
480.403
482.440
484.666
483.562
483.090
484.004
482.072
483.917
481.173
481.693
483.474
480.194
484.967
482.274
483.648
482.476
485.646
485.308
483.566
482.706
481.721
484.548
484.695
484.078
482.535
483.716
485.828
483.092
482.920
483.653
483.323
483.141
482.756
485.961
487.618
483.619
485.250
482.462
485.419
484.613
485.859
482.715
483.647
483.187
484.184
483.641
483.655
485.674
484.801
483.155
486.717
483.539
486.849
484.792
485.118
485.013
482.073
480.336
480.970
479.269
480.429
483.755
485.605
484.194
481.624
481.074
482.345
482.189
481.342
483.450
484.259
483.850
484.949
483.701
482.806
482.530
484.499
483.681
486.477
485.891
484.700
483.448
481.716
485.652
483.466
484.473
481.617
486.372
484.565
484.060
483.873
484.207
484.512
483.731
483.185
483.321
483.702
482.761
484.692
482.376
482.351
483.127
482.523
485.970
481.427
486.114
485.010
487.597
482.999
483.554
480.918
481.974
482.066
479.328
483.321
484.132
481.811
480.963
479.970
478.244
480.780
484.330
485.957
487.218
487.193
486.714
486.518
487.025
485.900
482.894
486.137
483.810
484.863
485.410
485.950
483.384
483.086
485.106
482.461
484.300
484.053
482.294
482.830
484.942
486.629
487.876
488.478
487.020
490.174
485.098
482.641
485.393
485.502
486.345
485.079
483.314
483.937
485.102
486.998
484.727
484.229
482.647
479.156
482.908
483.301
486.602
487.498
484.965
484.893
482.008
483.414
485.822
486.892
483.248
482.531
484.456
483.839
483.129
484.117
485.043
484.149
479.369
481.158
482.059
482.797
485.433
485.533
481.748
479.900
480.402
485.601
485.667
485.766
482.883
482.694
486.509
483.502
484.470
484.645
487.013
484.478
483.413
482.525
485.856
484.567
486.628
480.720
481.875
486.736
483.969
485.914
486.050
486.805
485.085
483.746
485.866
483.617
485.203
484.463
483.391
486.616
484.625
488.017
485.157
484.202
483.946
484.175
485.705
484.453
483.111
481.152
481.351
481.010
483.323
484.926
481.791
483.555
485.413
486.335
485.260
484.196
482.456
486.404
483.722
483.445
483.599
490.149
484.226
485.747
486.801
485.913
486.734
485.753
485.794
486.795
486.695
484.353
482.997
482.732
485.789
483.095
486.423
488.745
488.267
488.012
488.675
482.067
485.654
486.783
483.299
484.481
484.846
485.103
484.155
484.493
484.875
483.798
485.173
486.284
486.002
486.363
487.856
486.086
485.345
484.212
482.347
485.136
485.335
487.012
485.939
486.710
485.543
486.639
487.041
486.757
484.877
485.835
486.562
485.758
485.996
484.880
483.791
484.671
487.112
485.815
486.713
485.806
484.012
488.365
485.681
485.885
486.242
486.725
484.242
484.720
483.710
483.078
483.966
483.454
482.506
485.480
486.173
488.286
486.221
483.547
487.213
483.430
485.317
485.567
483.265
481.271
484.622
483.010
486.267
485.100
486.080
486.214
485.017
484.211
486.573
487.041
483.381
484.992
482.854
485.895
486.329
485.959
486.005
486.117
483.929
485.709
488.021
485.535
484.150
486.187
486.791
483.937
487.311
485.311
483.348
484.135
483.989
486.056
484.490
485.125
485.338
484.023
485.423
484.817
483.854
481.944
483.453
486.567
484.588
483.017
484.130
484.793
487.106
485.395
487.714
487.266
483.681
484.195
485.428
488.523
482.702
484.234
484.499
484.005
481.745
485.273
485.898
484.969
485.796
487.163
485.972
485.232
485.911
485.940
485.483
485.457
487.006
481.926
484.192
484.916
485.099
485.361
484.164
484.468
487.341
483.339
484.495
486.464
487.694
486.560
487.487
486.897
483.654
484.939
484.784
489.017
484.427
483.001
483.600
484.114
484.329
483.233
484.112
484.535
482.632
482.658
485.225
486.617
485.544
486.169
486.323
484.174
485.452
486.209
486.861
486.845
483.952
485.142
486.051
483.727
484.587
484.110
483.554
486.168
483.848
486.362
486.874
487.982
486.661
482.165
483.278
483.729
484.689
485.843
481.776
480.573
483.405
485.255
480.100
484.709
483.462
483.495
480.990
483.382
483.849
486.548
488.092
484.494
486.228
485.220
484.037
483.735
483.616
485.782
484.489
487.861
487.506
485.976
485.164
483.983
486.557
485.647
484.888
484.443
486.837
485.631
481.729
483.616
485.069
480.455
483.692
483.603
481.431
484.759
483.664
483.053
484.895
482.305
482.368
483.083
481.481
483.366
482.107
484.376
484.597
485.136
486.506
483.859
482.540
486.524
485.470
485.044
482.534
481.379
480.465
483.825
482.622
483.776
481.582
482.863
483.143
484.242
483.176
483.072
485.926
486.711
481.931
484.592
483.873
482.954
483.053
485.452
486.011
483.846
486.037
487.076
484.383
482.673
484.841
484.836
486.618
485.412
484.734
484.586
481.811
483.434
486.893
484.824
483.955
487.799
484.919
483.665
483.754
485.667
482.392
482.932
483.188
485.446
486.109
483.902
483.630
481.642
482.457
481.141
484.115
487.951
485.574
487.027
485.478
482.976
482.748
482.122
486.556
484.583
487.397
487.892
485.082
484.953
484.175
483.826
486.175
480.798
481.188
482.580
480.766
481.329
481.959
484.891
485.869
487.356
485.296
485.004
481.003
481.604
483.946
483.328
482.886
483.944
486.586
484.277
486.140
484.893
485.401
483.660
481.798
481.589
482.930
482.105
482.949
484.288
482.990
483.532
485.296
483.738
485.612
483.395
485.253
484.939
482.754
482.995
483.571
483.879
483.865
485.279
483.751
482.077
484.197
482.290
484.723
484.116
486.453
484.686
481.567
484.741
482.901
482.730
482.631
484.854
483.989
481.569
483.800
483.453
484.928
486.041
483.957
486.646
484.523
484.423
482.112
483.279
482.171
483.600
481.525
484.060
481.668
482.291
485.047
484.123
484.883
485.617
485.608
483.654
482.429
484.395
487.218
489.389
488.400
487.787
487.260
487.464
485.764
482.133
485.362
485.101
482.709
483.696
483.767
485.260
484.306
485.508
486.253
485.941
485.350
483.286
483.343
484.755
483.490
480.823
480.747
482.798
482.669
483.309
485.735
483.850
484.688
485.912
481.961
480.982
480.985
482.769
487.211
485.788
486.568
484.338
485.769
487.375
485.863
484.591
485.906
484.184
485.162
483.945
485.394
484.371
484.456
486.148
487.437
486.027
484.069
482.949
484.287
484.484
484.069
481.434
483.299
481.417
481.693
486.131
482.508
485.342
487.019
483.328
484.112
484.558
483.936
480.374
484.617
485.846
483.302
483.709
483.616
481.928
481.594
484.762
484.015
484.226
483.969
483.462
481.585
485.063
486.529
482.322
483.748
487.759
488.477
487.325
483.687
485.075
485.184
485.355
484.735
481.406
481.662
482.976
483.623
482.604
481.035
481.450
480.541
483.137
485.728
484.403
485.454
481.786
482.259
484.582
484.999
484.417
486.296
485.591
482.804
484.814
486.754
487.221
487.510
483.428
485.653
487.399
484.201
485.614
483.846
486.287
486.097
485.823
482.399
486.420
486.987
486.483
483.491
483.493
484.137
487.620
486.521
484.547
488.176
487.144
487.068
484.640
485.857
486.517
483.823
481.624
482.303
483.325
485.508
484.965
486.186
485.593
485.304
487.778
484.957
485.984
487.602
486.326
484.848
484.994
483.910
486.085
486.946
486.645
483.954
486.091
487.206
487.269
486.619
485.983
485.379
487.096
485.006
483.428
481.864
484.024
481.999
487.729
484.464
486.108
484.171
486.804
485.889
485.842
485.046
486.857
488.645
489.699
486.786
487.993
488.148
486.542
486.460
486.280
487.395
488.070
486.471
488.111
488.706
486.353
487.277
484.957
487.290
485.724
485.727
485.124
488.796
487.613
486.126
487.221
487.036
486.288
483.641
486.571
488.229
490.999
486.109
488.326
486.847
488.000
486.444
487.542
489.770
489.155
489.685
487.125
485.382
487.198
485.962
484.726
488.790
490.660
488.581
486.566
489.444
489.792
487.762
486.515
489.180
485.806
485.108
484.322
485.672
485.648
485.201
485.784
487.337
485.362
488.320
487.199
486.430
483.945
487.602
489.880
486.497
486.591
484.595
489.197
486.754
487.443
486.567
489.378
488.756
490.289
490.291
488.156
486.896
487.270
487.300
488.915
487.237
487.831
489.254
485.786
487.716
487.094
486.687
488.730
483.366
486.464
486.624
489.711
487.351
488.324
485.251
486.863
485.836
487.612
487.823
488.712
483.091
487.475
488.136
487.601
487.781
490.484
485.835
487.295
487.381
487.999
486.661
487.612
487.030
486.180
490.580
488.062
485.922
488.792
486.133
488.159
490.572
488.455
487.293
486.797
486.836
486.348
487.523
489.890
488.458
485.263
487.116
487.940
487.109
485.412
488.387
487.809
488.562
487.072
486.079
487.326
487.394
487.438
485.405
487.921
487.448
487.016
483.266
485.014
487.533
487.941
489.878
489.644
486.714
485.416
485.784
484.979
483.946
484.848
485.141
486.280
487.268
487.601
485.076
486.973
483.517
482.886
485.033
482.970
484.361
483.814
484.637
485.073
484.438
483.757
485.764
483.631
485.313
484.920
482.776
485.002
486.877
482.168
484.940
486.207
484.315
486.580
483.905
485.904
482.329
486.105
483.489
484.801
485.278
483.016
483.788
482.627
484.620
482.965
483.306
482.476
483.503
484.001
487.034
483.075
484.987
485.866
483.089
483.450
480.386
480.646
483.821
484.863
486.488
485.355
484.085
489.143
481.386
482.239
487.177
484.147
484.005
486.218
482.869
484.089
484.266
485.092
482.274
484.986
482.889
483.676
482.201
484.619
485.343
486.661
484.633
486.732
483.480
482.779
483.954
483.139
480.273
482.854
483.008
480.611
481.351
479.715
482.434
479.208
481.944
481.671
482.033
485.558
482.251
480.306
482.584
482.254
480.794
485.887
483.350
482.080
481.835
482.007
481.537
481.926
483.899
481.485
483.056
479.768
486.656
485.234
483.529
485.168
481.949
484.433
481.174
482.318
482.754
484.389
482.596
483.477
480.816
482.043
484.765
482.278
482.830
482.870
481.431
482.214
480.782
483.066
483.077
483.302
483.479
483.756
483.648
485.044
483.256
482.758
483.133
485.194
483.151
483.315
484.297
484.486
483.985
483.065
481.087
484.168
484.107
484.905
484.609
483.192
484.437
483.279
482.820
483.321
481.674
481.739
484.727
486.408
486.500
484.337
486.897
485.488
481.878
483.413
481.988
478.632
483.547
484.964
483.488
482.589
482.162
481.074
482.812
481.514
484.905
482.387
483.114
481.778
483.308
483.033
483.984
484.140
484.308
486.378
485.663
486.829
485.192
485.350
483.544
484.969
483.953
485.393
485.584
488.348
490.116
484.425
484.957
483.789
483.078
482.832
481.865
484.021
484.323
483.404
481.629
479.829
481.580
481.281
483.157
479.066
480.722
485.569
485.245
482.597
482.339
480.127
482.526
482.791
484.572
483.362
483.029
484.757
480.454
481.799
482.798
483.207
483.492
482.368
485.092
483.424
483.089
485.529
484.476
484.568
483.415
486.157
484.116
481.094
484.651
483.809
484.385
482.493
481.008
482.933
481.834
481.964
481.700
485.733
482.541
482.832
481.818
482.478
481.602
485.744
487.101
487.296
484.792
484.920
485.537
484.433
484.891
486.933
485.138
484.557
486.238
484.265
482.690
482.334
484.047
481.475
482.021
483.296
482.771
483.779
485.978
486.270
484.197
486.085
486.174
485.404
483.668
485.457
485.349
485.498
487.649
487.872
487.024
485.633
482.789
485.448
484.995
483.118
481.362
484.400
486.338
485.618
486.590
485.165
486.201
484.823
484.335
486.620
484.283
483.918
483.956
485.040
486.578
484.151
484.856
482.921
484.811
483.224
487.727
487.420
488.144
486.200
484.373
484.258
486.473
486.421
486.586
485.479
486.739
489.780
487.156
485.605
485.667
486.782
485.708
486.170
484.195
485.608
483.761
481.582
482.829
484.338
484.499
486.528
484.797
483.993
486.734
484.619
481.592
483.968
482.986
484.409
483.593
481.727
482.821
482.587
483.985
481.989
483.093
482.840
481.028
481.026
481.945
482.871
485.473
483.553
481.736
481.895
485.431
484.017
481.418
484.849
485.045
482.615
481.759
481.838
483.678
484.102
483.900
485.641
485.916
482.008
482.106
486.525
483.404
483.178
483.895
484.284
484.502
482.132
482.603
487.286
484.371
483.176
482.769
485.557
488.554
483.916
482.587
484.384
484.366
482.391
485.336
486.696
487.216
485.306
486.424
485.883
485.845
483.701
481.621
482.484
480.606
483.708
482.663
483.112
482.988
487.793
488.935
485.812
485.716
483.571
482.768
483.321
483.805
482.386
481.059
483.010
483.143
485.287
482.791
483.661
483.640
485.555
483.301
484.647
484.089
485.075
481.869
483.181
484.907
484.209
485.493
488.699
489.714
487.562
490.298
486.674
488.226
487.905
485.037
484.988
488.721
484.539
485.336
484.389
484.269
485.567
487.565
485.926
480.716
484.882
484.659
483.741
484.904
483.177
485.370
486.857
484.414
483.951
483.982
485.405
487.659
485.371
488.518
487.354
484.550
486.708
486.061
483.379
483.939
484.943
482.628
483.904
484.684
486.380
484.031
486.833
484.893
483.880
484.865
486.586
489.026
489.299
485.803
485.781
485.572
484.900
486.440
487.632
487.536
487.866
486.637
482.772
485.241
487.115
485.974
485.609
485.009
484.312
484.493
480.676
483.352
485.880
485.398
485.609
482.654
481.762
483.952
485.867
488.786
484.308
485.643
484.304
482.900
482.182
481.686
482.783
482.529
483.964
482.449
484.024
484.042
481.244
479.888
484.030
481.985
479.389
481.831
483.678
488.371
486.299
482.979
484.929
486.610
482.327
483.414
480.860
485.327
482.967
481.909
482.747
485.226
485.850
484.461
482.506
483.884
486.568
483.975
483.438
481.999
485.106
486.372
484.677
486.698
481.642
485.933
482.393
483.558
487.338
484.267
481.714
484.100
482.603
484.355
481.979
481.543
483.475
483.383
484.716
483.966
483.973
483.723
483.612
483.002
482.066
481.913
482.835
481.123
484.212
486.244
485.860
483.913
484.262
484.959
482.080
482.731
482.018
482.828
484.761
481.624
480.219
482.184
484.781
484.674
484.980
485.980
486.756
486.762
484.173
482.009
485.969
484.034
485.572
482.838
483.301
480.442
483.255
482.557
483.475
481.815
481.988
482.567
484.599
483.340
483.263
482.711
481.800
482.847
483.553
486.722
483.320
483.729
481.127
484.236
484.387
483.521
484.517
482.653
484.894
482.711
485.415
484.639
485.772
483.692
483.874
481.457
483.793
482.042
480.788
479.541
481.767
482.509
483.558
483.095
485.297
484.284
481.715
483.764
481.309
480.304
482.014
483.597
482.960
483.856
479.962
480.868
482.053
485.069
483.368
482.391
484.887
483.541
485.573
486.670
485.382
483.690
483.225
482.103
481.542
482.984
485.231
485.896
486.316
485.932
485.984
485.717
482.907
484.446
487.076
488.520
488.500
484.340
484.544
485.077
483.634
482.210
483.008
483.562
481.147
482.020
483.860
482.904
483.258
485.674
485.372
484.332
480.907
482.773
484.419
483.743
486.284
484.756
483.726
484.445
484.138
485.196
483.665
484.668
485.088
486.963
485.865
485.473
486.451
484.993
485.145
485.378
485.985
485.104
484.319
486.983
486.509
483.001
484.622
486.034
485.388
484.813
486.849
484.164
484.372
481.335
483.255
486.125
486.323
486.602
484.543
486.342
483.983
481.955
484.152
483.797
482.339
482.048
482.269
486.984
484.885
484.715
488.036
486.859
484.593
482.194
484.729
484.713
486.215
483.689
485.736
485.478
485.028
484.554
486.450
488.872
484.407
479.782
484.320
485.004
484.223
486.102
485.637
487.137
486.111
488.419
488.579
484.443
485.178
483.812
480.920
482.298
485.658
483.796
484.703
484.265
484.596
482.574
483.961
485.012
482.674
480.259
485.197
485.775
486.312
483.804
484.248
487.988
483.583
484.865
485.627
487.359
487.635
487.530
484.749
485.553
485.357
485.660
483.726
486.516
485.606
483.943
487.256
486.758
487.282
486.806
484.827
482.887
484.257
485.296
486.088
483.319
483.756
485.417
483.598
485.997
486.688
487.504
486.091
486.707
485.504
484.890
486.255
483.579
489.659
483.487
481.903
484.167
483.770
483.835
485.057
482.368
485.606
484.084
485.645
485.146
485.925
483.620
482.886
485.864
486.891
486.203
484.671
480.950
482.485
487.772
485.437
487.267
484.684
482.607
483.879
482.848
483.067
483.661
484.008
482.733
484.111
481.529
483.551
484.278
484.399
483.456
483.492
481.748
486.455
484.011
484.312
480.567
484.148
484.954
485.553
482.685
482.171
484.112
483.091
481.910
484.530
482.493
482.190
485.387
484.585
481.217
480.531
484.248
482.219
485.001
483.063
481.435
483.123
481.457
483.220
482.186
481.425
483.548
484.848
480.020
484.119
483.852
482.961
483.581
484.193
489.244
487.044
484.608
485.015
487.586
484.537
483.813
485.859
484.225
482.604
481.489
483.257
483.060
482.348
483.690
484.654
486.589
483.673
483.548
483.009
484.805
484.951
487.640
484.344
485.133
485.642
483.973
484.347
483.691
484.941
487.224
486.765
487.357
483.302
483.805
483.393
484.396
485.825
484.330
484.212
486.861
483.527
483.405
484.576
485.858
487.222
485.940
487.738
485.730
483.685
483.204
482.931
484.771
484.858
486.085
487.580
487.752
486.964
485.611
486.152
487.636
487.475
485.366
486.409
485.679
484.567
484.498
484.855
487.723
483.982
484.573
484.313
483.554
482.015
485.448
484.189
483.598
480.490
484.176
487.189
484.337
484.319
487.212
481.711
484.295
485.511
485.893
485.646
483.602
484.229
484.254
485.515
482.425
483.482
480.096
481.138
482.301
482.679
482.486
480.950
487.001
482.247
484.461
481.804
484.267
482.050
484.950
482.756
480.774
484.556
484.704
485.022
486.896
484.271
486.033
486.389
485.875
486.684
487.072
484.445
484.510
486.596
486.764
485.629
483.999
483.889
486.670
483.840
485.457
486.170
483.955
487.394
483.787
485.958
487.280
484.230
482.279
485.108
487.016
486.740
485.323
482.124
481.669
481.308
482.091
483.538
482.055
484.081
484.037
483.972
482.932
483.686
486.214
483.220
484.705
484.213
483.072
485.116
482.196
486.771
485.443
483.885
486.076
485.273
485.464
484.111
484.635
481.811
483.342
483.063
487.066
485.151
483.717
483.442
484.958
483.638
485.581
483.236
483.905
487.732
484.881
487.855
483.014
483.082
483.773
483.172
484.215
483.294
486.301
488.466
486.407
486.046
484.520
483.880
482.247
483.790
482.781
485.132
484.306
484.943
484.407
484.016
486.178
483.669
481.503
481.047
480.692
481.913
481.292
484.890
484.430
484.974
482.658
486.727
485.603
487.110
483.951
484.504
483.140
483.436
485.041
483.577
484.191
487.754
486.801
485.382
485.996
484.558
483.860
481.913
482.245
483.168
481.862
484.133
484.070
484.071
487.073
486.455
486.505
488.324
487.767
484.732
481.857
487.774
483.647
484.037
485.217
484.301
483.631
483.734
484.120
484.381
484.619
482.771
483.810
483.854
484.771
483.906
482.977
487.037
482.145
481.884
485.209
485.437
482.615
482.277
482.764
480.147
480.657
482.578
484.970
482.956
483.581
485.162
486.004
487.613
485.430
487.442
487.158
486.608
486.241
486.398
484.338
484.112
483.746
487.801
488.567
488.605
487.444
485.840
486.337
484.765
485.089
484.363
486.597
488.310
486.456
484.292
483.930
482.643
483.210
482.827
484.000
482.377
484.584
485.758
483.714
485.318
483.635
482.607
485.664
486.055
485.924
485.084
481.831
482.954
484.401
485.181
490.002
485.527
483.730
485.766
486.285
486.384
486.150
486.156
484.666
486.436
483.754
487.503
487.839
484.483
486.820
484.715
484.511
486.850
487.532
487.988
486.956
484.272
483.994
483.961
482.983
485.920
484.960
485.250
484.805
486.632
488.133
488.205
488.088
485.497
485.452
487.261
484.605
485.253
485.339
484.980
484.583
485.826
485.581
485.360
483.962
488.185
489.362
486.926
485.870
485.530
486.586
487.030
488.280
487.853
488.207
486.015
485.237
484.837
483.920
483.256
485.664
484.475
483.772
485.182
484.515
484.452
487.951
483.511
485.333
482.554
481.981
483.466
483.561
483.962
482.845
484.356
484.687
482.587
481.487
485.610
485.691
485.787
485.080
485.857
482.696
486.820
487.025
485.763
485.945
486.279
484.271
488.101
487.608
484.776
483.552
482.160
486.215
486.937
485.182
484.385
483.908
485.083
484.720
486.272
487.232
487.480
483.933
484.768
483.094
485.199
484.490
486.245
485.575
487.604
483.983
486.456
486.449
485.686
486.313
484.687
485.496
483.075
485.909
482.247
485.708
485.095
484.697
487.771
481.574
486.001
484.666
482.895
484.078
486.432
486.727
482.964
485.688
484.249
486.378
483.455
483.388
485.343
485.611
483.815
483.545
485.836
485.896
486.933
484.981
478.560
481.508
483.553
484.649
484.308
485.177
483.713
482.327
486.034
484.666
484.127
486.077
486.156
486.323
484.827
484.801
484.732
486.014
485.945
484.842
487.606
483.897
485.032
486.157
484.538
486.803
485.869
489.050
486.174
486.868
487.011
488.379
487.278
488.458
486.974
484.994
484.624
482.870
483.366
484.970
483.688
483.338
485.144
486.259
484.179
486.291
484.025
484.264
488.214
487.262
487.123
484.835
486.717
483.455
486.454
488.333
485.475
487.287
483.559
485.676
486.178
484.810
486.831
484.644
485.621
486.741
485.197
484.485
485.161
481.658
486.429
485.501
481.372
486.383
485.647
486.077
484.024
485.578
482.757
480.725
481.182
482.764
485.704
486.750
484.700
487.252
483.551
481.875
483.804
484.972
487.280
485.730
486.138
486.817
484.349
485.533
487.190
484.251
485.215
485.421
485.747
484.674
483.138
485.283
484.364
485.811
485.989
485.683
484.257
484.588
487.800
484.184
483.706
484.577
486.537
482.263
482.275
484.047
482.331
481.294
481.837
483.625
481.923
479.722
482.448
482.025
483.924
483.477
484.761
481.560
482.882
480.813
482.930
484.553
486.830
480.868
484.277
479.432
483.171
484.099
487.011
483.264
481.826
481.151
484.612
484.012
483.651
481.938
480.083
480.634
478.741
480.575
483.077
484.648
485.695
487.991
483.233
484.590
484.386
483.335
481.193
483.409
482.059
484.212
486.054
484.606
484.827
486.410
487.038
484.469
484.212
487.822
481.797
483.452
484.502
481.348
480.984
483.844
483.284
480.788
482.219
480.841
483.443
481.144
483.239
481.949
483.391
483.241
480.223
482.946
484.108
483.707
483.719
483.625
484.537
484.021
485.340
485.516
483.262
482.401
486.933
483.191
483.703
483.989
483.859
485.140
485.235
482.654
484.157
482.371
482.892
482.485
482.557
482.840
481.315
481.031
483.922
482.085
483.855
485.097
483.623
484.933
482.650
480.341
481.938
481.825
483.154
481.843
483.172
482.754
480.804
480.795
481.578
482.336
486.169
483.049
485.715
484.277
483.195
483.157
483.721
482.538
485.385
484.595
484.974
485.051
483.779
483.500
485.525
486.165
483.276
484.423
483.028
483.299
483.885
484.489
483.286
480.927
483.924
484.342
484.320
483.193
484.384
483.975
482.080
483.316
483.585
483.347
482.075
485.675
487.356
487.994
490.461
487.237
484.892
486.523
486.195
488.900
486.926
486.253
485.012
484.841
485.221
484.631
484.487
483.472
483.978
485.618
484.927
480.780
482.710
487.208
484.605
484.288
483.870
481.757
481.759
481.896
485.288
483.993
485.601
486.135
486.063
481.391
481.461
485.390
485.351
483.936
485.333
484.661
484.436
484.248
483.045
485.887
485.811
485.138
484.960
483.457
480.469
482.395
486.259
487.938
485.474
485.557
486.531
486.529
488.736
488.819
485.634
487.872
485.297
486.615
486.171
485.900
485.526
485.813
486.974
484.698
483.702
484.726
483.462
484.438
486.003
485.170
485.973
486.009
487.863
485.023
485.638
484.377
484.064
485.189
484.848
486.505
485.047
485.076
483.825
486.589
484.963
488.108
485.724
485.135
484.248
487.304
487.091
487.970
483.668
487.736
488.085
486.247
485.283
486.044
486.673
487.203
488.721
482.910
487.258
488.654
484.861
484.363
486.136
486.878
486.080
488.677
487.134
485.738
486.263
487.373
488.353
487.582
484.432
482.593
486.714
485.953
485.777
486.030
483.138
484.416
483.796
485.126
485.145
489.011
488.495
485.409
486.844
486.789
489.077
490.698
488.923
487.199
486.851
487.162
485.661
487.695
486.411
486.967
484.386
487.587
485.709
488.515
485.927
486.900
485.948
487.364
485.505
487.758
485.915
488.567
488.619
484.806
484.849
481.945
482.463
482.488
484.020
484.761
484.095
484.273
485.891
484.538
484.891
485.217
485.353
484.074
488.331
485.892
487.049
486.164
485.068
487.824
486.814
484.809
489.344
483.824
486.858
486.056
488.721
488.739
488.929
488.153
485.188
485.727
485.957
489.632
484.658
484.739
486.023
490.120
489.183
491.881
485.112
485.646
487.013
488.398
486.077
483.843
485.927
483.415
486.764
486.275
485.585
488.090
485.902
486.021
487.336
485.986
486.970
486.942
487.014
487.180
486.814
486.418
484.864
484.042
485.603
486.569
485.052
484.159
485.032
486.107
482.334
483.238
485.743
485.535
483.846
480.892
482.061
484.035
483.764
484.138
484.539
484.115
485.550
486.480
484.881
486.063
486.242
485.733
487.965
485.002
483.917
487.266
487.799
484.249
486.447
484.577
483.575
484.675
487.878
487.958
486.506
488.553
485.700
486.601
484.631
488.320
484.414
484.800
485.060
484.582
483.358
484.211
488.006
487.465
487.412
487.291
487.612
487.326
487.629
487.559
487.821
487.041
487.458
485.403
486.289
486.244
485.793
484.992
486.691
486.409
487.434
486.230
487.064
486.259
487.461
486.992
485.070
485.006
486.913
485.377
486.088
487.406
485.942
488.992
485.183
484.893
484.910
484.630
485.763
487.383
490.536
489.213
488.718
490.935
488.685
489.542
489.118
485.445
484.080
488.068
486.115
486.600
485.901
485.861
488.121
487.359
487.432
487.380
486.871
489.786
487.339
484.668
486.758
486.033
486.481
486.642
487.632
487.583
488.051
486.219
485.791
489.075
486.151
484.905
484.157
486.785
487.278
490.417
487.130
491.258
491.222
491.837
489.533
488.825
488.906
487.666
486.992
485.372
487.180
486.360
487.536
488.962
491.177
488.728
485.912
487.347
491.269
489.399
489.286
490.393
492.024
487.215
487.351
485.222
490.507
487.405
487.235
486.568
486.155
488.906
488.038
488.753
486.918
488.034
486.222
487.404
486.137
487.057
486.366
485.610
485.087
484.899
480.885
484.656
483.982
484.848
485.429
487.690
484.581
484.133
484.826
486.778
486.473
486.491
486.290
486.471
486.390
483.990
487.522
486.093
484.951
484.317
486.030
486.681
486.658
484.337
485.212
486.062
484.729
485.655
483.403
486.081
487.700
487.617
486.823
488.327
486.341
486.370
487.199
484.611
484.086
482.816
484.321
481.579
483.302
485.851
484.171
483.480
484.002
484.064
486.089
484.949
485.267
483.443
485.380
483.649
483.279
483.656
482.723
482.087
480.072
481.486
481.307
482.027
483.365
482.048
482.331
482.396
484.785
488.581
486.622
486.594
483.281
486.799
484.473
480.908
480.748
481.648
485.473
481.278
484.486
481.895
483.267
482.777
481.065
481.329
482.530
482.566
485.529
482.201
484.861
483.742
486.504
484.326
486.730
484.886
483.442
482.281
485.331
484.846
487.373
484.810
483.472
483.872
484.077
484.057
483.218
484.953
486.596
485.994
482.892
483.580
485.783
484.344
485.671
482.778
484.356
487.220
484.857
483.019
484.368
482.196
482.937
483.926
482.909
486.978
484.065
483.474
484.852
485.549
484.161
482.842
483.711
481.338
484.355
486.088
485.088
485.156
486.560
484.638
483.676
483.358
484.990
484.446
484.153
484.392
483.046
484.292
483.979
483.661
484.138
483.578
483.577
483.155
482.262
481.189
482.713
482.923
484.063
483.781
485.272
481.391
480.861
483.216
482.675
482.291
484.514
486.138
484.488
484.438
485.336
485.620
484.259
486.341
484.965
481.537
482.691
484.478
485.242
484.077
484.906
487.270
488.067
486.569
487.074
487.259
484.746
486.025
485.862
485.119
486.020
485.261
482.813
482.996
483.533
480.273
480.312
480.650
482.872
483.211
487.019
483.408
483.956
486.208
483.367
482.791
484.323
483.028
484.599
485.413
484.122
484.629
478.643
484.788
483.075
484.080
486.255
486.989
484.837
483.554
486.202
485.468
483.321
486.955
486.127
484.277
483.770
481.665
484.427
487.246
486.785
484.691
487.386
486.652
484.423
483.517
481.423
483.332
484.795
483.509
483.735
482.610
482.540
481.387
485.418
482.723
484.721
484.399
487.305
486.726
481.965
484.409
485.403
482.649
484.066
485.748
487.682
487.123
485.973
483.586
484.253
484.165
481.637
482.268
484.588
482.932
483.834
485.167
485.810
482.632
484.253
484.272
481.875
484.975
483.352
485.773
484.104
481.723
480.274
485.693
483.811
482.609
483.241
481.513
484.824
486.276
483.601
483.344
484.867
483.109
481.710
485.073
484.974
482.718
484.576
486.031
486.227
486.073
485.141
485.024
485.583
484.980
482.281
482.169
482.776
481.067
480.847
482.442
482.779
482.965
484.813
483.463
486.708
483.320
481.637
481.505
484.557
485.374
484.251
485.643
485.137
485.605
486.239
486.373
484.292
483.248
486.703
486.462
491.097
486.502
486.462
485.643
485.821
484.296
483.576
485.469
484.385
482.683
485.492
483.637
481.136
482.875
481.752
482.904
482.732
483.334
485.107
487.444
484.036
484.820
482.141
481.138
484.666
483.312
485.381
486.890
484.671
484.475
485.046
482.918
484.784
483.856
483.139
483.697
484.777
484.822
482.936
481.698
481.830
481.336
483.499
482.262
480.707
481.546
483.135
481.666
482.886
484.433
481.417
481.321
482.778
482.238
482.258
483.496
482.482
481.253
482.942
484.109
486.375
485.442
485.665
486.274
483.190
485.565
481.593
485.841
482.549
485.975
484.958
487.730
486.512
486.125
485.219
484.942
486.724
490.185
487.875
486.489
484.529
486.400
483.629
483.237
483.628
481.255
485.316
482.115
484.513
481.074
483.691
485.553
483.089
483.761
484.597
485.240
487.072
487.162
486.284
483.371
482.934
483.301
483.802
483.430
481.850
486.366
481.643
480.148
483.519
484.698
484.187
486.179
487.237
487.192
488.967
485.811
484.338
486.188
485.993
486.688
484.041
484.974
486.839
486.828
484.878
484.236
481.641
484.467
483.740
485.134
486.057
485.193
487.649
487.757
484.715
484.913
484.641
484.897
484.839
486.545
484.662
483.042
484.373
486.381
484.549
483.250
485.147
485.570
484.155
481.560
480.586
486.394
484.030
483.112
485.502
486.373
484.809
485.124
484.439
482.877
484.623
483.512
485.947
487.397
485.931
482.987
485.362
485.949
482.419
485.789
486.139
484.960
486.084
483.033
482.044
483.112
485.849
483.864
483.687
485.671
483.024
480.398
485.989
485.421
485.852
483.327
484.288
485.902
487.493
488.277
486.957
484.514
482.941
485.996
486.671
486.869
483.338
485.282
486.342
484.250
485.600
487.650
485.651
484.283
485.137
483.482
486.696
483.407
484.318
482.940
486.168
483.021
485.181
482.214
482.882
484.088
482.591
483.518
483.584
484.129
484.732
483.689
482.259
485.400
485.883
483.750
483.034
482.094
482.818
484.253
483.744
482.303
480.490
482.514
484.326
485.060
485.269
485.105
486.132
483.182
485.545
484.963
482.401
484.940
482.746
486.036
484.873
487.047
484.275
482.301
484.471
483.127
483.509
485.267
485.304
482.941
483.237
483.140
484.728
485.504
480.983
485.286
480.243
479.603
484.127
483.039
484.810
482.715
480.973
482.844
483.129
482.418
482.815
487.190
486.139
486.086
483.825
485.224
484.535
485.612
484.978
486.954
486.629
487.514
485.026
483.962
482.788
484.528
481.254
483.734
483.085
483.557
486.635
482.993
483.394
485.443
484.017
483.274
483.376
484.515
483.771
483.650
483.851
485.072
483.585
486.155
485.971
483.535
483.107
481.840
481.513
480.500
481.673
479.848
481.629
482.014
482.534
485.475
483.299
484.428
486.332
487.283
488.310
487.650
484.602
480.725
485.147
483.116
483.203
484.484
482.211
482.084
486.798
486.203
482.801
487.158
487.616
484.532
482.967
483.787
484.223
481.725
481.761
485.034
482.783
484.044
482.130
481.555
482.146
483.308
484.102
485.316
482.369
483.030
481.756
482.199
484.237
488.997
483.493
484.703
484.029
480.015
486.195
483.729
483.840
483.643
485.404
486.003
484.773
482.627
486.814
484.574
483.737
482.136
485.023
478.771
482.780
483.426
486.494
487.715
484.833
483.401
485.569
483.546
482.090
485.431
483.802
483.656
485.345
487.018
485.365
484.929
485.716
485.688
483.481
483.501
486.066
484.708
485.485
484.432
485.244
483.279
483.178
488.477
485.782
485.726
483.503
484.745
484.126
486.810
487.239
485.828
484.755
485.412
484.324
485.071
484.110
485.515
487.481
483.744
481.931
482.480
482.697
485.879
485.013
481.250
486.363
487.366
483.581
486.097
487.095
486.372
484.191
482.876
481.814
483.627
487.073
486.294
487.367
484.507
482.611
482.337
482.583
485.671
485.736
486.868
486.658
486.030
486.549
485.512
483.854
485.104
486.372
484.620
487.392
484.970
484.844
485.012
485.151
486.189
483.893
483.269
483.607
482.499
483.450
484.602
485.999
486.832
483.690
484.648
485.995
484.866
485.249
484.859
485.922
485.884
485.881
488.022
484.117
484.299
482.920
485.329
484.578
483.758
483.341
484.072
485.065
485.255
483.448
483.574
483.236
485.355
487.346
486.366
481.708
483.763
484.750
483.630
482.537
484.977
484.982
485.180
485.075
481.557
482.336
479.405
482.678
482.387
484.593
484.673
482.399
484.126
480.855
481.082
482.638
481.874
483.135
482.274
485.672
487.141
483.220
482.689
484.740
486.335
486.069
486.422
485.495
486.000
486.955
485.536
483.391
485.534
482.251
482.055
483.330
483.037
484.807
483.441
483.684
484.984
483.555
483.660
482.572
483.064
486.621
488.674
484.757
484.166
485.355
486.080
483.166
484.543
482.996
481.690
483.586
485.584
482.463
485.318
485.512
485.566
481.050
483.979
484.590
486.350
486.461
482.381
483.231
485.186
489.528
484.762
486.624
484.002
484.981
484.255
483.433
482.136
485.540
482.621
485.068
483.705
485.784
485.636
486.264
481.174
483.002
485.514
485.337
485.320
486.173
484.421
483.234
483.163
485.232
484.623
484.615
483.615
484.911
483.836
488.708
484.169
485.123
484.623
484.758
484.921
482.307
483.463
484.581
482.678
484.241
480.507
483.975
484.679
484.754
484.301
484.254
485.712
486.667
486.467
483.171
485.242
485.248
481.910
481.189
483.981
484.643
484.620
483.176
482.192
481.390
485.189
482.905
481.643
484.177
483.044
486.414
484.340
481.055
482.782
482.486
481.593
481.604
481.437
481.779
483.891
485.945
483.074
484.057
485.461
484.481
487.258
484.316
485.758
482.063
480.458
484.038
483.042
482.839
485.014
486.266
485.343
480.770
482.176
483.083
482.118
482.027
482.938
483.392
483.097
483.052
481.883
483.461
485.614
484.908
484.770
484.249
480.904
482.797
482.805
484.443
485.100
486.811
485.245
484.527
485.820
485.187
484.768
484.765
484.163
483.473
482.331
482.312
485.858
484.101
484.710
483.483
484.405
482.935
484.276
483.657
486.128
486.687
485.220
484.427
481.559
482.390
481.941
484.593
482.791
488.184
488.155
487.513
483.446
484.046
482.958
483.236
483.027
482.096
482.049
483.088
485.041
482.728
482.454
483.335
483.613
483.025
483.698
484.382
486.880
483.622
484.705
487.673
482.891
487.308
485.220
484.609
483.180
483.688
483.675
483.765
479.844
484.752
485.425
