522.962
524.654
519.643
520.780
517.289
516.679
517.867
519.764
519.200
520.310
517.814
515.179
518.099
517.808
519.883
522.049
519.838
516.462
519.313
516.801
520.704
517.816
518.665
517.853
519.017
519.388
519.050
520.700
523.666
519.284
517.990
520.364
520.601
519.522
519.942
517.211
515.436
518.371
518.316
520.198
518.564
517.819
517.911
512.894
517.227
516.948
518.870
518.645
518.204
518.744
519.151
520.833
520.015
519.107
517.785
520.896
519.809
522.080
522.691
519.859
518.072
515.510
518.143
519.183
521.245
524.352
522.937
519.490
519.692
520.301
520.093
518.087
518.628
521.854
520.619
518.970
523.130
523.644
519.197
521.031
522.322
528.401
526.223
524.779
521.834
524.756
519.321
521.839
525.412
521.700
521.249
526.803
526.573
523.563
522.684
522.719
520.196
522.731
520.174
520.250
518.154
520.889
519.841
521.317
523.584
520.487
520.453
517.121
520.053
518.042
524.599
524.012
518.943
521.036
520.934
520.034
516.812
521.321
520.255
521.913
517.028
519.423
521.064
520.660
521.788
518.176
521.559
520.391
520.332
521.818
519.840
515.177
515.628
517.594
519.705
520.324
525.151
519.095
519.970
523.411
521.605
522.655
521.748
522.360
523.538
522.302
523.137
517.828
516.997
519.918
517.869
519.114
518.053
515.020
517.398
518.224
516.816
517.035
513.371
513.590
514.819
518.513
516.241
518.683
521.618
521.422
519.585
522.910
518.379
518.096
516.473
520.002
521.418
520.048
517.236
517.518
517.075
517.191
515.501
518.535
515.170
518.726
517.497
517.047
515.088
517.128
514.209
519.286
519.534
520.732
519.881
518.921
521.302
517.056
519.811
519.138
518.056
518.122
516.226
515.807
516.190
517.438
517.031
514.149
514.093
511.954
517.108
514.386
519.052
518.087
518.851
518.562
519.668
518.501
517.712
518.656
519.487
516.796
521.764
515.219
514.716
516.760
521.318
520.053
517.695
521.744
523.022
518.672
520.388
522.328
522.390
525.908
526.901
524.033
521.406
522.926
518.142
516.505
519.153
520.281
519.243
518.243
517.562
517.101
518.455
518.333
522.798
520.895
519.508
521.460
518.408
518.919
517.808
518.932
516.737
519.707
517.135
518.165
518.616
519.360
516.435
519.810
521.138
516.774
518.440
519.331
520.449
520.665
522.735
522.463
522.711
523.529
521.185
524.915
521.114
519.748
516.329
519.805
518.943
518.956
517.352
521.157
520.545
519.070
515.774
518.330
516.563
521.745
520.843
525.131
525.857
524.215
520.664
518.999
524.533
521.028
519.002
518.068
517.346
514.726
517.148
515.324
517.241
518.015
519.168
518.308
517.280
517.031
517.945
519.269
518.857
516.651
518.248
519.793
518.898
518.911
518.498
517.024
520.384
519.709
515.530
516.507
517.469
519.020
516.776
518.654
522.127
520.279
520.319
523.290
520.129
520.982
519.814
520.540
516.761
520.348
521.443
521.344
523.089
518.427
516.166
517.063
515.592
519.008
518.583
517.422
519.742
520.327
519.363
522.930
521.162
520.084
519.099
517.010
517.642
520.066
519.077
519.159
521.329
521.912
521.214
524.658
523.818
519.265
518.603
520.994
521.604
517.330
517.213
521.992
521.853
519.118
517.525
520.185
519.646
521.684
518.844
518.778
523.368
522.732
523.370
522.165
522.109
522.837
521.566
518.645
519.339
519.855
522.127
521.293
519.905
520.369
521.167
522.742
523.261
519.517
521.288
519.411
523.181
519.629
517.941
520.281
517.959
515.858
517.089
516.563
519.215
521.691
521.493
518.633
520.351
521.092
523.660
521.421
519.902
518.310
519.138
518.339
521.567
519.666
517.898
518.007
521.341
518.571
519.528
519.216
517.993
517.124
517.667
518.349
516.924
522.128
523.206
525.303
521.555
520.665
518.873
526.333
523.448
522.263
528.988
526.365
523.224
522.705
520.753
520.341
522.389
520.132
522.785
521.976
520.908
523.212
523.135
524.117
522.492
525.627
523.857
524.715
522.405
523.638
525.156
521.728
526.002
521.980
523.535
521.025
522.314
519.266
522.805
526.251
527.092
527.613
527.674
527.124
523.013
524.777
526.169
528.391
526.896
528.405
528.116
525.879
521.677
522.188
522.769
525.010
523.616
521.670
522.912
521.789
523.700
523.570
523.118
523.586
518.780
520.362
523.134
523.972
522.388
519.666
524.365
524.684
525.465
521.246
522.537
520.968
525.597
527.240
526.330
526.611
527.253
524.395
520.238
521.495
520.803
525.273
522.910
519.867
521.059
519.916
519.837
517.919
520.985
520.862
522.445
521.979
519.039
523.260
520.298
520.443
520.803
520.036
519.751
518.211
516.140
519.587
518.024
522.070
521.300
522.362
521.208
525.194
523.689
522.044
525.400
523.395
523.784
523.612
519.391
520.112
521.538
520.621
522.043
519.090
521.199
519.814
520.811
523.242
521.320
521.483
518.218
518.454
517.676
521.299
520.324
518.370
514.022
520.920
520.928
519.593
518.951
518.690
517.224
517.543
516.445
518.507
520.522
517.797
517.166
518.330
518.707
519.223
519.191
522.121
522.107
519.844
521.258
521.085
519.315
522.522
520.257
520.759
520.718
518.877
517.489
519.222
515.090
516.727
517.457
517.954
517.536
516.488
519.045
513.498
516.273
518.646
515.883
516.404
518.780
521.404
519.802
521.550
517.296
518.630
519.893
519.775
520.988
520.932
518.979
517.649
521.174
522.821
521.416
524.057
525.214
519.389
518.023
518.965
517.202
522.048
523.910
521.720
517.709
517.057
522.783
522.842
521.664
521.286
517.569
518.209
518.274
519.469
518.434
520.149
517.079
518.260
519.590
517.247
519.112
521.843
519.728
517.266
519.055
522.254
521.268
520.885
519.932
523.567
521.737
518.620
522.634
518.073
522.229
523.280
521.633
518.288
522.648
520.001
521.063
522.363
523.086
526.296
523.189
524.263
521.606
521.803
518.724
523.619
524.970
520.835
522.228
523.253
527.264
528.369
525.449
522.002
522.979
521.399
521.085
521.878
518.906
519.809
523.446
522.959
523.470
525.518
525.339
521.511
523.733
520.938
517.464
519.007
518.489
521.980
522.695
519.613
515.828
520.811
520.754
520.059
519.449
519.827
520.288
521.079
519.118
519.772
517.933
520.042
521.103
518.313
516.723
519.132
516.963
518.744
514.453
514.274
516.798
517.648
516.345
519.323
514.829
516.957
515.797
515.926
515.888
518.184
521.378
522.738
522.319
523.663
520.779
521.756
522.687
522.314
525.008
522.102
524.079
521.938
521.376
520.346
518.772
517.265
515.779
519.341
519.415
518.646
518.478
520.524
519.654
521.694
524.220
517.865
517.648
521.451
520.120
520.268
513.857
515.239
516.726
516.578
519.669
514.527
517.292
516.334
516.149
521.591
519.356
517.651
517.949
521.551
521.217
521.321
520.550
520.750
521.952
519.775
520.258
518.308
522.089
521.464
521.092
522.526
520.443
520.545
519.358
520.794
522.381
521.433
521.235
518.384
518.423
518.478
519.766
516.304
520.032
518.304
517.914
519.621
518.981
519.542
519.382
519.198
517.528
516.741
516.452
518.852
518.158
514.304
517.159
521.319
519.952
518.663
518.547
518.508
520.990
521.874
520.589
522.174
520.270
520.255
521.636
520.546
522.756
522.332
521.606
524.667
521.621
525.256
520.963
518.116
517.852
518.190
521.433
519.430
516.755
522.985
521.883
525.189
520.540
519.378
517.550
526.467
524.718
523.733
524.095
521.360
519.816
522.534
520.038
518.930
518.155
523.766
524.230
524.410
523.327
526.449
529.330
526.685
526.519
527.999
528.321
524.313
527.294
529.613
523.737
524.254
524.228
524.610
522.317
522.967
522.449
528.347
524.374
526.558
522.751
525.016
524.859
523.873
523.669
523.607
521.747
519.349
521.695
522.659
520.532
516.749
521.029
522.093
521.156
523.093
521.570
519.238
520.820
521.885
521.386
520.924
520.476
517.291
515.600
519.538
517.846
524.297
521.199
522.997
522.461
522.135
520.680
522.811
524.629
522.060
522.457
521.355
521.135
524.324
523.675
521.793
522.939
520.636
517.760
518.603
519.169
518.110
518.710
518.853
523.331
526.499
523.088
524.377
524.638
523.188
520.900
524.756
522.322
523.044
520.317
520.305
518.198
521.343
522.046
527.640
523.297
523.475
524.697
522.458
526.921
523.944
522.098
522.425
523.619
521.255
523.433
517.300
515.875
520.374
515.901
520.148
519.375
517.988
518.834
520.334
515.604
512.653
513.880
516.026
516.429
511.732
515.702
517.043
515.695
515.123
516.869
515.584
516.310
517.028
517.331
519.706
517.892
518.966
517.202
518.771
516.138
514.928
519.410
515.000
514.568
516.032
519.767
519.805
520.090
517.879
514.810
519.525
518.087
516.885
517.939
517.758
518.458
521.087
519.125
520.077
516.085
517.889
518.646
519.221
519.446
519.941
521.140
519.404
518.686
519.393
522.168
516.241
516.940
515.886
520.759
516.210
519.220
519.080
519.841
519.297
520.074
516.570
521.007
519.790
517.423
517.587
516.374
515.989
516.362
517.896
517.175
517.052
521.516
523.176
520.572
517.184
516.998
518.363
517.321
515.922
514.793
515.664
514.681
515.572
516.580
518.322
520.007
518.657
514.588
516.551
515.636
518.222
518.105
518.304
519.057
516.804
519.161
516.881
517.201
513.742
520.081
520.365
516.778
516.454
520.672
516.392
516.659
516.260
517.518
518.070
517.157
516.524
517.584
519.989
516.902
516.078
518.439
518.984
520.795
520.323
520.814
522.062
516.869
517.682
517.135
516.142
518.320
514.969
515.810
516.375
515.627
517.467
517.183
516.939
520.635
517.300
512.942
516.413
520.457
519.221
517.769
517.860
518.243
521.888
516.399
517.601
515.670
519.268
514.941
515.887
514.889
518.272
517.479
517.763
517.385
520.467
518.902
518.828
517.296
515.733
517.010
519.372
515.998
518.548
518.724
517.969
518.580
515.179
515.322
516.512
517.056
517.820
519.510
520.693
516.633
518.136
522.754
522.984
520.201
521.139
520.183
518.944
519.961
517.831
518.062
519.258
519.295
518.165
515.781
519.312
517.028
517.589
516.870
517.674
519.604
518.987
519.711
516.753
517.086
516.624
517.303
519.835
518.680
519.247
519.356
520.106
517.612
518.142
518.786
523.325
518.870
519.437
517.597
517.920
517.283
515.778
511.137
515.104
516.044
512.781
516.317
513.708
515.559
516.233
513.646
514.271
513.985
515.504
515.546
518.327
514.223
514.918
517.490
515.870
514.342
515.240
515.594
517.814
515.819
513.046
518.803
516.087
515.653
514.261
513.041
510.779
515.460
515.884
518.527
516.167
515.960
511.270
513.737
511.879
512.574
514.591
518.036
514.769
518.105
515.490
516.442
514.405
513.570
519.355
517.389
523.000
524.104
518.152
519.864
518.953
517.699
515.739
516.688
518.522
521.555
520.349
518.139
514.204
516.628
518.092
516.078
516.075
515.139
515.956
517.313
521.884
522.852
519.240
522.932
521.506
522.363
524.626
522.141
521.173
519.458
521.493
520.553
520.753
518.653
522.325
522.895
522.432
522.297
519.958
519.596
520.082
521.692
520.014
519.749
516.399
517.718
516.246
519.532
519.299
518.092
518.806
522.296
523.944
519.662
523.509
524.188
524.888
522.305
525.645
524.974
520.329
524.174
526.315
526.004
524.595
525.695
523.077
527.282
526.324
529.975
529.521
528.007
524.371
524.991
527.890
528.968
525.815
523.173
527.942
530.194
530.040
528.861
529.944
526.883
525.364
525.847
526.462
525.789
526.621
524.230
522.424
523.506
525.116
527.709
529.648
525.521
525.641
520.289
524.673
524.366
526.674
524.034
526.122
523.536
522.069
522.445
521.042
524.327
522.324
519.813
521.520
523.066
522.453
520.438
524.179
524.935
524.954
521.980
524.767
528.273
524.280
524.871
523.977
525.282
524.003
528.453
527.720
524.728
526.704
526.635
524.410
525.040
525.624
522.682
520.877
519.454
521.370
524.940
525.260
524.086
527.567
522.994
525.976
525.449
525.713
524.352
526.590
526.039
527.940
527.180
527.381
529.390
529.047
523.458
524.121
523.401
523.137
522.618
524.554
523.555
524.329
522.342
522.830
525.444
522.255
523.588
522.792
522.776
522.010
521.119
522.685
519.387
520.274
520.220
519.470
522.390
522.521
520.635
523.240
520.721
518.219
516.690
522.260
521.897
521.180
522.027
523.949
524.212
521.075
520.769
527.353
521.233
519.837
521.151
516.863
519.733
519.862
520.268
522.263
523.672
521.830
522.574
525.441
526.310
528.614
528.485
529.541
526.951
524.466
522.314
523.141
522.455
523.073
525.899
528.948
529.291
528.466
527.157
521.892
522.585
529.308
527.241
522.910
520.786
520.947
522.839
524.827
521.483
521.237
523.907
527.204
523.631
521.961
518.710
519.916
523.047
522.035
520.620
521.057
521.166
516.517
518.676
518.148
523.132
523.547
521.852
520.086
525.027
522.713
520.551
524.626
524.461
523.642
523.588
524.374
525.455
522.594
523.330
523.462
524.160
524.633
522.275
524.367
521.670
522.479
517.499
520.475
517.159
518.824
520.381
521.327
520.747
521.910
519.062
518.975
515.653
518.548
518.743
521.093
523.415
518.991
521.643
521.702
519.625
521.469
524.280
526.757
522.024
520.913
522.691
521.379
518.795
521.030
518.917
519.399
517.001
517.887
519.657
519.294
515.563
520.892
517.726
520.370
520.661
518.794
524.054
528.256
522.167
522.782
524.037
522.582
520.712
519.564
524.904
524.073
526.573
527.531
526.060
524.652
523.222
526.044
525.327
523.361
522.891
524.144
520.617
523.056
522.449
524.674
524.410
525.248
525.661
524.353
522.876
526.470
530.457
527.128
527.037
527.664
524.256
528.278
529.117
529.330
529.332
522.954
521.692
526.521
524.748
523.386
524.680
525.508
526.798
527.103
526.452
523.173
522.949
525.159
524.542
527.313
522.566
522.088
524.970
527.529
526.501
527.063
527.343
528.122
525.196
528.040
525.988
528.356
528.550
524.151
527.789
525.798
525.641
526.699
528.778
526.712
527.807
521.776
522.518
525.298
523.996
528.843
525.025
521.480
522.601
522.587
520.897
520.259
520.752
518.245
516.685
520.939
521.408
519.758
521.668
521.888
522.339
520.588
523.654
519.700
519.668
522.121
521.697
521.808
518.344
520.555
524.392
525.848
525.746
523.869
526.387
523.243
521.661
522.798
524.017
526.195
527.373
526.602
524.290
524.643
526.048
525.777
527.999
524.219
527.360
524.473
524.331
527.296
524.104
524.269
523.610
525.778
523.750
521.867
524.455
521.063
521.685
520.175
521.789
522.976
523.563
522.650
524.828
522.199
524.592
522.268
525.857
522.709
521.341
521.733
522.080
525.136
525.331
526.033
530.043
526.577
528.635
527.898
526.318
524.639
527.024
523.452
522.368
524.257
525.957
527.504
526.937
524.694
520.064
521.367
523.246
524.988
522.678
523.773
522.741
521.461
520.164
519.383
520.827
525.117
526.982
527.144
527.048
524.351
523.428
525.181
527.858
528.935
526.376
529.641
529.776
534.818
531.110
532.564
533.979
533.195
529.835
527.926
530.521
530.661
527.411
527.601
532.726
525.815
529.551
530.528
528.798
527.526
527.798
528.948
530.019
526.361
530.034
529.207
529.578
528.793
527.256
529.183
532.458
530.731
531.608
530.833
528.462
527.081
526.579
529.169
532.373
531.956
530.498
527.370
523.256
523.165
524.156
519.012
522.399
524.626
522.509
519.610
521.617
522.741
524.075
520.825
521.189
520.659
518.591
519.824
522.457
522.600
519.486
521.949
523.932
524.849
525.365
520.556
524.829
524.110
526.523
526.823
525.256
525.049
524.413
528.261
523.675
523.662
525.749
520.775
522.472
522.548
522.636
524.900
526.896
521.914
526.597
526.019
526.757
525.244
526.139
527.341
530.287
529.312
527.842
525.691
527.646
526.784
529.362
530.776
524.488
526.123
523.478
525.493
524.433
524.918
525.902
525.354
525.564
522.880
523.361
523.097
525.076
525.512
525.038
524.465
526.034
524.174
523.941
524.060
523.627
526.121
530.118
529.298
522.815
526.688
526.127
523.909
524.231
523.499
520.492
525.676
526.255
525.386
527.216
525.407
526.195
523.449
522.771
525.074
522.629
519.702
522.388
521.057
520.729
520.764
520.775
521.193
522.182
520.899
520.599
521.342
519.941
523.498
524.280
526.195
526.586
521.136
518.968
522.699
524.213
523.513
522.336
521.657
520.233
521.162
519.923
521.024
520.454
518.782
521.818
525.586
525.027
521.420
525.391
524.890
524.534
521.507
524.530
521.807
521.230
522.866
522.703
517.444
519.790
521.024
520.522
523.637
527.241
525.312
522.567
523.787
524.277
524.389
521.033
520.032
521.856
524.086
524.358
523.087
525.185
522.857
526.841
523.982
525.791
527.201
527.146
525.348
525.584
524.407
522.820
524.521
521.685
521.823
520.642
521.786
520.247
523.779
523.199
520.305
521.944
520.162
518.654
525.418
521.643
522.352
522.772
524.088
522.892
519.195
518.837
522.077
520.393
518.426
522.035
522.383
521.948
522.106
521.543
526.213
524.986
523.775
523.645
522.880
522.996
519.804
526.417
525.743
521.524
524.755
523.368
526.684
522.916
521.740
522.358
521.094
521.674
522.105
521.691
524.654
522.996
522.792
525.387
523.031
520.701
522.183
521.252
518.896
522.112
525.141
520.817
520.572
520.759
524.175
524.527
522.949
523.196
524.690
525.136
524.028
521.959
522.443
519.989
523.091
521.913
518.574
521.206
515.955
519.562
520.254
524.336
519.552
518.669
518.345
520.860
522.403
523.421
523.041
520.837
523.195
521.120
525.453
527.596
525.522
526.059
524.250
522.617
525.908
523.585
522.365
525.486
524.503
520.107
522.421
521.008
525.310
523.921
524.475
525.867
526.294
526.918
523.932
521.717
522.197
522.725
522.588
523.242
524.505
525.356
520.764
519.244
521.352
521.251
523.476
524.668
522.942
524.432
524.761
524.803
521.142
520.500
519.115
518.283
522.685
526.629
526.054
525.639
526.427
527.295
525.320
525.896
526.850
526.219
527.485
527.688
529.139
530.205
528.569
526.621
531.151
525.840
526.234
526.670
527.451
527.602
524.454
525.618
527.263
526.734
523.833
523.924
529.593
524.824
524.600
525.863
524.091
520.425
523.473
523.526
522.806
518.601
523.134
519.484
521.686
524.487
522.731
524.190
521.611
522.872
522.619
520.904
519.671
517.554
520.578
517.062
520.070
520.626
521.063
520.334
522.761
522.192
523.412
525.557
525.616
524.561
524.170
523.479
520.199
528.189
525.596
523.836
521.514
518.185
522.914
521.829
520.241
519.398
523.277
520.386
517.605
519.468
519.859
522.119
523.496
519.688
518.151
517.474
518.400
517.766
520.648
521.538
522.448
522.506
517.347
519.646
520.501
518.748
520.544
521.191
521.325
523.806
526.359
520.725
519.757
521.289
521.476
518.465
521.801
520.729
520.599
518.883
525.489
518.792
519.049
520.852
518.446
520.178
516.711
516.769
516.523
520.200
517.739
514.154
520.600
522.680
519.884
518.261
520.681
521.277
516.255
518.237
520.138
520.303
517.157
518.364
520.367
520.030
519.855
515.862
516.298
517.773
518.191
519.414
516.776
516.550
516.681
512.977
516.325
516.004
517.463
519.158
518.450
517.244
517.967
519.818
512.799
515.909
515.264
520.131
518.991
520.442
520.506
517.686
515.237
517.054
518.113
516.250
519.860
521.146
516.996
519.382
517.801
518.092
516.929
520.481
521.158
520.030
521.640
519.236
519.641
520.992
520.253
520.182
519.787
517.808
517.530
521.361
518.168
520.305
521.715
516.987
518.570
520.751
517.583
518.332
519.540
519.145
519.171
517.262
518.339
520.823
519.939
519.149
519.084
520.700
517.547
521.753
521.057
520.034
520.527
520.403
522.686
524.161
520.907
521.439
522.175
519.061
515.875
520.699
520.671
525.640
522.084
522.244
524.567
517.796
514.806
515.882
519.032
521.055
519.999
519.420
518.568
521.157
518.278
519.553
521.304
520.847
524.236
520.216
522.054
517.354
516.338
519.610
519.764
521.477
516.309
516.000
516.034
519.024
515.339
515.376
517.895
517.777
518.956
516.520
516.911
519.532
518.709
519.918
521.429
517.332
518.509
519.446
517.420
520.152
518.760
521.293
521.337
518.664
516.770
524.932
526.861
526.161
525.811
525.466
522.337
525.885
523.558
523.743
523.432
520.671
521.506
523.742
522.849
523.825
525.787
520.837
523.303
520.914
521.159
520.333
518.882
517.676
519.273
522.115
524.392
523.714
524.192
522.328
519.101
516.708
520.330
517.628
519.796
521.140
523.598
521.597
520.213
522.248
525.237
522.939
526.139
523.748
522.786
524.824
523.992
527.105
525.107
522.517
525.871
525.960
522.412
523.829
526.343
524.085
524.830
525.570
522.018
525.306
530.915
527.676
525.178
523.186
523.648
525.945
523.928
523.903
522.732
519.882
522.709
525.241
522.667
522.438
524.374
527.090
522.531
521.012
521.695
521.712
524.075
522.251
521.912
522.079
520.203
519.962
517.147
516.014
516.290
520.590
520.401
521.190
517.923
520.854
520.490
523.631
523.879
524.598
523.098
523.180
523.261
522.693
518.398
518.748
523.545
519.612
524.234
525.660
520.675
524.111
521.496
520.636
522.532
520.853
524.004
524.519
522.389
522.356
520.778
523.669
519.882
522.334
518.226
524.671
521.620
522.680
523.480
525.237
525.149
524.463
521.363
523.931
523.317
522.209
526.554
520.810
522.342
521.452
523.547
522.091
522.815
524.912
523.116
524.376
523.730
522.745
525.292
522.636
525.325
522.716
522.613
518.319
519.307
523.274
520.936
520.476
520.809
521.796
523.453
519.558
518.516
521.999
524.314
521.716
522.581
516.765
518.234
520.217
519.672
520.820
521.746
523.856
525.439
523.920
520.665
520.752
521.371
517.908
520.043
522.200
518.879
521.984
523.891
521.945
523.023
523.658
527.829
526.529
522.537
523.569
519.569
520.506
520.234
521.554
523.231
522.218
523.489
521.597
524.925
523.691
522.443
520.271
522.012
520.728
521.849
517.670
520.642
520.565
519.717
517.604
519.240
519.553
517.079
520.541
519.431
516.723
518.277
517.198
520.938
521.703
517.886
516.151
516.513
519.736
521.668
520.818
521.432
522.456
520.560
520.508
522.851
520.375
521.414
518.906
518.544
522.327
522.958
515.944
520.718
518.708
520.482
521.542
520.107
521.019
520.745
517.936
518.778
516.302
518.162
522.719
521.707
518.471
517.609
520.967
520.825
521.877
521.453
521.956
521.822
521.528
519.548
520.954
520.430
517.029
517.192
518.237
519.015
518.855
514.679
516.915
517.584
518.422
516.486
519.329
516.680
518.266
518.041
514.876
514.864
513.530
518.145
518.083
514.792
518.760
512.910
514.882
516.527
519.292
519.188
517.354
518.154
520.519
523.205
519.663
518.398
519.621
518.595
519.374
514.646
517.378
518.047
520.234
519.494
517.658
519.194
523.424
513.309
513.153
519.868
516.372
518.269
517.975
517.623
519.955
517.612
517.560
517.918
517.018
519.105
518.251
520.423
521.893
517.743
515.011
516.691
516.819
515.188
516.142
519.796
520.818
518.432
518.445
519.161
517.202
516.954
520.432
520.641
516.864
517.871
515.012
511.889
516.368
516.235
518.213
517.798
518.134
515.280
516.387
515.273
518.833
513.547
511.448
513.789
511.591
515.252
513.850
517.995
518.951
518.794
520.613
516.123
517.818
519.824
520.233
519.506
519.349
519.457
520.951
522.455
517.795
514.778
515.105
516.609
516.850
514.510
515.282
517.462
511.764
516.026
512.455
514.315
513.782
514.074
514.616
515.467
518.831
516.212
517.807
516.320
514.395
512.741
515.313
516.676
517.602
519.722
514.839
519.012
518.416
519.782
520.424
519.472
520.874
518.961
517.552
518.456
522.316
521.408
521.497
520.743
522.796
515.098
519.067
517.262
514.486
515.941
520.180
520.153
521.169
519.714
518.542
518.689
518.205
519.921
520.933
519.524
517.125
518.087
516.497
517.254
515.832
516.829
516.821
519.851
520.178
519.134
516.275
518.427
515.318
517.786
516.356
516.358
516.592
519.558
521.447
517.010
519.386
522.022
519.941
516.375
520.329
521.440
522.861
521.271
520.997
517.892
519.880
518.450
517.246
519.494
516.497
517.964
520.072
516.539
518.247
519.803
515.757
519.175
517.873
515.912
516.335
518.977
521.612
522.029
518.618
517.903
516.583
516.728
517.301
521.047
520.663
520.007
518.237
518.964
517.414
519.638
518.962
516.757
519.588
516.499
518.063
516.972
518.425
518.795
518.734
518.943
519.649
519.405
521.213
524.024
519.930
521.423
523.273
520.000
520.438
519.670
520.549
521.292
521.859
517.110
513.840
513.974
514.824
512.624
515.781
513.692
517.549
518.306
517.447
516.954
515.732
516.261
515.861
517.440
517.385
512.633
514.135
512.702
515.785
516.402
515.660
515.906
519.005
521.574
516.120
519.343
517.770
518.296
517.436
517.629
519.266
517.129
515.867
520.066
516.533
516.221
518.949
519.534
516.724
516.428
517.152
520.554
518.545
521.167
520.523
517.725
520.263
518.959
518.902
517.906
515.680
518.541
516.801
519.017
516.696
516.786
516.673
519.401
522.059
519.075
516.361
514.550
514.839
518.823
520.614
517.152
519.656
517.855
519.435
517.006
514.463
517.838
516.834
517.083
515.963
512.351
520.632
520.004
516.458
517.098
518.157
514.545
515.895
516.415
516.261
518.093
516.254
516.067
514.966
514.594
515.909
515.179
519.712
518.636
519.918
519.736
518.591
519.545
517.415
517.390
521.354
517.993
518.912
519.264
518.758
518.173
518.698
520.444
519.134
522.280
522.486
525.720
521.147
520.004
519.959
519.698
517.837
518.403
520.227
524.227
521.687
520.967
518.531
519.652
519.949
521.593
519.389
517.619
516.151
516.103
518.516
521.017
520.066
523.085
522.592
520.628
522.290
521.390
522.444
520.173
518.256
522.929
519.213
518.761
520.873
519.015
522.192
521.431
523.648
518.933
519.977
519.058
517.990
519.582
516.231
516.632
515.160
518.195
520.127
520.230
519.246
523.574
520.715
520.683
520.931
518.608
517.552
519.958
522.308
521.540
521.051
521.715
520.245
519.844
519.942
521.174
520.470
521.428
520.076
517.233
518.249
521.189
518.745
518.715
520.431
521.470
520.194
519.211
520.876
522.491
519.309
519.116
517.386
519.696
520.429
520.736
519.417
519.152
517.910
518.575
520.302
522.129
522.599
521.111
520.031
518.103
520.381
518.779
518.472
520.234
521.402
516.946
522.632
520.401
520.707
521.403
521.027
522.593
521.914
525.059
521.144
521.645
522.263
520.782
522.132
519.503
518.149
520.649
517.957
517.961
519.025
520.845
521.013
521.257
523.792
523.882
525.298
522.755
522.961
526.117
526.819
522.814
521.250
522.799
523.364
524.086
526.550
523.926
525.097
526.908
525.943
524.833
526.074
526.978
523.937
524.240
524.952
528.061
522.667
523.634
521.956
522.198
523.382
525.681
526.710
523.411
525.756
526.490
523.777
522.875
522.494
521.337
520.364
519.313
521.063
520.096
519.751
519.634
522.436
521.313
521.599
518.848
520.081
520.686
524.364
522.583
525.619
524.813
525.662
525.704
522.002
521.968
521.507
517.953
521.317
519.844
519.045
519.545
523.674
522.929
521.385
520.100
520.719
520.844
520.792
521.328
519.996
519.009
519.317
518.937
518.944
518.292
519.936
517.969
521.753
522.468
520.791
519.794
518.345
520.712
517.746
518.319
517.104
518.342
520.388
521.774
520.537
519.829
515.312
515.570
521.490
522.719
524.148
525.679
523.410
521.914
524.953
522.778
522.693
520.555
522.220
522.494
519.383
523.419
521.488
523.834
523.720
519.045
519.036
521.452
526.342
520.729
524.357
521.675
520.266
520.043
520.973
522.726
521.425
522.195
522.182
522.103
522.187
522.569
523.867
521.881
524.118
526.059
522.446
522.917
524.493
523.215
519.230
520.946
522.877
520.974
519.869
520.717
520.285
519.804
523.859
522.693
520.519
520.129
521.039
522.973
523.239
524.672
523.682
526.911
525.675
528.995
526.579
524.964
518.467
519.684
518.709
518.205
520.188
520.971
523.731
524.388
526.752
521.793
521.454
522.160
522.877
524.472
518.947
522.224
522.559
517.627
520.098
520.720
521.673
521.764
519.646
522.753
523.536
520.447
522.190
523.583
520.805
520.413
522.626
522.586
522.540
521.102
520.697
522.013
522.052
525.919
521.741
523.052
520.640
520.001
519.604
522.925
526.486
521.942
524.672
525.288
523.877
524.380
524.943
520.115
525.485
520.903
522.388
519.845
522.825
518.941
521.275
520.516
520.504
522.629
526.190
522.973
522.439
522.742
522.776
521.863
522.940
524.380
524.875
525.074
523.293
524.839
529.205
524.441
522.895
523.303
519.536
517.534
519.207
519.187
521.152
523.234
526.469
525.226
521.821
522.304
519.913
521.287
520.672
520.065
522.239
520.868
523.285
524.242
521.944
522.675
522.432
522.919
522.455
527.167
522.528
523.889
525.114
529.267
525.358
520.533
523.832
521.966
522.669
519.569
519.363
520.319
521.441
519.837
523.565
521.626
523.127
522.002
524.416
518.782
520.523
519.153
518.297
519.272
521.596
518.996
520.748
518.381
518.208
520.517
519.535
519.885
519.996
521.564
521.868
517.372
518.973
519.530
518.386
518.127
518.866
521.675
520.802
519.342
524.513
520.330
521.701
522.381
523.771
523.190
523.893
515.486
524.257
521.619
519.920
523.377
520.529
524.923
522.475
523.575
521.140
522.975
523.186
520.326
522.964
521.464
525.554
524.800
522.867
524.624
520.319
522.459
528.074
529.032
525.833
524.417
522.791
526.011
522.713
521.923
520.480
520.776
518.163
517.948
520.339
520.721
520.949
521.354
523.841
526.072
527.273
524.844
525.040
520.919
518.750
524.377
521.069
523.347
520.851
518.365
522.931
522.580
522.687
522.130
522.831
519.818
520.948
524.372
524.556
520.482
522.822
520.953
522.984
524.147
523.879
524.408
522.216
524.788
520.992
525.617
523.944
520.370
523.168
523.352
521.058
519.739
521.510
520.853
523.172
523.655
523.116
520.792
519.032
522.291
520.218
521.089
523.816
522.899
522.010
520.568
521.100
523.524
522.462
524.759
522.893
524.185
523.898
524.682
523.367
523.133
521.480
524.646
524.426
521.352
521.065
520.767
524.489
525.125
523.506
521.360
521.733
524.480
522.392
518.424
521.467
521.414
520.440
520.397
519.541
523.866
522.867
522.016
524.171
525.161
526.564
526.253
522.461
523.174
526.529
524.430
524.861
522.692
525.125
524.818
522.571
523.565
522.050
523.795
522.024
520.044
519.048
524.198
522.991
525.736
520.593
517.944
517.895
520.218
522.901
522.725
522.299
519.442
518.661
522.744
525.096
521.114
521.583
518.999
517.396
517.999
521.523
517.850
516.885
516.607
517.870
518.945
519.282
519.819
517.444
513.961
517.831
518.383
516.797
518.585
523.785
523.188
521.481
519.630
516.955
519.874
521.013
520.062
518.922
518.039
517.429
517.583
516.020
515.833
522.602
519.709
519.370
519.436
517.134
519.102
517.624
519.706
520.581
516.227
514.698
514.888
512.195
511.279
518.065
515.470
513.726
512.129
515.354
512.847
518.886
514.899
512.934
516.571
516.009
512.042
515.494
516.302
513.032
515.675
515.379
517.417
516.047
515.604
515.332
515.544
512.178
512.525
512.058
512.412
516.172
517.648
514.363
513.616
511.115
513.029
516.282
516.700
517.323
519.842
514.261
519.905
516.928
517.435
515.095
515.568
520.748
517.151
518.258
516.349
515.341
514.159
513.274
516.906
517.256
513.884
515.825
513.767
513.062
516.249
513.961
514.988
512.728
512.978
512.479
515.119
516.738
512.425
516.695
515.361
514.760
517.787
515.095
512.380
514.678
514.710
515.776
514.185
516.016
514.781
512.856
515.212
513.027
513.266
516.602
517.682
515.549
516.924
517.271
517.672
517.224
513.794
519.419
515.047
514.593
514.973
514.324
516.836
518.016
520.903
517.906
516.192
518.289
516.116
515.011
516.579
516.857
516.124
517.162
512.883
513.027
512.113
516.166
517.699
516.213
516.060
516.197
516.750
514.215
519.859
517.963
518.145
519.804
522.975
519.836
518.849
520.831
519.528
522.651
524.968
519.966
521.097
520.262
520.659
519.790
518.406
515.881
520.345
519.139
520.010
517.562
521.755
522.912
521.378
519.078
519.170
520.131
516.799
520.396
517.112
517.285
518.311
519.765
518.888
519.532
514.739
514.937
519.650
518.586
513.568
517.469
516.948
516.589
516.801
518.385
520.254
524.929
520.909
517.441
517.161
515.575
517.608
516.205
518.531
517.167
520.370
518.892
520.658
519.643
521.344
522.260
519.000
517.724
516.547
516.072
517.358
519.680
518.627
517.193
518.619
520.662
519.762
519.331
521.637
516.215
521.258
519.614
520.409
518.317
520.782
520.867
521.538
519.277
521.723
521.006
521.651
520.713
520.727
519.098
520.212
521.128
520.850
520.844
523.434
523.405
521.836
522.005
517.520
516.978
517.691
521.317
514.209
517.619
517.331
519.420
515.160
516.911
516.137
519.767
517.651
515.979
515.130
514.384
517.064
516.386
517.038
515.900
518.921
517.417
517.570
515.424
517.199
516.263
516.506
520.156
521.123
521.046
523.708
518.583
518.842
517.040
518.846
519.836
518.062
518.533
517.914
516.630
518.134
519.285
517.234
519.259
516.601
515.699
519.187
517.566
519.581
516.939
519.330
517.699
516.156
515.907
516.156
518.842
512.293
516.687
522.003
521.112
521.495
521.204
516.427
517.411
519.527
517.672
515.778
522.644
523.365
519.564
525.334
520.307
520.595
521.634
521.356
520.839
517.860
518.149
518.474
516.636
516.912
518.735
516.568
516.525
516.728
514.893
514.963
515.386
513.644
513.288
515.958
517.198
516.887
516.871
518.669
512.782
513.498
515.266
515.605
515.759
514.728
512.897
517.989
516.713
517.493
513.235
515.294
513.719
514.878
514.863
515.425
516.959
516.306
515.800
513.360
515.441
510.849
512.469
513.179
515.317
513.219
511.590
511.045
513.336
517.925
519.050
517.298
515.605
516.708
514.667
511.406
512.331
515.782
514.482
511.224
514.280
512.829
513.105
516.101
516.313
515.240
512.915
513.013
515.913
516.181
513.719
514.724
517.822
516.872
514.387
514.867
510.687
511.798
512.415
512.285
515.811
518.166
516.154
515.703
517.428
520.023
521.383
521.886
520.664
519.860
521.610
521.937
519.016
523.159
522.415
521.599
516.755
519.243
517.730
517.142
515.897
517.465
516.644
517.078
519.421
515.054
515.917
519.255
523.503
518.373
517.754
520.696
522.540
523.332
519.437
516.527
515.249
516.308
516.093
514.758
516.621
518.479
518.183
519.622
522.505
523.573
521.076
521.353
519.683
520.116
519.758
520.430
519.652
519.274
519.081
517.348
515.199
515.231
514.153
513.824
515.787
519.110
520.046
518.843
517.594
517.190
517.432
513.921
517.322
516.054
515.085
513.453
513.319
516.068
513.779
516.064
518.973
518.078
518.739
518.033
516.936
518.153
518.432
516.432
516.815
519.494
518.155
517.373
517.312
518.323
521.246
518.610
518.353
515.061
514.548
518.378
519.293
515.867
520.121
519.440
515.405
515.367
518.166
516.024
517.351
514.809
515.221
515.318
516.156
515.127
517.927
516.717
515.038
514.416
513.702
516.309
518.197
514.002
515.528
515.283
514.112
519.753
516.740
519.707
513.648
515.796
511.783
511.674
511.858
514.097
510.845
514.137
517.550
515.590
514.238
512.481
511.635
511.487
511.276
515.801
515.123
515.815
513.586
517.419
514.593
510.785
513.601
512.470
512.471
512.868
512.066
514.112
515.057
516.253
516.297
518.617
516.142
515.209
517.305
516.248
519.235
520.597
516.906
519.470
518.910
514.303
517.083
516.611
517.745
518.256
518.033
517.662
520.634
519.220
518.351
521.413
520.419
517.921
517.469
517.329
516.439
521.791
523.193
521.977
517.765
515.344
519.543
518.728
522.338
522.217
525.628
520.706
524.321
524.053
520.996
524.390
525.695
522.390
524.403
523.490
521.531
520.196
521.537
525.084
523.299
522.186
523.285
524.123
522.958
522.862
523.861
525.229
523.268
522.983
520.444
523.826
523.369
525.631
524.094
524.253
522.831
522.755
525.173
516.167
518.700
521.169
521.163
522.348
521.409
523.583
523.059
523.434
521.396
521.119
520.734
519.450
519.193
521.532
518.739
517.403
521.237
520.419
520.919
522.145
520.746
522.123
525.363
521.355
525.736
520.807
521.742
520.473
521.275
525.621
523.138
522.590
524.844
529.488
528.284
526.309
524.902
527.107
524.537
521.021
525.912
528.247
527.768
524.661
525.984
527.414
524.763
521.171
525.557
524.007
521.655
519.719
520.012
519.951
522.063
517.340
519.831
518.956
523.200
527.290
524.195
521.682
523.203
518.340
519.423
519.999
514.595
517.807
518.723
520.732
519.152
518.058
520.061
523.089
522.971
520.284
524.994
530.027
525.528
525.400
525.437
524.202
522.719
521.686
522.048
523.992
524.231
522.539
523.907
523.279
524.117
520.070
523.224
520.155
520.154
526.582
524.056
523.431
524.592
523.627
522.984
524.464
524.467
521.470
521.957
524.977
524.255
524.424
523.072
525.788
523.392
522.191
522.809
521.395
521.648
523.371
519.335
520.904
519.404
521.807
522.109
519.953
521.364
522.715
524.505
524.794
523.725
519.905
518.618
518.678
519.076
520.797
520.731
518.687
517.665
521.121
522.385
523.738
523.650
524.769
523.579
522.076
521.895
519.985
523.173
518.122
521.977
521.749
520.584
519.012
522.838
520.843
522.368
520.042
525.783
521.495
522.652
521.053
520.667
518.753
520.872
524.385
521.580
525.567
522.473
524.289
521.943
525.402
521.756
521.700
519.514
519.451
520.386
523.418
520.093
522.372
520.207
520.379
525.552
524.257
522.618
522.869
527.075
521.797
519.279
521.064
523.810
524.266
520.906
523.134
526.535
527.137
522.910
519.735
523.159
524.596
527.235
519.141
523.729
526.160
525.604
524.487
526.006
522.603
523.094
526.367
526.778
520.754
524.066
521.246
523.582
526.002
526.166
522.970
520.870
525.511
528.521
523.516
521.556
521.914
523.750
522.659
523.444
525.476
523.564
522.975
521.989
522.092
525.487
521.998
521.795
526.507
527.248
527.926
529.022
527.536
525.814
527.621
521.132
521.080
520.651
523.301
521.117
522.087
522.148
523.513
524.305
522.876
519.318
523.219
522.182
522.031
521.518
522.961
522.793
525.562
526.110
522.782
520.919
522.798
524.325
523.958
525.453
522.784
525.189
526.080
526.396
525.460
525.961
523.070
525.090
524.922
522.723
521.537
519.555
521.318
520.892
519.026
521.093
519.630
518.941
520.492
524.173
522.091
521.915
517.806
521.091
521.926
524.226
527.745
522.477
521.852
524.839
521.813
520.590
521.121
525.261
524.442
522.842
522.651
525.967
525.203
524.735
524.694
522.059
521.997
523.824
519.549
523.801
520.420
521.322
522.891
525.092
521.636
521.304
521.864
520.023
522.225
524.159
524.469
524.856
526.944
522.203
525.122
527.558
528.749
524.482
530.510
525.979
526.517
523.871
526.981
526.286
527.770
531.310
528.541
528.002
526.557
524.177
521.285
521.897
524.293
530.213
529.247
526.979
527.539
527.554
522.108
530.217
523.203
526.308
524.550
526.492
520.196
521.504
522.340
524.421
523.249
525.765
523.215
523.275
520.642
520.215
520.575
523.434
522.675
519.477
523.548
519.313
521.013
522.364
522.267
520.503
520.097
520.233
520.134
519.929
523.505
517.256
519.292
518.739
520.259
522.222
519.070
520.465
520.078
520.049
519.739
515.663
516.754
514.114
517.781
516.130
513.862
514.913
513.348
512.535
514.681
517.310
517.172
517.578
516.081
512.687
511.445
513.458
512.122
515.101
515.864
515.368
519.744
516.615
517.131
518.184
519.209
518.554
516.693
515.012
517.649
517.132
513.867
519.390
519.336
518.909
519.187
517.773
520.810
516.221
519.548
519.213
515.476
513.833
516.531
515.989
518.080
516.082
517.984
518.212
517.361
511.775
513.414
514.959
518.080
513.547
517.657
518.966
517.371
516.551
516.593
516.133
514.665
513.255
517.532
515.604
517.479
518.384
521.721
520.614
517.720
521.253
521.539
522.743
519.027
520.316
516.742
518.793
518.336
520.863
518.622
521.187
518.878
519.628
514.082
522.003
523.940
521.045
520.769
522.213
520.727
519.512
517.125
522.162
519.996
517.250
519.231
519.923
520.449
521.914
523.142
520.331
519.705
519.760
519.737
522.244
520.775
519.843
518.587
519.685
517.197
518.912
518.658
521.244
518.800
513.883
515.501
514.468
514.586
518.526
518.926
518.640
515.950
517.549
515.877
515.850
518.577
520.695
518.679
517.976
516.416
518.218
514.181
514.902
517.530
518.164
516.242
516.590
515.786
516.615
512.628
517.311
517.799
518.784
518.151
519.995
519.440
518.101
517.732
519.748
520.702
518.738
517.679
520.218
516.960
516.927
518.795
517.237
514.191
518.336
517.729
517.881
518.483
520.067
518.946
521.675
519.815
518.440
518.479
517.377
518.933
518.056
518.089
516.922
516.683
519.041
523.178
519.776
520.709
519.308
518.825
521.625
522.164
519.683
521.196
522.014
522.834
523.602
524.173
518.075
523.444
519.295
521.473
519.573
519.018
518.850
521.860
518.613
519.063
521.650
517.778
518.583
520.141
520.304
522.626
521.090
524.640
521.651
524.822
524.312
522.659
523.795
522.572
524.247
522.209
523.266
522.338
525.419
524.571
520.824
522.667
522.730
521.941
517.527
518.087
520.397
522.225
518.726
517.893
518.696
520.545
519.536
517.766
517.923
520.718
522.054
520.797
521.084
520.543
522.463
520.555
521.155
521.132
520.157
524.647
522.970
519.910
520.407
521.236
520.433
519.431
523.127
525.899
524.295
524.684
525.259
521.549
521.787
526.704
525.288
527.670
522.649
522.983
520.008
522.832
523.184
521.814
522.125
522.353
521.120
521.195
525.692
525.838
516.843
520.217
520.469
518.946
521.713
516.197
519.752
520.533
517.253
522.517
524.243
522.048
523.210
518.431
518.623
519.537
521.604
520.018
517.495
517.858
520.265
520.888
520.722
521.328
520.680
522.421
517.679
521.624
523.868
527.335
522.785
526.460
524.077
521.855
519.159
517.963
521.468
526.256
522.757
521.149
522.028
524.453
525.562
521.763
522.266
518.625
520.977
519.519
517.615
518.546
522.297
523.709
521.452
518.589
521.558
517.479
516.978
518.182
515.899
516.424
515.243
518.558
517.091
521.208
521.176
518.649
518.465
519.655
517.896
516.263
515.780
521.611
521.201
520.991
521.225
521.077
520.151
513.696
517.716
519.154
519.268
522.535
518.267
519.512
517.699
520.972
517.221
520.076
517.969
521.739
516.635
519.241
517.102
517.441
516.212
515.985
518.355
516.745
518.416
518.008
518.701
518.590
522.113
517.741
518.288
519.243
518.706
512.756
516.081
514.141
517.346
514.478
518.775
518.882
519.061
521.971
522.734
520.842
520.662
520.065
519.303
518.937
519.019
519.075
520.145
517.861
519.117
519.795
515.413
520.095
520.165
518.544
518.418
518.067
519.536
516.127
518.526
515.424
518.539
516.945
518.636
517.664
517.539
522.480
522.783
526.673
521.801
523.923
523.912
524.007
523.760
522.077
518.044
521.323
518.071
517.156
515.237
518.018
521.023
