522.852
522.938
522.283
520.426
518.121
519.439
522.158
521.159
520.241
517.711
518.445
516.815
518.245
518.993
517.935
518.742
519.366
520.535
520.502
520.496
523.573
521.965
521.407
522.702
518.854
520.341
517.717
519.599
520.972
522.123
517.300
522.369
523.616
522.802
519.949
516.422
514.183
519.864
522.189
517.000
515.334
517.958
522.553
516.793
519.004
520.300
519.316
522.363
521.121
521.817
521.525
521.360
520.349
518.735
521.045
519.455
519.730
518.566
521.391
522.882
522.289
520.061
517.011
520.022
518.136
516.525
516.140
518.425
517.094
517.120
517.106
517.514
517.376
519.340
521.644
519.388
517.258
521.281
519.807
519.875
521.035
522.227
520.191
519.529
518.768
516.011
520.916
520.291
520.142
523.587
519.789
520.986
518.553
518.380
517.224
518.473
522.136
518.244
518.554
517.469
519.649
521.313
521.767
522.728
521.782
518.858
519.659
518.326
520.335
519.722
521.208
521.727
521.177
520.939
520.576
523.714
517.289
517.929
517.231
516.783
516.334
517.283
515.008
517.990
517.881
517.699
519.546
518.777
515.112
516.117
515.064
516.499
516.485
516.298
516.460
516.553
515.716
516.752
513.413
515.164
515.389
515.182
515.449
513.886
516.213
512.436
513.911
515.249
514.271
515.586
515.200
514.034
517.044
516.861
516.607
514.879
515.481
516.856
517.509
516.439
518.022
517.852
514.591
516.600
517.185
519.356
519.282
518.960
517.985
520.611
521.166
522.877
522.345
516.856
520.308
521.153
521.369
520.065
520.801
519.001
519.767
519.078
519.628
520.475
520.458
523.069
522.162
522.839
523.179
522.049
525.461
524.184
524.473
522.124
522.069
522.528
523.336
522.696
523.644
524.716
521.784
523.451
524.793
523.871
521.336
522.859
524.173
521.778
525.907
523.835
524.729
526.214
525.075
522.655
522.363
523.972
528.172
528.928
532.795
527.253
525.500
526.609
527.308
525.920
528.815
530.171
530.237
525.312
524.033
520.759
524.658
530.251
527.371
526.659
524.304
527.812
524.407
523.931
527.199
528.071
527.391
526.123
526.227
528.017
525.475
526.024
523.594
524.855
522.975
523.581
525.364
524.178
526.348
519.010
519.375
523.240
520.740
526.150
524.135
524.846
523.961
525.607
526.721
522.708
519.929
521.316
520.970
523.552
522.419
521.577
520.939
522.318
520.299
523.501
524.714
520.444
516.307
520.755
521.176
519.846
518.253
519.176
521.091
520.319
516.669
519.306
513.223
518.752
514.526
518.392
522.340
517.553
516.996
515.000
518.438
516.438
516.582
517.741
516.563
517.295
518.087
518.880
518.567
519.305
518.130
518.086
517.787
516.030
518.692
519.949
515.488
518.263
521.162
522.482
521.127
522.600
521.522
522.250
521.610
519.926
518.101
520.031
515.683
518.798
513.849
517.857
517.192
518.629
519.132
523.114
521.994
520.652
522.303
524.854
519.492
520.121
519.099
518.103
517.567
516.256
514.934
515.712
513.653
515.520
515.449
515.691
517.063
514.017
518.077
521.198
521.555
521.246
519.209
519.308
518.622
524.369
523.586
518.281
518.729
522.142
522.768
521.696
523.839
523.025
520.050
522.497
524.617
524.890
523.766
521.275
522.951
519.341
519.348
519.956
518.476
520.991
519.604
521.744
521.019
520.450
520.112
520.121
520.336
516.325
518.552
516.994
516.931
519.498
521.617
520.453
517.743
519.108
517.929
518.499
520.206
522.073
522.662
519.736
523.221
519.203
518.263
519.436
520.903
520.856
520.213
517.249
518.391
520.499
517.183
520.617
518.988
518.270
520.318
518.343
519.084
522.987
522.953
522.564
520.463
522.180
522.652
519.894
521.264
522.672
522.203
522.325
524.219
522.494
521.433
524.921
523.472
523.880
526.202
526.629
528.685
523.466
522.565
521.579
521.000
518.371
523.498
519.996
520.698
518.769
520.453
519.178
521.183
519.030
519.497
520.617
516.919
520.720
519.764
520.868
521.295
520.601
519.623
519.571
519.763
519.994
518.662
518.506
523.389
518.805
518.164
518.436
516.755
515.902
517.736
520.203
519.690
522.215
516.736
515.302
517.956
520.070
523.754
523.880
525.214
523.914
524.178
523.086
519.444
520.077
521.679
523.649
526.014
521.012
518.242
519.500
521.183
523.794
518.775
521.133
523.078
526.869
523.927
524.100
523.232
520.757
523.944
522.003
520.917
520.417
521.231
518.491
521.963
521.714
524.309
523.631
523.855
520.392
519.840
522.066
519.643
525.421
524.931
522.903
519.505
523.438
522.545
521.501
521.698
516.626
518.024
518.268
515.208
518.370
521.457
517.430
517.767
520.467
524.122
519.368
516.153
515.882
516.088
521.946
522.920
517.115
518.799
518.814
519.760
515.695
515.568
515.637
515.182
515.786
514.458
516.076
518.235
518.128
522.213
518.030
518.555
516.726
513.876
514.943
516.378
516.171
516.394
517.891
515.981
515.091
516.556
511.834
511.985
514.603
514.417
516.027
515.822
517.324
516.991
515.318
516.286
516.055
516.545
515.096
515.567
516.956
520.063
518.253
519.767
518.813
517.181
519.512
516.762
512.188
519.386
517.266
513.276
519.782
517.575
519.681
517.429
516.472
516.217
518.489
516.181
517.837
516.492
518.069
518.199
518.073
517.416
518.362
518.109
515.434
517.963
519.413
520.567
520.395
519.693
518.321
521.484
519.802
518.931
518.527
519.893
519.133
519.717
516.671
517.625
521.121
521.956
516.684
517.862
520.651
514.567
520.083
520.952
520.171
518.163
519.796
518.350
519.064
519.075
519.019
520.705
518.967
520.626
518.628
519.710
522.999
518.477
516.165
520.517
518.794
517.376
521.314
515.879
516.563
516.951
521.954
517.140
517.736
517.892
518.970
519.392
520.640
524.127
518.956
520.469
519.147
520.386
520.571
520.228
520.831
519.547
521.323
519.926
521.565
516.385
521.225
521.363
520.964
519.813
521.011
520.479
516.649
520.894
521.256
520.546
523.313
523.261
520.749
522.344
522.941
518.663
519.345
518.648
521.086
518.265
519.577
520.870
521.021
520.032
517.349
520.381
518.703
516.363
516.660
516.601
516.836
517.983
518.759
517.082
516.418
515.201
520.451
521.623
517.608
520.766
521.646
519.675
520.518
517.107
517.325
517.804
515.833
514.793
513.851
512.760
514.568
515.877
513.000
515.513
517.012
514.509
516.528
513.572
513.186
517.069
516.407
514.668
516.708
514.849
515.040
514.682
514.558
516.078
519.284
516.531
516.106
514.594
516.585
517.626
514.711
515.779
512.989
515.690
516.840
513.532
517.703
517.086
513.381
513.416
519.005
519.569
519.699
521.486
518.833
516.097
518.718
518.838
519.521
516.614
514.592
516.324
516.364
517.221
513.727
518.304
518.432
517.865
517.757
518.212
519.183
516.451
518.873
519.194
516.817
517.596
518.210
518.764
518.301
518.004
517.567
519.050
517.118
515.280
517.593
516.115
519.388
514.060
514.608
515.223
516.542
518.943
513.403
513.759
515.977
517.719
516.823
520.115
516.807
519.037
518.261
517.207
519.119
516.662
516.823
517.270
515.142
516.140
515.267
513.679
513.532
511.824
515.081
517.157
514.735
516.066
515.414
519.801
516.022
515.474
513.246
517.691
517.044
518.153
516.955
519.747
515.097
515.578
520.298
519.649
521.053
518.014
515.679
515.748
518.237
518.907
518.135
514.602
516.463
513.840
515.711
517.119
514.381
513.748
516.257
515.755
515.260
514.850
515.289
515.821
516.210
515.828
514.287
511.736
514.910
514.561
517.060
514.354
513.869
515.211
516.194
516.044
513.983
513.506
514.761
516.097
518.007
519.542
516.246
515.685
514.902
516.794
514.590
513.923
516.520
514.484
517.348
513.749
514.068
512.032
516.500
513.597
514.814
514.183
513.868
515.480
515.540
516.121
513.993
515.438
517.083
516.976
514.555
516.545
515.986
517.307
516.731
520.767
517.910
520.892
518.203
518.592
519.992
516.046
518.458
519.051
517.746
516.273
521.434
519.321
516.555
518.680
518.873
515.816
517.215
516.909
517.144
516.789
517.367
521.406
518.401
513.797
516.941
516.270
513.520
519.710
516.639
517.225
517.712
517.556
518.838
516.439
517.662
515.554
517.024
517.350
515.443
516.019
513.044
514.680
518.698
515.998
519.586
513.783
515.217
516.351
517.526
523.478
514.325
515.260
514.026
515.443
518.039
519.673
517.707
517.159
518.564
513.219
517.728
519.255
517.712
518.608
519.835
518.366
514.868
518.779
516.486
518.066
514.648
519.230
514.696
514.405
513.896
515.621
516.703
521.475
517.957
518.993
517.906
519.711
514.116
512.647
513.607
514.698
517.093
519.210
520.116
518.984
518.363
518.788
516.035
517.409
514.905
513.818
515.623
514.677
513.263
519.576
516.143
516.870
515.697
516.336
515.377
514.421
513.290
513.147
516.292
516.705
517.765
518.080
516.741
517.395
518.956
515.263
518.321
517.936
517.532
521.064
520.383
521.071
522.076
519.949
520.760
519.012
517.079
517.675
515.845
513.013
515.761
515.849
515.670
512.287
513.131
513.440
515.451
515.442
516.819
513.643
514.979
515.461
515.102
514.799
515.823
513.928
517.201
515.182
514.018
515.539
515.367
513.606
514.199
511.906
511.861
512.147
515.285
514.946
516.083
514.388
511.998
516.097
515.998
515.666
515.068
517.717
516.820
515.736
516.572
516.441
513.810
518.076
514.869
515.681
516.377
514.076
514.869
513.426
513.322
512.709
513.614
515.368
515.691
515.423
512.708
512.620
513.303
511.297
514.562
511.385
515.549
515.316
515.718
516.656
513.272
513.898
512.947
514.590
514.511
513.597
514.883
509.865
512.866
514.320
512.523
514.280
512.065
510.384
515.828
512.501
513.694
514.921
515.557
515.735
515.040
512.879
514.305
513.668
512.653
510.005
512.500
512.736
512.695
512.525
511.604
514.637
513.264
514.825
517.422
516.283
519.325
517.740
514.385
516.769
515.887
515.413
514.789
515.974
515.633
515.264
514.633
519.008
517.940
518.029
518.042
518.756
514.269
511.445
512.481
516.416
514.381
515.882
513.036
512.012
514.322
516.093
517.848
515.994
516.893
516.474
516.127
516.024
515.862
518.656
517.779
517.978
517.051
517.481
517.203
515.273
520.821
519.282
517.067
516.911
517.320
520.874
519.396
521.602
521.236
518.729
515.086
518.472
520.051
520.572
519.109
518.548
515.235
517.292
518.545
516.094
514.422
516.072
515.059
515.416
517.317
514.473
513.027
511.074
515.663
513.918
515.390
517.448
516.395
516.724
514.751
516.109
516.793
515.276
520.458
517.410
515.539
515.882
515.001
517.103
518.086
515.552
514.981
518.395
517.090
510.933
511.917
515.457
514.178
514.938
516.180
516.102
513.562
516.651
515.549
512.517
516.371
512.810
511.274
513.689
516.637
519.387
517.392
520.435
517.569
517.196
514.907
516.759
516.277
517.666
519.605
519.105
520.560
517.174
516.818
518.943
521.111
514.373
513.663
514.347
514.254
514.392
515.769
516.386
515.317
516.000
519.479
513.233
517.277
516.614
516.862
515.013
516.850
517.086
514.832
512.177
515.186
520.911
519.220
516.290
516.214
514.923
512.805
512.651
516.652
514.281
515.560
515.774
516.859
515.340
517.872
516.846
517.222
515.360
517.836
521.192
517.203
515.849
515.989
513.627
515.436
514.256
515.664
515.759
516.221
520.188
519.691
518.768
516.121
518.497
516.551
517.871
515.841
513.370
520.069
518.897
516.851
520.071
518.664
517.299
517.113
521.024
518.758
517.556
519.196
518.254
515.166
515.258
518.584
516.731
520.559
516.448
514.680
515.060
514.400
513.922
516.655
513.118
515.942
516.505
514.168
518.367
514.510
518.374
516.436
512.572
513.790
515.204
516.478
514.748
518.217
516.844
520.095
516.568
514.554
517.485
517.615
516.344
518.518
521.653
519.678
522.151
520.776
519.343
519.963
520.951
516.569
518.664
521.095
517.384
517.456
517.150
517.558
514.362
512.832
517.026
520.337
514.929
517.231
515.775
515.183
517.498
518.205
515.416
519.208
516.211
513.702
516.455
516.905
512.937
512.783
509.788
510.349
514.048
516.525
515.097
515.314
512.009
514.906
514.684
516.761
516.930
517.361
514.910
518.426
512.886
512.818
511.771
514.249
514.428
514.335
515.281
514.610
515.032
514.183
516.096
515.447
512.899
512.600
511.406
511.769
510.605
510.251
514.008
512.012
514.561
517.762
515.626
516.821
517.743
515.943
514.324
514.632
513.547
514.672
514.019
514.096
514.561
515.760
514.110
516.757
517.270
514.819
514.662
513.738
512.005
514.158
516.320
513.129
515.883
515.029
518.397
516.801
514.949
512.953
517.104
515.265
515.567
517.511
517.514
516.156
513.889
512.320
512.513
516.326
515.045
517.850
516.256
516.156
515.734
514.429
517.019
513.789
514.177
516.666
518.036
516.017
517.570
515.923
517.785
516.854
515.273
513.146
516.025
512.781
511.973
514.034
513.373
511.280
512.865
514.313
514.994
512.392
512.202
512.735
515.303
515.880
513.781
514.917
513.201
515.997
515.730
514.674
514.878
516.349
518.907
516.959
516.393
515.850
516.776
517.502
515.303
515.467
513.432
515.108
515.900
512.747
516.793
516.132
517.022
514.655
513.685
515.874
515.033
514.070
512.913
513.810
514.025
515.684
514.241
514.964
512.900
512.958
515.068
516.806
514.057
511.527
511.601
512.294
514.849
517.036
515.734
519.006
513.688
516.189
517.609
517.159
514.306
512.722
513.957
514.322
513.335
518.158
517.369
514.234
514.285
518.057
517.539
515.507
512.953
514.081
512.495
514.418
511.157
512.863
511.783
514.932
510.094
512.753
514.390
514.775
513.924
513.771
511.048
513.473
513.634
513.213
516.547
515.563
517.688
514.764
515.038
514.167
512.671
512.072
512.279
512.810
513.093
515.154
512.141
506.696
510.806
510.185
512.046
513.237
514.610
513.808
513.832
511.330
512.797
511.055
514.270
509.746
512.242
513.771
513.842
515.755
515.444
514.057
516.961
515.384
516.171
511.789
513.135
516.829
513.499
510.955
513.103
510.047
513.715
514.603
513.162
513.139
514.993
513.906
513.569
513.204
514.868
514.728
512.429
514.528
513.724
514.073
511.884
512.928
513.439
514.463
513.757
512.676
512.109
512.267
511.535
508.556
510.527
515.682
514.068
512.825
514.450
512.391
514.914
511.653
509.214
510.957
514.931
512.442
515.940
515.977
512.359
514.683
518.148
515.431
517.052
512.100
512.974
513.692
513.243
515.898
514.392
516.588
516.331
516.984
515.398
512.376
514.880
515.114
517.161
516.826
516.919
514.507
516.403
516.625
517.950
517.394
517.048
516.123
516.723
517.872
514.363
513.973
513.539
514.107
514.922
516.391
515.670
515.877
515.050
517.429
515.965
514.139
517.723
515.967
513.311
516.812
516.469
516.472
517.301
516.157
509.378
513.633
515.696
513.489
513.549
514.955
512.783
514.391
515.193
514.512
514.736
516.365
515.823
519.285
514.095
510.880
511.532
512.959
511.971
513.111
513.778
516.110
515.264
516.517
512.393
514.195
515.785
516.366
515.912
515.472
516.578
516.465
512.181
515.463
515.033
511.665
517.033
516.524
516.546
516.407
518.196
517.240
516.437
519.294
520.205
519.178
519.045
517.750
516.850
518.024
519.455
520.209
518.524
517.280
517.710
516.123
513.978
514.672
515.660
518.204
521.130
516.552
517.436
514.436
515.094
517.754
519.672
517.790
516.145
516.574
518.748
517.358
518.476
518.447
519.252
519.149
516.514
517.375
519.166
517.648
520.310
518.655
518.715
519.344
517.584
516.543
516.304
515.540
515.297
519.436
517.281
515.741
514.994
518.760
516.317
514.579
514.643
515.418
514.289
515.481
517.679
517.182
516.820
515.294
518.774
518.196
515.167
513.663
517.497
514.234
517.837
515.811
515.812
513.843
515.791
515.975
520.459
518.759
516.350
517.463
516.188
514.716
515.642
516.684
516.547
514.134
512.492
511.407
512.012
512.673
512.888
517.187
514.198
516.792
515.074
517.331
511.752
515.630
513.110
514.631
515.657
513.803
513.198
512.179
516.292
517.829
517.639
516.461
515.513
517.250
516.582
514.672
512.754
516.923
516.075
512.213
515.046
515.968
515.090
514.943
513.889
512.187
514.173
515.350
516.213
516.657
516.411
515.532
512.104
513.865
514.555
518.831
517.795
515.298
517.755
515.090
515.123
519.421
518.574
516.361
512.628
516.875
515.486
516.399
515.362
512.693
514.297
515.852
516.780
520.449
518.267
514.981
517.434
514.662
516.242
515.823
517.315
516.299
516.676
516.771
513.413
513.693
513.979
512.060
510.806
512.329
514.319
512.586
513.858
515.049
512.209
514.180
512.957
517.851
514.272
513.887
513.554
514.118
514.892
512.011
514.991
512.716
515.593
514.152
514.964
515.634
515.969
516.436
517.053
514.732
517.146
518.176
515.072
518.279
517.413
517.520
518.940
516.770
517.401
516.049
515.620
516.895
517.626
517.116
514.736
512.867
518.529
513.623
512.835
515.105
514.594
513.383
518.639
515.932
512.680
510.012
512.350
514.311
512.728
516.636
513.624
515.269
515.046
513.724
516.061
514.269
513.027
512.794
512.578
512.269
511.571
513.960
510.842
512.646
515.128
512.443
513.113
514.134
514.286
513.440
511.031
514.868
511.277
516.271
515.238
514.677
514.253
513.443
513.529
512.221
511.767
513.125
513.033
511.339
513.976
513.402
513.246
514.690
513.477
513.451
511.263
513.510
514.466
514.756
516.102
514.059
514.869
513.655
515.095
513.094
517.864
513.868
513.037
515.044
514.269
517.072
515.766
513.052
513.166
514.430
514.583
514.846
515.065
515.486
512.580
513.156
510.718
513.026
513.093
515.401
512.634
512.923
512.748
512.490
512.296
510.459
512.098
513.190
514.319
510.712
512.578
511.661
513.582
511.049
513.160
516.201
514.451
513.403
514.845
514.071
513.837
514.635
515.545
512.500
514.939
516.146
513.159
512.379
513.465
511.212
509.449
510.897
512.073
511.314
510.472
510.785
513.039
511.276
513.670
512.972
512.635
513.743
515.284
515.128
512.085
513.981
514.097
513.846
514.075
514.212
514.566
517.719
518.802
513.349
511.521
513.359
514.856
514.749
513.143
515.418
513.279
513.796
514.782
511.083
512.349
514.542
513.716
513.030
511.557
516.827
510.680
510.279
513.481
511.740
514.734
514.539
513.693
513.775
514.012
514.016
511.918
513.447
510.334
515.454
512.968
514.066
515.908
513.371
511.927
512.649
514.884
512.685
512.113
514.269
515.619
512.035
516.365
515.236
518.160
515.958
512.001
512.707
517.587
516.259
515.257
516.849
515.791
517.852
515.779
515.409
513.365
516.874
519.072
514.956
513.946
515.891
514.467
515.598
516.484
517.582
518.782
513.808
517.679
517.494
510.228
512.124
512.292
512.298
512.312
516.592
510.930
512.510
515.542
514.089
513.605
515.460
514.295
515.216
509.758
514.349
510.128
512.539
511.635
513.390
514.557
515.968
515.593
509.605
513.425
514.582
512.547
515.619
517.493
515.099
517.548
514.908
516.298
512.510
511.058
513.027
514.179
509.137
511.279
512.383
513.344
512.134
511.885
511.714
514.902
510.882
512.689
511.329
513.673
515.845
513.478
514.385
514.695
514.422
513.455
515.590
518.326
519.482
518.718
517.582
517.064
519.173
520.719
516.796
515.580
516.418
514.065
509.631
513.386
515.136
512.102
513.822
517.037
515.136
515.611
519.185
513.180
511.758
514.006
517.431
517.112
519.355
515.579
518.684
521.102
518.749
517.348
517.081
516.794
517.785
517.794
519.406
517.636
517.364
516.332
515.598
521.580
514.225
514.479
521.236
519.153
518.118
516.865
518.329
518.345
518.678
518.238
519.818
519.895
518.206
521.774
519.677
519.325
518.994
517.261
519.240
517.766
518.603
516.945
519.246
515.839
516.675
515.181
518.890
522.089
517.531
517.583
517.574
515.964
513.938
517.063
517.029
519.078
517.232
517.346
517.312
519.626
518.653
516.775
517.260
518.071
518.867
518.437
516.518
515.070
517.707
520.034
515.104
517.495
515.963
516.479
514.520
516.660
512.329
515.037
518.387
515.948
513.960
515.965
517.030
518.076
520.300
520.488
518.758
517.345
520.357
514.384
516.587
514.673
512.518
517.166
517.904
517.349
513.374
516.551
519.025
514.856
513.475
513.426
516.594
512.507
513.874
510.849
514.918
510.453
512.134
512.524
512.192
511.333
517.788
514.005
509.159
512.862
510.627
512.244
510.860
512.967
512.919
513.676
515.747
513.713
513.461
514.866
512.683
510.398
510.875
510.867
511.387
515.124
515.521
515.462
514.174
516.293
517.408
514.657
516.745
515.961
515.677
514.792
515.701
515.926
515.474
515.967
516.710
514.625
513.194
516.548
518.043
519.421
518.703
517.630
517.577
518.781
517.812
519.538
518.192
516.584
516.615
518.500
513.734
517.773
518.765
517.224
519.622
517.681
515.137
518.253
518.317
517.562
515.959
516.736
518.043
516.170
517.116
518.946
516.249
516.479
517.267
517.155
515.581
514.793
515.555
515.116
514.806
515.947
513.849
513.932
515.743
517.109
518.188
514.201
515.052
516.309
514.839
514.261
513.209
516.116
518.401
514.449
516.919
519.660
517.478
517.193
513.982
516.992
518.428
517.212
517.830
517.347
516.758
515.683
512.106
517.068
515.212
515.977
513.961
514.793
517.951
517.601
515.311
515.537
515.697
516.794
515.107
518.019
521.199
517.034
518.858
519.204
518.029
518.321
520.517
517.997
516.144
517.761
516.444
515.005
517.073
515.940
519.897
516.236
520.603
516.803
519.577
517.195
515.742
517.866
514.887
517.411
518.017
522.016
521.377
516.895
519.646
517.638
520.887
515.714
517.537
517.917
517.849
518.978
519.874
519.667
515.243
519.375
521.110
518.183
516.932
515.197
515.598
514.313
517.424
517.031
517.830
516.580
516.507
514.822
516.902
518.760
519.793
516.162
514.811
518.945
517.367
519.326
518.654
516.526
519.943
516.914
516.159
515.415
516.970
515.670
518.332
515.871
518.616
514.737
515.974
513.910
514.454
514.684
514.700
517.490
522.885
519.516
518.429
523.440
519.605
517.963
519.737
519.589
523.696
523.018
523.951
519.394
515.731
517.217
517.180
516.622
516.738
517.846
517.504
517.779
518.490
515.747
516.648
516.742
518.157
516.201
516.626
515.287
517.736
518.262
515.884
516.930
519.732
519.520
518.477
519.677
520.644
514.562
515.817
516.328
516.144
514.328
513.879
514.780
517.874
518.866
517.405
513.006
515.574
517.101
517.544
516.769
518.956
518.158
518.373
517.907
519.903
519.760
517.070
515.211
518.566
520.809
520.767
521.955
520.467
516.773
517.630
521.643
518.470
517.364
518.027
518.202
518.017
518.917
517.079
518.149
519.623
519.392
521.262
517.635
516.750
523.556
520.500
522.345
521.624
523.000
519.437
521.405
519.084
518.834
515.761
518.026
516.398
516.098
518.142
519.367
518.959
519.175
519.942
523.000
519.086
519.667
519.994
520.208
518.876
517.029
517.639
516.710
518.817
520.711
519.858
521.997
517.483
519.045
517.360
517.692
516.225
514.745
515.911
519.172
513.462
515.327
516.048
514.699
516.781
520.741
519.360
515.540
517.975
517.391
513.771
513.203
517.684
517.634
517.906
513.774
515.069
515.678
515.039
515.406
515.283
510.623
511.688
513.338
517.755
516.238
514.816
515.130
513.862
514.824
515.192
518.000
515.499
515.561
517.737
519.955
515.117
517.505
513.336
512.925
512.922
513.381
516.306
511.039
513.513
514.661
511.865
513.589
514.414
517.240
515.596
518.199
515.097
518.239
515.169
518.783
513.981
515.068
517.341
516.101
520.509
521.382
520.715
520.461
520.081
518.810
518.278
518.046
518.744
515.779
514.658
514.865
517.673
519.196
517.469
516.241
517.761
518.237
516.861
514.327
516.287
519.484
519.609
517.168
518.228
522.358
520.702
520.782
515.909
516.502
516.674
517.105
517.334
517.455
516.708
517.777
518.286
514.977
516.419
516.331
518.327
518.389
520.727
521.562
519.291
518.295
515.936
516.860
515.865
517.827
518.209
515.352
515.070
519.576
517.816
516.058
517.057
517.945
514.327
515.335
515.547
515.243
515.465
516.670
514.693
516.438
515.246
517.176
517.708
517.286
515.215
513.086
511.894
515.292
516.638
513.716
514.705
517.338
513.601
512.386
512.859
514.847
515.393
519.115
518.313
518.154
516.140
515.750
519.909
518.530
517.555
513.867
514.887
513.990
514.374
516.627
516.653
516.087
515.526
517.782
517.948
513.876
515.844
517.318
518.456
519.524
521.084
521.009
520.322
522.928
520.304
520.476
517.437
518.334
514.882
517.493
521.226
520.402
518.797
517.872
518.531
517.638
517.315
516.352
514.348
513.301
517.539
517.646
519.711
515.548
516.608
513.576
514.307
514.216
517.404
516.714
516.731
512.549
515.772
517.945
516.328
518.861
518.891
513.959
516.724
517.166
515.355
515.564
512.691
516.374
515.816
513.637
513.835
513.222
514.869
513.710
515.328
516.266
513.975
516.322
514.943
514.994
514.601
518.524
515.541
517.914
514.709
514.463
514.391
513.752
515.945
514.147
517.313
515.447
515.068
512.945
516.143
518.476
512.307
512.927
512.636
515.735
513.981
518.931
515.330
513.697
515.765
514.104
511.916
513.979
513.881
513.780
512.500
512.845
510.815
514.914
515.312
513.032
509.933
515.191
514.796
513.258
513.988
509.439
513.510
512.966
512.977
515.093
510.123
511.207
513.009
516.976
515.266
514.441
514.131
515.451
512.279
512.298
514.249
516.769
518.238
516.804
513.440
511.469
513.254
512.065
512.783
512.403
515.785
516.747
521.367
514.776
516.106
518.074
513.804
516.336
516.505
514.250
517.611
514.001
515.323
514.538
514.740
510.605
513.104
515.911
509.593
511.563
512.113
510.489
513.700
515.767
516.760
515.701
515.843
513.250
512.946
514.052
514.612
513.665
516.639
516.191
516.483
517.788
517.667
516.821
517.184
517.624
515.861
514.316
514.699
515.844
513.295
514.491
514.970
514.317
513.495
515.067
514.746
517.779
515.968
515.343
515.235
511.492
511.184
514.571
513.659
513.979
513.134
513.406
514.281
513.483
514.092
511.953
511.112
512.537
511.631
510.470
510.690
513.021
517.695
513.172
513.589
512.603
515.839
515.823
514.845
514.142
513.926
515.237
517.781
516.294
517.002
515.898
517.732
516.974
517.696
519.518
519.969
519.123
518.365
520.220
519.640
515.264
519.430
519.930
518.251
517.101
517.146
518.605
517.853
523.807
524.119
519.686
520.209
522.704
523.563
523.793
525.859
525.273
529.318
522.709
522.086
524.174
523.585
521.635
523.168
522.448
521.852
521.597
522.162
522.536
521.421
520.761
522.958
523.239
521.932
521.202
525.149
524.141
521.192
520.546
519.386
520.058
521.736
522.421
518.821
523.264
520.446
518.982
521.748
520.238
519.616
520.659
521.645
521.986
524.903
522.799
519.699
517.904
519.189
522.819
522.961
524.382
521.280
525.451
525.813
523.291
524.158
520.788
518.901
517.549
521.226
521.945
522.318
521.447
518.216
522.178
522.390
523.959
521.717
521.278
521.416
518.936
521.315
523.419
525.034
521.136
520.597
517.735
518.815
518.797
518.100
521.091
521.726
518.562
522.520
521.992
523.809
523.430
521.725
520.648
522.119
520.595
519.998
518.538
520.136
520.153
523.218
521.265
524.210
525.713
521.829
519.973
521.386
519.553
517.856
518.685
520.350
518.773
521.642
516.956
518.743
521.090
520.088
522.015
519.260
519.685
516.353
517.690
517.930
519.286
520.414
519.435
519.338
519.082
517.462
517.293
522.180
521.700
523.839
518.659
522.801
521.335
518.275
521.786
516.296
516.969
515.998
517.170
519.668
519.049
519.258
520.841
518.477
521.489
522.945
517.621
521.071
519.787
520.873
519.966
521.661
519.058
518.410
521.843
520.801
519.476
521.426
521.157
520.823
519.112
519.793
517.825
517.488
515.379
519.278
516.831
518.463
518.285
518.563
516.225
520.697
520.192
517.563
517.429
516.406
515.296
516.493
518.744
522.499
519.939
522.364
518.713
520.620
521.933
518.890
522.200
518.561
520.215
519.232
520.311
517.607
518.379
515.488
515.761
518.857
515.998
519.455
518.263
517.655
516.459
517.017
519.644
518.632
522.198
520.003
520.543
519.678
518.165
519.156
520.280
517.396
517.190
519.028
519.075
515.501
515.280
514.625
513.567
519.341
516.815
520.390
520.818
518.835
519.931
520.024
518.236
517.375
517.452
523.320
520.283
519.923
522.565
518.152
519.537
519.446
518.707
518.534
516.255
515.407
517.817
518.190
518.520
517.818
517.484
518.163
516.841
517.368
518.026
518.200
518.386
515.445
514.255
516.310
516.366
517.857
516.737
517.421
513.512
516.601
518.057
517.925
517.541
517.794
517.248
517.648
521.426
516.740
516.164
517.088
515.002
515.433
515.019
512.013
512.557
514.715
515.579
516.609
517.218
516.075
515.014
517.335
515.410
515.908
514.521
514.254
515.249
516.432
515.432
513.562
514.344
514.176
517.897
513.835
514.678
511.221
513.147
513.345
515.382
513.393
514.701
514.564
518.242
513.579
513.837
513.792
515.205
514.770
518.198
518.083
514.666
513.616
514.464
517.591
515.670
512.663
515.361
516.780
514.653
515.734
516.502
514.927
515.752
515.253
515.150
512.647
515.806
515.732
515.355
513.172
515.851
517.339
516.361
515.834
518.190
514.488
516.032
519.572
517.274
513.849
513.251
515.311
515.681
518.251
518.419
515.353
517.051
518.737
518.098
520.404
519.393
520.173
515.664
518.681
514.774
518.455
517.487
518.674
514.753
514.175
514.295
513.837
515.867
516.251
514.506
515.845
516.114
516.223
518.001
517.145
516.655
519.570
516.378
514.441
517.689
514.709
516.769
515.421
516.045
518.786
513.631
516.156
513.643
515.149
516.581
514.836
515.951
514.795
519.352
512.655
517.468
515.070
515.105
513.356
514.527
514.515
516.348
515.632
515.669
515.082
519.565
516.773
517.390
517.331
516.782
511.703
514.322
517.254
515.372
513.718
513.049
515.140
515.127
515.223
515.725
512.226
513.953
514.762
514.499
514.741
515.917
516.074
515.689
516.420
514.475
516.396
513.683
514.043
516.919
515.574
517.488
515.369
514.635
517.502
517.594
517.306
518.465
516.098
515.922
512.399
514.835
517.391
513.923
514.203
515.542
519.530
515.166
512.679
515.379
517.574
517.175
515.630
517.341
519.535
517.718
515.566
519.195
517.452
517.187
517.267
517.613
520.048
523.172
520.623
517.935
516.143
516.839
517.184
518.130
518.105
518.245
519.899
518.039
516.865
517.468
519.045
520.512
520.579
518.284
514.211
517.583
519.183
523.318
522.054
519.852
518.720
518.172
520.072
520.803
520.963
519.652
517.337
516.743
515.383
518.576
521.579
518.115
518.543
518.366
517.101
517.600
518.013
520.120
518.054
516.347
516.484
512.633
516.286
519.875
518.923
520.959
521.577
516.913
518.591
516.888
519.302
516.653
516.723
519.271
521.218
515.921
517.315
521.196
517.850
514.411
519.202
519.308
516.897
518.867
521.313
521.382
517.004
516.718
516.537
514.142
512.430
515.476
514.873
517.052
514.889
513.279
515.377
517.251
516.359
516.314
515.995
516.170
517.179
513.829
514.546
516.506
513.169
514.522
515.046
518.748
516.849
516.665
517.279
515.787
512.078
511.639
510.909
512.154
514.156
517.145
515.325
515.006
515.096
515.021
519.247
519.077
518.526
519.116
520.303
518.041
517.284
518.168
519.693
519.518
522.321
522.296
523.789
521.242
519.683
522.806
521.292
520.046
521.800
522.967
521.248
522.598
522.902
519.961
521.897
522.025
518.085
520.272
519.376
518.343
522.696
523.577
523.342
522.898
519.617
519.256
517.713
520.939
518.568
521.192
523.112
520.597
521.372
521.075
520.673
518.566
523.027
524.488
520.655
519.885
518.360
518.560
519.896
520.168
516.924
520.010
519.584
519.594
518.492
519.891
519.706
521.870
519.475
515.990
516.469
519.173
518.782
523.405
522.598
520.834
520.647
520.129
518.123
523.057
517.328
516.849
519.986
517.490
517.912
517.880
518.278
518.712
520.355
521.327
521.185
520.331
519.052
517.125
518.123
520.900
519.481
518.952
517.945
518.578
519.936
520.530
518.936
521.704
519.593
518.015
521.167
520.669
519.791
519.720
519.337
521.034
518.925
519.537
519.100
519.732
518.247
521.128
519.856
516.512
519.885
517.324
518.081
517.913
513.221
516.035
516.643
519.708
517.329
516.359
519.865
516.829
520.560
517.753
516.367
516.841
514.236
514.229
515.912
514.668
518.261
519.033
518.515
519.802
520.504
520.443
515.319
515.550
516.810
518.634
517.591
517.638
518.324
518.707
514.086
514.941
520.199
516.853
516.267
516.373
514.776
515.422
518.510
519.019
520.307
514.456
519.157
519.356
518.110
517.438
516.976
519.100
518.607
515.263
515.287
514.802
516.182
515.335
519.623
516.697
515.404
511.957
517.298
516.432
515.787
515.976
516.768
518.359
514.982
516.090
513.682
516.931
517.828
516.222
515.592
519.079
513.452
516.532
518.469
518.206
518.052
520.884
518.744
517.539
518.035
515.599
514.237
513.746
517.444
513.690
516.173
514.635
517.636
515.290
517.246
516.306
518.157
515.815
516.799
516.708
516.171
514.985
516.724
516.662
516.722
516.828
513.746
515.887
512.197
514.647
515.258
515.555
512.441
514.817
516.371
516.173
517.162
520.096
517.439
521.586
518.721
516.572
518.531
516.338
517.248
517.158
513.167
518.757
517.076
515.813
516.247
517.425
516.376
516.824
515.431
512.279
514.661
513.134
516.707
511.786
514.331
511.096
511.387
512.941
512.752
513.280
512.647
513.481
515.670
518.395
515.436
513.436
514.912
512.807
512.218
511.248
515.317
518.090
517.267
515.736
516.001
515.546
515.595
513.663
515.220
516.263
515.562
513.228
511.624
516.141
517.551
515.140
513.997
517.003
516.746
516.602
516.227
511.714
514.686
514.195
513.054
516.885
515.567
517.319
516.729
514.288
509.592
512.069
515.030
515.316
511.835
511.063
511.030
509.680
512.914
515.573
515.025
513.500
511.957
510.574
512.099
514.379
511.267
511.402
514.175
512.959
514.234
510.171
510.883
510.670
510.894
510.989
510.166
511.003
512.799
512.463
512.470
510.808
510.541
511.593
510.660
513.423
513.339
512.171
510.896
511.630
512.103
514.134
514.410
513.586
515.140
516.375
514.857
513.061
511.102
513.890
512.156
510.691
513.085
512.958
510.844
510.120
508.700
512.554
512.806
513.794
513.600
513.142
512.236
512.252
515.007
514.099
515.805
514.646
514.779
511.833
509.563
512.002
511.042
509.480
511.879
509.675
509.045
509.302
512.201
512.132
511.243
509.682
509.133
507.955
506.526
506.436
508.679
511.155
510.815
512.210
511.193
512.249
510.289
506.645
507.105
510.427
509.228
511.871
510.887
507.186
510.772
517.409
510.955
511.323
512.611
511.812
510.676
509.900
512.340
509.856
510.176
512.815
513.562
514.572
512.807
512.191
512.475
513.326
512.527
511.033
513.439
511.845
512.725
512.493
513.681
514.911
514.617
512.069
515.020
512.957
514.719
512.057
512.181
518.255
513.112
511.791
511.497
512.428
512.542
514.140
513.570
513.893
518.363
513.046
513.144
515.534
515.263
514.763
513.218
511.981
513.056
515.805
512.087
510.425
514.448
514.853
514.968
513.987
516.487
513.339
515.359
516.462
517.036
514.039
515.356
516.690
515.543
515.557
517.456
514.903
513.337
519.256
517.234
517.910
519.741
518.325
518.004
514.468
516.580
516.364
515.078
514.014
515.170
515.318
517.530
517.438
515.580
520.702
518.142
518.864
521.082
516.664
516.659
516.932
517.960
519.311
516.854
517.812
516.278
516.330
515.000
514.779
517.051
513.352
513.390
514.797
515.075
514.451
516.668
513.555
515.351
514.506
514.218
514.017
514.537
515.310
515.581
515.538
515.072
512.640
512.478
513.786
513.649
516.341
516.330
513.192
514.427
511.421
512.991
511.694
510.962
513.480
516.017
513.220
512.585
512.387
512.649
518.178
517.601
513.624
514.376
512.574
510.383
513.515
517.613
515.126
517.488
515.808
517.000
516.057
516.318
515.665
519.817
517.422
517.661
514.488
512.614
516.900
513.003
513.969
517.371
518.229
516.947
517.834
522.170
521.487
520.839
519.229
519.701
520.864
517.274
517.805
518.079
518.879
515.377
518.914
520.492
520.113
519.901
520.334
519.612
520.757
519.801
520.675
517.902
518.745
520.075
524.804
523.511
519.248
518.224
517.935
519.651
522.139
524.061
523.233
522.009
521.832
520.283
522.193
520.236
517.893
521.045
519.997
521.217
519.329
518.046
521.053
520.097
521.863
518.638
517.912
520.512
516.945
515.921
518.388
518.606
516.684
516.949
517.531
514.776
512.408
512.171
516.736
517.288
514.477
513.551
513.830
515.791
518.085
516.151
518.181
515.386
514.389
516.309
518.306
517.972
517.129
516.519
515.490
518.411
518.984
520.759
521.537
523.550
521.636
519.383
518.897
517.455
519.056
515.592
518.489
515.237
520.169
518.292
518.695
515.333
516.263
518.774
519.750
520.777
515.865
517.995
518.577
515.808
516.144
519.952
518.201
518.504
517.712
514.926
519.925
515.625
514.848
517.779
516.441
515.750
516.548
515.376
516.239
516.427
514.446
516.353
515.792
516.610
517.928
513.948
512.353
514.956
516.768
514.303
515.835
515.457
515.343
519.580
513.880
519.095
517.144
516.200
519.140
520.266
521.736
517.748
521.630
517.380
513.499
514.641
517.246
516.478
518.582
516.360
518.895
520.546
522.934
519.155
519.826
516.327
519.850
519.837
516.962
519.722
516.126
516.558
517.170
517.644
516.875
518.145
519.598
520.136
518.140
517.243
517.792
520.836
516.400
519.356
517.968
516.429
519.742
517.727
518.996
519.163
522.246
518.869
518.336
519.686
523.462
520.655
513.974
516.562
520.044
519.564
516.287
518.495
520.044
518.926
522.131
518.091
519.620
521.399
520.220
522.297
520.509
521.433
522.577
518.628
523.531
518.426
518.724
516.091
520.363
519.289
516.586
518.964
518.762
518.886
521.685
516.845
517.142
517.826
519.683
520.196
519.632
519.699
517.304
515.615
517.571
514.546
519.541
517.010
520.495
520.814
517.767
517.028
519.616
516.046
516.590
520.617
519.045
519.975
520.799
519.609
518.230
520.163
518.164
519.445
521.705
518.716
517.714
521.416
518.826
521.862
521.335
519.227
520.675
522.227
522.370
517.770
515.231
517.977
518.507
519.878
522.457
520.469
518.446
524.030
522.468
519.440
522.507
521.362
523.211
521.058
519.169
520.105
521.399
523.653
520.700
517.374
519.667
520.455
522.480
520.455
521.539
521.209
518.750
521.190
520.601
518.494
520.058
525.601
519.146
520.716
521.357
518.442
523.903
520.497
520.559
518.369
518.627
516.021
518.781
517.978
518.662
522.068
520.388
518.306
523.983
522.337
517.270
519.137
522.374
522.750
521.326
519.712
521.034
523.024
519.628
520.999
520.762
520.213
522.138
519.851
518.683
516.551
519.068
516.858
518.847
520.241
518.204
520.986
520.986
517.552
519.605
517.283
519.951
518.271
520.503
516.464
519.284
516.475
516.388
512.979
517.178
521.337
519.498
517.185
515.750
517.605
516.857
516.936
516.600
518.185
521.339
516.239
517.391
517.874
521.761
519.759
520.122
522.743
524.076
522.035
520.235
518.543
519.733
516.972
516.834
517.844
515.886
515.582
519.395
517.103
516.638
514.343
512.058
512.408
517.032
517.192
515.919
516.468
517.450
518.530
523.136
519.127
521.078
517.303
519.327
519.720
517.806
518.707
519.492
518.629
519.980
516.192
518.454
518.523
518.275
521.835
517.359
520.785
521.547
520.138
515.718
520.594
520.082
514.930
517.654
517.778
516.080
520.404
521.230
516.000
520.979
520.154
522.476
523.133
519.693
521.944
522.420
515.832
519.925
521.340
521.301
518.693
517.888
517.312
514.839
519.293
518.485
517.793
520.882
517.066
516.937
520.377
519.719
520.131
521.510
521.770
515.443
520.349
520.267
519.718
518.246
520.950
520.948
518.919
517.964
517.323
516.563
515.310
514.030
519.169
518.494
519.072
519.660
521.489
521.592
518.882
517.111
516.584
518.628
516.797
517.743
518.123
520.813
520.870
522.899
518.743
518.480
516.358
519.787
515.537
518.348
519.043
514.316
516.245
514.446
518.858
514.702
516.183
519.413
517.765
513.028
517.373
516.522
519.151
518.122
519.523
520.579
518.598
518.773
516.237
518.903
516.180
517.413
518.141
517.344
517.018
513.229
517.513
519.309
519.550
516.149
518.262
516.578
518.141
519.689
517.678
520.809
516.290
518.034
517.462
516.320
516.235
518.641
517.937
518.315
515.159
514.151
517.285
515.397
515.225
516.990
515.785
518.364
518.399
519.414
516.993
518.936
516.711
519.516
517.933
519.133
519.612
520.854
516.422
517.816
518.304
518.937
520.465
517.297
516.866
518.018
520.428
518.331
516.177
520.460
519.578
517.021
516.391
518.364
520.331
517.932
519.509
521.244
520.448
521.218
519.087
520.207
517.982
518.340
517.826
516.688
521.108
524.562
522.098
521.249
519.539
519.940
524.055
520.619
524.533
522.760
521.475
521.807
519.676
520.403
522.243
522.033
517.502
517.334
518.921
518.221
519.922
518.635
519.348
518.440
514.475
517.866
515.891
517.750
520.072
517.583
519.058
519.990
521.738
521.410
520.949
522.019
520.462
525.031
522.529
525.433
523.163
520.033
523.615
521.569
519.251
522.357
521.726
520.574
522.556
517.899
517.916
518.340
519.733
521.959
520.552
518.209
516.942
520.734
519.885
526.344
520.174
522.083
522.031
521.342
519.162
521.333
517.760
519.483
520.838
521.338
523.904
520.109
517.907
521.394
518.145
520.034
524.187
523.016
521.230
521.260
519.527
520.264
523.072
520.725
517.846
518.823
521.254
519.137
515.485
518.107
519.842
519.940
519.175
516.134
515.460
519.772
521.065
515.778
517.839
518.325
519.949
522.673
521.659
515.695
516.551
518.267
520.674
524.071
521.277
516.964
519.538
522.474
519.840
521.794
519.209
516.911
519.515
519.108
517.426
517.480
519.953
520.165
522.147
520.551
522.681
521.720
520.220
518.269
519.817
521.964
523.497
523.573
520.517
520.453
524.800
522.197
521.270
523.401
523.042
521.434
517.177
517.649
519.571
522.737
517.815
519.657
518.989
518.122
520.506
518.708
517.141
518.779
517.482
517.667
517.434
517.367
513.302
519.605
516.041
514.030
513.277
514.759
514.599
514.280
520.021
514.294
515.598
513.176
516.226
513.726
517.579
518.588
520.400
519.758
512.104
514.253
516.510
516.633
517.316
516.829
517.802
518.211
518.968
517.675
518.933
519.734
518.119
517.822
516.964
517.711
518.548
516.362
519.043
520.275
521.335
521.203
519.294
518.761
516.634
519.739
516.113
517.973
518.384
517.619
515.930
517.511
517.938
517.112
520.774
521.738
519.636
520.268
520.048
519.567
519.156
517.986
515.322
515.435
517.646
514.893
515.820
516.405
516.676
520.491
519.931
516.989
519.546
520.382
519.527
518.340
519.428
519.319
519.853
519.814
520.263
518.476
518.050
517.847
514.920
518.171
520.043
519.333
518.769
517.710
517.803
517.121
519.787
519.318
518.255
516.307
516.860
514.543
513.452
514.317
518.184
518.337
