449.510
450.471
449.237
448.073
449.523
448.769
450.739
450.443
448.079
446.776
450.515
450.548
450.458
447.147
449.706
452.219
449.719
452.041
452.451
450.836
449.200
450.663
448.528
449.734
450.180
448.902
448.961
448.338
449.046
450.936
449.266
450.960
452.739
449.640
450.375
448.886
450.286
450.699
446.848
448.933
448.404
448.770
449.859
452.910
449.769
450.510
449.312
451.239
451.170
449.928
450.605
451.834
449.938
447.994
448.859
447.849
449.501
450.840
451.901
448.959
448.934
451.823
450.687
451.075
449.282
452.412
450.105
449.280
451.710
451.359
448.358
447.884
449.695
449.854
450.490
450.017
449.873
449.595
451.496
448.634
449.370
449.770
450.134
450.463
449.433
448.066
449.794
449.531
449.869
450.318
450.770
449.870
447.470
449.594
448.917
448.644
450.426
447.994
449.479
450.081
448.574
447.581
451.111
449.531
448.942
448.973
450.994
447.942
448.663
450.696
450.834
448.130
450.275
452.594
451.086
450.417
450.584
450.990
449.610
448.524
449.497
446.479
450.272
448.778
449.608
447.931
447.172
447.072
447.501
449.467
448.566
451.129
449.838
449.368
447.965
447.333
448.816
447.971
447.893
450.497
447.436
450.079
449.180
449.691
449.467
450.533
448.976
452.145
446.542
447.653
449.901
447.690
449.007
447.659
448.610
448.364
449.257
448.417
450.400
450.972
449.952
449.856
449.775
449.070
448.966
449.098
449.501
449.565
449.337
452.950
449.014
449.908
449.564
452.662
449.463
451.121
449.420
448.871
448.456
451.907
448.567
450.424
451.780
450.319
449.835
450.713
449.158
446.830
447.796
448.190
448.865
450.027
448.075
449.082
449.035
451.557
447.600
450.625
451.089
451.698
451.734
451.388
452.002
451.801
449.708
449.222
448.591
450.419
451.807
450.169
449.648
447.196
447.580
449.271
449.964
449.681
446.185
448.907
451.965
450.866
449.041
447.232
450.404
450.970
445.435
447.008
447.978
449.138
449.637
447.510
448.243
448.660
448.120
448.041
448.964
447.888
448.998
447.124
449.794
449.938
448.654
448.459
451.802
451.390
449.063
451.132
450.779
450.389
450.948
448.668
447.696
447.531
450.009
448.244
447.984
449.144
450.395
449.368
450.238
452.602
449.897
449.304
450.168
449.999
448.566
448.613
447.948
447.346
447.122
446.640
447.930
446.036
447.837
450.119
448.100
449.185
448.792
450.018
451.111
449.685
450.099
449.914
446.293
447.073
451.092
452.141
448.172
447.239
448.368
448.991
449.679
449.859
449.127
450.313
451.320
451.478
451.154
450.299
450.734
450.971
449.589
448.814
450.605
449.385
449.977
448.902
448.326
447.417
449.516
449.243
451.736
449.057
450.363
449.549
448.220
449.680
449.789
452.621
451.683
450.236
452.260
452.410
449.413
450.040
450.656
451.950
450.804
449.456
448.499
447.871
451.827
453.345
449.216
448.470
450.996
450.559
448.685
447.171
451.467
449.673
450.645
449.988
451.671
451.621
452.417
450.482
451.013
447.721
449.006
449.058
448.949
448.558
448.050
449.668
450.582
450.632
449.026
451.628
450.013
450.268
447.102
450.888
451.655
449.191
449.301
449.125
449.253
448.804
449.246
447.778
449.904
448.170
447.947
446.965
451.015
449.058
448.136
448.900
448.340
451.185
447.969
448.795
451.632
449.147
447.339
448.410
450.610
452.706
451.151
449.843
449.184
446.992
446.538
448.093
449.172
448.810
449.043
446.246
447.668
449.243
450.741
449.507
449.826
448.607
447.411
448.766
450.239
451.368
450.792
448.391
451.250
451.818
449.895
449.234
451.861
453.461
448.894
447.642
450.184
450.216
448.139
447.949
448.942
447.589
451.354
448.859
450.539
449.748
451.532
449.385
448.610
450.786
447.517
448.481
450.700
450.776
453.015
449.778
450.491
450.672
447.114
447.209
449.691
448.908
448.375
448.758
448.681
450.085
452.212
448.210
449.078
447.158
448.370
447.827
450.758
449.088
450.648
451.342
447.818
449.557
452.560
451.085
451.474
451.129
449.327
449.981
449.546
449.127
447.765
449.555
450.804
450.764
452.353
448.892
449.881
447.967
449.239
448.447
448.266
446.038
448.488
449.277
450.863
449.940
447.527
447.775
448.855
449.852
450.366
449.736
451.137
448.560
447.658
452.176
449.094
448.961
449.482
451.963
451.190
448.553
449.729
447.420
448.531
450.401
449.775
450.300
449.930
448.470
452.308
449.431
449.955
449.682
450.296
447.843
449.977
448.958
448.566
448.492
451.409
449.503
448.806
449.217
450.990
447.025
451.035
451.591
449.487
447.012
447.628
446.841
446.545
450.967
449.415
449.453
450.401
447.326
448.842
449.227
447.770
448.405
453.042
450.052
448.424
447.750
448.667
448.378
449.643
449.455
448.462
448.671
451.198
448.842
450.683
449.621
449.210
447.507
447.870
449.904
452.455
450.328
451.693
450.388
448.022
449.180
449.132
449.791
450.513
449.057
449.911
449.060
448.910
450.032
450.986
450.047
449.312
447.896
447.310
448.256
450.579
450.845
450.183
450.620
448.878
449.463
448.051
452.021
451.693
450.567
449.996
449.417
450.266
449.967
452.007
451.976
454.064
454.327
453.288
449.851
448.282
452.526
450.700
451.786
449.109
448.877
448.767
447.917
450.091
450.822
449.474
447.615
447.857
448.295
447.643
450.750
450.671
448.697
451.294
452.445
450.144
448.831
448.311
449.124
451.076
451.291
450.597
448.676
449.709
450.720
448.869
449.759
450.673
448.917
448.261
448.622
447.504
449.096
450.226
450.694
450.300
448.854
446.898
448.370
450.001
450.318
451.328
451.188
452.307
449.834
449.444
449.485
449.712
449.628
447.985
449.512
451.050
449.709
452.840
450.681
449.255
451.797
453.604
452.863
448.866
450.653
450.353
450.778
451.360
452.530
449.284
448.339
448.287
451.146
447.839
449.015
448.999
448.497
450.143
449.185
450.434
449.662
449.240
450.609
447.684
448.109
449.606
450.383
447.985
445.198
447.421
449.304
449.384
450.115
450.137
449.512
449.345
450.623
450.971
448.814
449.379
448.322
450.077
446.394
448.780
449.231
447.418
449.815
449.023
449.145
449.288
448.933
450.364
449.646
447.788
451.600
450.615
450.686
449.356
449.697
450.931
450.392
451.043
448.602
450.037
451.539
452.497
451.431
451.736
450.206
452.257
450.087
450.680
451.821
450.262
450.400
451.237
451.926
450.865
454.980
452.589
450.928
452.606
452.092
451.651
451.663
448.780
449.427
449.618
448.752
452.572
450.464
449.814
448.024
449.130
448.166
450.572
446.579
448.846
450.009
447.615
447.202
448.684
447.143
448.533
447.923
449.682
450.871
453.397
451.341
452.069
450.451
448.646
449.514
448.663
449.311
453.137
452.620
452.439
453.525
451.646
451.282
450.324
448.758
452.214
448.939
450.203
449.202
449.479
451.308
449.111
450.548
452.648
449.043
449.967
451.268
453.247
450.757
450.505
450.733
450.418
449.933
449.406
451.106
448.150
447.969
449.192
450.062
448.826
451.918
449.195
450.188
448.774
447.592
450.663
450.039
450.358
450.851
450.093
451.954
452.992
449.462
449.834
450.190
450.265
448.132
448.432
449.023
449.442
447.456
446.775
447.171
449.840
449.359
449.689
449.101
448.356
449.288
447.131
449.152
450.380
445.029
446.944
449.581
449.817
450.575
450.837
451.027
450.160
449.926
450.999
450.103
448.236
448.941
451.967
445.724
448.870
447.443
450.428
449.220
448.088
449.361
449.434
449.617
450.465
448.900
449.785
450.795
449.565
450.881
448.498
450.406
448.546
450.229
449.138
451.879
450.227
450.837
453.568
451.442
450.714
452.058
450.755
451.323
449.377
448.682
450.771
446.649
451.058
450.011
449.622
449.249
450.306
449.451
449.999
449.793
449.534
448.021
447.686
448.407
447.156
449.955
451.108
451.114
450.270
450.491
451.408
451.020
449.842
451.189
448.857
450.494
447.073
446.731
447.887
448.657
448.489
449.974
449.727
448.696
448.358
447.993
448.928
450.142
450.198
448.696
448.139
447.477
447.956
451.438
449.896
451.002
449.556
452.209
449.455
450.874
450.106
449.611
449.962
448.858
449.129
450.889
448.869
451.321
451.959
447.384
449.469
450.129
452.738
447.826
450.191
451.306
453.153
450.837
450.380
449.108
449.837
452.240
449.979
450.005
448.654
450.986
448.066
448.911
448.849
450.018
450.934
451.992
448.780
452.468
451.731
453.947
451.057
450.853
451.932
449.755
449.847
449.946
447.917
448.466
451.141
448.459
448.961
448.465
449.989
449.943
452.093
450.013
448.305
449.887
449.495
450.128
448.398
448.709
447.839
446.184
448.183
446.138
448.245
448.658
448.485
448.590
450.940
450.272
449.722
451.758
447.979
448.376
449.872
447.293
449.588
448.204
449.387
449.193
450.131
451.482
450.179
450.635
450.255
452.269
450.638
450.806
449.303
449.049
451.067
453.317
449.033
449.289
451.064
451.023
449.434
450.048
450.232
448.272
449.338
449.884
450.169
449.435
448.850
449.578
450.240
449.785
448.627
449.935
450.742
450.367
450.223
449.642
450.189
449.079
449.624
451.891
452.211
449.190
450.634
448.809
448.822
449.134
447.870
450.081
448.033
446.634
450.431
448.610
447.326
449.624
448.148
451.416
449.126
449.744
450.742
449.324
450.087
450.986
451.119
448.587
445.946
452.232
450.160
449.424
453.439
452.346
449.722
448.723
450.656
449.079
448.241
450.172
449.464
448.633
446.535
448.045
448.249
447.548
451.312
448.583
450.110
450.519
448.717
447.831
448.756
448.226
451.103
451.343
449.719
450.801
448.953
453.030
450.635
448.339
449.580
451.393
449.294
451.090
451.167
450.641
451.461
451.136
449.375
448.698
446.719
450.557
450.901
450.035
449.091
446.592
446.678
449.589
449.578
448.120
450.585
449.257
451.425
450.152
449.625
447.869
450.034
448.078
451.394
450.273
447.408
448.083
449.793
450.745
451.301
448.346
450.152
449.632
449.675
451.208
450.146
448.665
450.702
450.037
449.423
448.244
451.420
451.285
450.795
451.644
453.885
450.829
449.420
450.735
449.864
447.682
452.128
448.579
451.048
451.883
451.549
450.499
449.537
451.896
449.992
451.045
448.221
450.770
451.382
450.798
450.989
450.671
450.555
449.523
451.938
448.147
448.960
451.993
448.789
449.680
450.629
450.043
448.822
448.624
450.731
451.220
452.560
452.347
453.614
451.746
450.491
450.154
449.704
448.145
447.142
448.943
448.560
447.671
450.479
451.374
448.700
450.969
451.481
450.174
450.026
449.211
448.692
449.229
450.424
450.657
451.478
447.484
448.827
450.873
448.269
448.390
447.756
447.335
446.296
447.151
450.033
448.704
451.712
449.253
449.672
450.355
449.652
452.342
450.974
450.344
450.754
451.965
451.163
452.522
453.526
451.875
451.708
450.199
450.343
450.242
451.531
448.212
448.848
450.332
449.291
450.647
452.447
449.977
449.914
447.653
447.406
450.127
449.410
452.959
449.406
450.772
446.372
447.304
449.020
448.829
447.943
446.997
448.889
448.648
449.350
448.735
446.905
447.985
446.014
449.744
452.242
450.418
449.797
449.483
448.871
449.567
448.944
449.987
448.339
450.781
450.776
449.262
450.429
446.931
445.486
450.710
450.965
448.754
447.509
448.113
449.066
447.884
451.438
450.049
453.537
451.435
449.232
449.551
450.479
449.831
451.234
448.420
449.646
448.773
447.842
448.199
450.912
451.349
450.542
450.932
450.175
449.275
449.940
448.853
448.196
450.442
448.536
448.386
452.457
447.948
450.470
448.596
447.849
448.547
450.148
451.662
449.808
447.810
449.486
450.265
450.962
449.212
449.084
449.238
447.497
449.793
451.644
450.164
451.520
449.693
452.510
451.946
450.143
448.709
449.242
448.620
450.735
450.955
450.949
451.705
450.314
448.799
449.642
448.713
448.798
450.950
448.727
448.847
448.333
445.947
446.812
447.965
450.015
450.780
449.768
449.940
447.964
448.741
448.980
450.764
448.220
448.710
450.692
450.766
453.166
449.210
452.263
451.404
449.493
446.526
449.245
447.064
448.727
449.900
451.221
449.362
448.819
448.142
447.944
448.771
449.546
448.459
449.420
451.073
451.146
451.803
449.199
449.418
450.344
451.180
449.876
449.610
448.774
449.274
452.141
450.902
450.813
449.549
450.920
449.175
445.872
448.229
449.319
448.294
450.823
451.868
450.374
449.914
449.670
447.270
446.316
449.571
452.908
449.566
450.638
448.402
450.168
449.484
450.513
449.001
448.004
450.874
450.940
446.639
450.657
453.464
450.222
449.359
449.923
452.075
450.308
448.455
448.587
447.992
449.298
448.233
449.273
448.256
449.484
448.538
451.812
447.296
449.427
450.051
449.128
448.836
448.383
450.815
451.750
448.956
450.212
450.363
451.754
451.206
449.974
450.868
448.129
449.809
448.754
449.352
450.110
449.550
449.376
451.455
451.684
451.043
450.740
450.198
449.762
448.611
451.460
448.198
449.828
450.401
451.713
448.108
446.953
447.881
452.276
453.546
450.889
450.235
448.552
452.077
450.232
447.877
450.224
452.190
451.140
449.998
448.532
449.442
448.737
451.732
450.322
451.405
450.324
449.087
448.689
446.213
449.009
452.748
448.877
450.213
447.751
451.342
451.090
450.757
449.713
451.626
449.497
448.770
449.904
449.305
449.322
449.676
448.750
451.153
452.682
452.301
448.062
447.498
448.382
447.005
448.776
451.971
451.019
449.683
448.337
449.765
450.519
449.680
448.105
446.955
450.014
449.741
450.645
447.352
448.098
448.292
449.931
447.371
450.392
449.032
448.690
451.571
448.929
450.200
450.590
450.478
452.755
451.960
450.237
451.755
449.837
451.176
448.863
447.255
447.902
448.016
449.916
448.446
450.181
448.411
450.123
452.111
448.476
447.846
448.488
449.592
446.660
449.915
447.670
448.482
450.577
451.165
449.117
449.688
451.923
449.872
450.760
445.109
447.098
448.507
449.034
448.743
451.766
450.303
448.398
449.533
449.060
449.660
449.510
449.776
450.685
449.432
450.281
451.585
450.084
450.495
447.147
448.145
448.139
447.438
450.858
449.466
450.288
449.265
450.028
453.239
450.840
452.588
449.630
446.294
447.086
449.631
449.832
449.531
451.323
447.572
449.360
446.833
451.991
450.574
449.016
449.983
448.765
450.705
449.576
452.642
451.573
448.817
448.845
450.017
449.693
446.556
449.316
447.545
448.345
448.221
451.273
451.535
449.997
448.448
448.379
450.020
451.617
450.188
452.924
450.530
450.987
451.065
449.968
450.350
451.173
451.400
449.931
449.651
448.998
448.347
447.512
449.137
450.998
447.845
448.558
451.889
448.954
450.266
447.756
449.259
448.937
449.487
448.484
448.952
449.623
451.582
446.694
449.566
450.859
450.966
447.588
449.803
450.153
450.288
451.363
449.911
452.533
451.505
451.132
449.105
451.062
448.222
447.537
449.396
449.440
451.543
448.732
450.475
450.318
449.304
450.627
449.714
450.237
451.839
448.773
449.237
451.184
450.056
447.839
451.160
449.075
448.311
449.325
453.863
453.144
453.169
450.943
450.700
450.995
448.271
451.114
451.281
448.000
452.129
451.356
452.602
447.657
448.563
447.395
448.589
449.910
449.689
448.973
451.905
451.623
449.009
449.594
452.460
448.738
448.763
447.037
449.491
450.780
448.111
450.142
450.287
448.728
448.433
448.437
449.772
449.266
449.640
448.352
449.792
449.407
450.206
449.397
450.374
446.781
450.686
449.258
450.390
449.027
448.462
448.073
450.876
450.104
448.613
449.184
448.686
448.721
450.873
448.629
450.262
449.036
447.676
450.878
451.496
449.167
450.351
450.874
450.746
448.365
447.719
448.116
451.335
452.075
451.804
452.878
451.759
449.937
448.517
449.674
451.432
451.562
448.093
452.352
451.056
451.340
450.294
449.645
448.486
447.705
448.911
451.271
449.953
450.284
451.320
448.657
448.175
446.757
448.988
448.242
448.479
449.529
449.699
449.600
449.809
446.180
448.684
449.468
448.210
448.559
447.401
451.562
451.232
449.847
451.859
450.263
448.566
448.600
447.043
448.899
450.639
447.301
447.492
447.980
450.313
448.583
448.445
447.551
447.353
447.289
448.426
449.790
448.993
451.683
450.106
450.924
449.238
450.028
453.834
450.727
449.610
448.703
451.285
452.388
448.951
451.448
450.678
448.291
449.078
450.494
450.734
451.098
449.121
450.419
449.418
448.068
448.434
450.972
448.236
450.017
448.028
450.539
450.903
448.444
449.694
450.613
450.337
451.628
448.252
448.864
448.823
449.286
448.437
450.180
449.846
450.110
449.707
449.751
450.252
451.399
449.354
450.550
449.808
450.610
448.823
449.401
450.598
451.045
447.433
449.955
449.411
452.193
449.882
451.535
449.821
448.128
449.756
451.899
449.960
450.449
452.028
449.815
450.139
451.180
452.025
453.728
451.356
450.481
451.801
451.670
451.380
450.264
451.617
451.206
450.166
450.529
450.910
447.482
451.753
449.239
449.848
448.861
446.868
448.108
448.869
448.183
450.184
450.098
449.947
450.475
448.648
451.572
450.141
449.908
448.958
449.481
448.972
448.440
449.448
450.475
449.513
450.723
448.965
449.163
446.885
450.275
448.950
448.182
449.789
448.387
449.369
447.034
448.904
448.331
447.861
448.994
448.481
449.510
450.532
448.075
447.459
448.147
448.366
450.413
449.484
451.835
450.516
447.514
450.969
451.280
450.195
448.757
448.709
448.404
446.985
449.916
451.310
451.295
449.479
451.839
449.202
450.800
449.235
447.135
448.606
450.273
448.233
450.202
448.899
448.570
450.245
450.481
447.035
450.512
449.521
449.674
448.595
448.142
447.969
450.619
449.818
449.857
451.638
451.520
450.051
447.117
450.925
450.318
449.987
450.583
450.182
449.292
448.814
450.742
451.452
449.715
449.778
451.288
449.832
450.227
449.717
449.345
447.768
447.515
449.071
448.489
450.327
453.260
451.163
450.655
449.891
449.532
449.087
450.232
449.342
450.667
450.478
448.596
449.071
449.550
448.441
448.509
448.165
447.969
449.091
450.321
448.900
450.103
449.195
450.726
448.061
452.415
455.032
450.322
448.904
453.703
451.843
449.494
449.480
446.846
450.022
450.440
450.968
450.486
449.855
448.342
449.880
450.006
450.932
449.425
450.801
450.979
450.864
451.088
450.560
449.441
449.707
450.182
451.582
453.844
449.027
448.462
451.194
448.386
449.127
450.369
448.992
448.879
448.780
451.912
452.468
451.083
449.613
450.797
449.404
450.541
450.379
448.768
450.261
449.712
450.618
450.570
450.538
449.813
451.511
449.045
447.734
447.535
449.555
449.386
450.449
448.356
447.795
450.847
448.789
450.330
448.368
450.130
446.756
450.047
453.103
450.754
450.533
449.799
449.337
449.116
450.457
448.298
452.251
448.957
449.650
448.647
449.640
453.667
451.251
451.057
447.537
449.744
449.336
449.558
450.194
450.551
450.111
450.273
446.393
449.111
449.217
450.507
449.353
447.533
449.138
447.673
449.407
449.139
452.369
448.959
451.473
449.882
449.766
448.097
447.557
447.206
449.736
446.516
448.593
450.493
450.978
450.845
451.094
447.498
450.143
446.894
449.704
449.715
449.619
451.476
451.368
447.586
449.170
447.774
448.927
448.787
447.200
448.711
448.802
449.858
450.220
449.403
448.242
448.229
449.787
450.078
450.072
448.018
449.340
448.888
450.611
448.631
447.765
448.372
448.958
449.764
452.856
451.798
451.043
451.134
449.585
448.136
450.176
452.981
450.336
447.785
446.399
448.092
450.300
449.422
449.091
450.278
450.540
451.382
447.649
449.192
448.793
447.893
447.543
447.182
449.737
448.523
447.384
448.518
451.309
451.719
452.224
449.463
448.025
448.580
446.578
446.518
449.092
450.477
450.074
451.488
452.904
450.506
447.086
448.039
447.635
449.072
447.517
451.658
447.686
448.427
447.193
445.832
448.197
450.322
449.523
448.216
447.941
447.094
448.872
450.204
450.399
450.880
448.107
449.835
448.546
447.972
451.218
449.275
449.237
449.081
450.592
450.568
449.645
449.892
452.335
449.225
449.481
450.299
452.224
450.682
449.200
448.416
448.867
448.871
449.079
450.057
449.536
451.444
451.355
449.839
451.109
450.979
449.649
450.785
449.693
448.644
448.264
448.347
447.829
447.549
448.969
449.010
449.218
447.051
449.137
448.740
447.528
449.733
448.718
447.172
448.339
449.764
450.563
450.202
451.041
450.743
448.785
449.506
448.121
449.872
448.761
448.435
447.678
448.593
451.236
450.282
448.354
451.895
451.406
450.375
447.539
450.692
448.578
449.776
449.093
447.612
449.640
447.792
445.698
448.880
447.903
448.036
449.375
452.236
454.069
452.753
450.477
454.134
450.457
449.762
449.084
450.207
451.443
451.087
448.823
450.703
451.666
449.940
451.227
453.010
453.684
452.017
451.626
451.514
451.566
451.850
451.211
450.842
451.644
450.929
454.310
450.804
449.340
450.485
453.355
450.223
449.439
449.734
450.934
450.978
449.784
450.002
450.039
450.411
448.771
451.813
454.754
451.869
451.166
453.960
449.853
453.401
451.008
451.122
451.742
449.976
451.166
450.447
451.417
451.695
450.985
448.176
453.076
450.167
449.712
448.645
450.144
449.309
448.537
449.047
450.772
449.663
450.049
450.670
450.970
450.322
451.089
448.963
450.395
451.473
452.036
452.459
449.993
449.333
448.933
449.554
450.870
451.417
449.869
452.879
449.348
450.868
448.435
451.481
452.676
452.683
453.795
452.005
448.465
450.220
449.227
448.206
448.508
451.451
450.036
450.009
449.335
450.428
452.376
456.643
452.259
449.087
448.748
449.669
452.234
453.111
453.047
453.009
453.098
452.189
450.740
449.049
448.153
447.268
447.728
452.379
449.352
450.576
450.906
450.384
449.879
451.850
447.226
449.649
447.825
452.167
450.647
450.743
452.396
449.325
448.449
450.140
450.844
451.163
451.605
451.882
446.802
451.867
449.210
449.459
449.417
447.305
449.492
449.740
448.862
449.343
447.106
450.229
449.741
451.058
453.038
451.160
450.297
450.769
449.409
448.681
447.880
450.422
448.776
450.756
450.256
449.948
452.344
450.576
452.201
447.889
449.020
448.117
450.370
449.859
448.920
447.710
448.416
451.179
449.859
449.341
450.432
451.445
448.597
450.867
450.330
449.317
450.166
450.673
449.344
448.515
450.937
449.396
449.157
448.017
448.460
451.850
450.181
450.320
451.031
446.864
452.831
447.746
448.465
449.236
450.191
448.894
449.303
447.914
449.401
450.711
450.111
448.886
446.856
449.886
447.229
449.655
448.247
450.799
448.150
450.233
450.092
448.495
446.438
447.771
448.761
449.212
448.737
449.432
448.897
448.160
447.674
447.763
447.863
449.989
450.983
451.620
450.578
450.521
450.656
448.629
447.959
449.050
447.942
448.395
451.554
449.978
450.302
446.936
450.155
449.678
451.497
449.297
451.182
450.343
447.718
446.587
448.123
447.399
447.718
447.944
449.808
450.277
448.432
452.223
451.807
450.199
449.261
449.788
450.453
448.464
447.622
448.081
450.646
450.407
447.922
448.595
450.240
450.113
448.756
446.416
448.629
450.381
448.988
450.329
450.532
447.938
450.848
449.115
448.863
446.504
449.375
450.019
448.979
451.019
452.629
451.197
451.191
450.313
447.296
448.712
451.140
450.599
449.099
450.025
451.378
449.700
451.717
451.217
448.388
450.812
449.664
452.344
449.491
450.018
449.050
448.613
448.706
450.612
452.492
450.287
450.278
449.161
447.906
450.609
450.408
451.412
449.476
450.703
451.140
450.246
449.181
448.968
449.286
451.899
450.413
448.024
452.379
450.677
451.515
448.374
447.759
447.461
447.996
450.723
450.368
449.504
449.664
449.681
449.725
450.136
446.951
449.062
450.511
451.360
451.186
450.199
449.642
448.602
447.205
450.370
450.548
450.514
452.136
449.868
446.336
449.794
450.866
450.987
448.170
450.235
451.446
449.710
449.983
445.940
446.839
451.211
449.206
448.125
449.264
450.353
449.187
448.849
450.700
446.531
446.590
451.297
451.846
451.052
450.110
449.091
449.515
452.022
450.655
453.333
450.702
450.401
448.979
447.268
447.304
449.982
448.902
446.310
447.898
449.861
449.266
449.740
450.932
449.352
450.445
448.228
449.171
448.049
448.759
450.678
450.319
449.743
449.852
450.437
449.144
452.053
449.793
450.390
449.742
451.219
449.880
450.756
447.394
449.431
446.757
451.261
449.423
450.585
449.294
450.878
450.917
448.688
450.430
447.549
449.797
449.759
450.380
449.836
450.970
449.467
450.516
453.873
452.893
449.665
451.200
449.340
448.027
450.537
450.631
452.180
451.901
449.907
448.601
449.014
447.994
450.112
449.591
450.501
449.985
447.538
449.145
448.968
448.135
446.436
448.486
450.933
448.572
446.286
446.363
446.287
448.267
449.105
446.431
450.800
448.881
451.226
450.713
452.541
450.649
450.957
449.179
447.767
449.402
450.430
450.540
450.840
451.484
450.870
450.995
449.946
449.393
451.006
450.331
450.338
451.301
449.161
448.065
448.896
447.783
448.028
450.478
448.587
451.292
450.218
449.789
449.968
449.215
449.846
452.011
449.148
449.157
449.422
448.536
448.564
449.284
448.050
448.177
449.050
450.829
448.449
448.012
449.709
450.945
449.217
449.390
446.919
447.561
448.182
449.387
450.764
448.647
451.534
450.429
452.778
451.472
452.422
452.976
451.677
450.929
450.931
448.909
449.308
449.780
449.965
450.465
448.746
450.653
449.974
449.158
449.929
452.388
453.940
452.243
450.223
450.968
453.223
453.986
450.337
449.290
448.814
452.196
450.740
451.199
449.292
449.108
450.209
448.929
451.227
451.085
449.139
452.411
449.865
448.992
447.971
448.687
449.690
451.530
449.027
451.337
448.480
449.186
446.954
449.890
449.483
451.905
452.326
451.621
451.991
449.928
451.922
450.646
449.477
447.532
449.375
450.083
451.029
447.367
449.216
445.640
448.426
451.301
447.539
451.183
446.469
449.572
449.166
450.778
448.148
447.992
450.075
449.285
448.965
446.977
448.463
450.699
449.219
448.802
446.318
447.756
450.848
448.780
449.124
451.675
450.826
453.713
450.717
449.466
450.126
451.608
449.596
451.777
449.427
449.002
446.228
450.246
449.054
450.001
449.713
451.673
448.664
448.271
447.405
448.961
449.256
447.673
449.921
450.187
448.780
446.587
448.758
448.378
447.573
449.135
449.218
450.582
450.331
449.985
448.585
449.187
453.184
446.393
449.647
450.826
452.847
451.111
447.839
448.284
449.342
449.457
450.863
448.167
450.294
452.379
449.347
452.788
449.748
450.655
448.647
447.585
448.637
450.473
449.821
448.678
448.765
447.860
448.235
449.500
448.913
451.425
453.058
449.542
450.039
450.817
449.127
448.156
451.804
449.738
451.739
449.652
450.776
447.577
450.161
448.382
450.885
450.922
449.698
450.029
450.291
447.700
449.617
452.145
449.597
450.616
452.959
451.721
453.067
451.191
449.504
448.605
452.213
449.007
449.655
448.945
450.516
448.710
448.871
448.998
449.348
448.700
450.109
448.505
449.274
447.511
450.681
447.482
449.983
451.150
450.311
450.439
451.463
449.681
448.675
450.637
449.639
449.416
446.332
447.888
447.823
447.421
448.780
450.735
451.644
453.388
452.387
450.009
449.245
449.432
449.832
449.227
450.096
449.462
447.677
448.327
448.961
450.289
449.410
449.106
448.474
447.731
449.053
449.379
449.262
448.926
451.185
449.925
448.678
449.271
447.923
448.439
447.460
449.369
448.870
447.697
449.039
450.652
449.759
448.625
449.787
449.840
450.388
450.335
451.067
452.031
449.383
449.198
448.441
447.127
449.532
449.916
450.757
450.269
453.673
448.235
447.617
450.492
451.496
449.716
449.550
450.834
449.993
449.400
448.496
449.126
449.806
446.685
448.805
449.704
450.319
448.820
449.288
450.551
450.038
450.309
449.622
449.071
451.105
448.556
450.838
448.795
449.836
448.508
447.351
449.321
451.377
450.510
450.269
452.398
451.656
451.967
449.689
451.333
450.017
451.924
449.845
452.750
452.310
450.364
451.100
448.325
449.875
449.084
448.362
448.224
447.425
449.677
452.114
450.718
449.422
449.952
449.366
450.554
450.398
450.451
450.543
450.077
452.340
450.363
450.424
447.743
450.389
449.106
448.492
453.320
450.769
449.319
449.202
449.655
448.642
451.827
449.210
449.124
447.720
449.801
451.114
450.443
450.870
444.474
449.574
448.388
449.450
449.613
451.737
449.158
448.754
445.801
447.182
449.104
448.099
451.888
450.341
447.313
447.881
449.032
447.494
445.780
447.801
447.872
450.683
446.292
449.005
452.229
449.721
448.386
450.567
451.541
450.293
450.622
449.770
446.214
445.954
447.275
449.238
449.222
449.754
449.729
448.445
450.744
448.875
449.499
446.639
445.932
450.065
450.274
450.961
448.114
447.494
448.480
449.714
448.386
448.272
449.521
449.851
449.132
451.469
450.722
452.386
451.195
449.966
449.870
447.896
448.124
449.134
451.349
452.513
453.306
451.336
450.762
449.985
451.620
451.177
452.003
452.018
454.874
450.641
450.782
448.934
451.491
450.433
453.338
451.372
451.652
449.168
448.438
450.950
450.829
450.375
450.941
449.602
449.599
451.362
452.398
452.632
453.292
451.003
449.994
449.516
450.354
450.856
449.076
448.611
447.552
448.929
450.365
448.273
448.687
448.090
450.395
450.736
449.115
450.164
450.031
448.856
448.743
450.186
450.067
450.564
450.718
448.280
449.383
451.674
449.356
450.546
451.959
450.058
450.219
451.035
450.313
451.376
446.571
450.974
451.746
452.110
451.986
449.732
448.802
448.966
445.956
448.199
447.435
450.411
448.640
450.108
449.255
448.020
449.130
450.810
452.587
450.382
451.497
449.837
449.042
446.880
448.631
447.091
448.773
451.446
449.995
448.325
449.180
451.526
452.936
450.495
449.544
450.445
448.130
449.149
448.024
448.729
449.899
449.534
447.941
451.681
448.227
450.926
449.557
448.577
450.536
451.193
449.414
448.978
448.757
450.019
452.129
450.465
449.403
448.048
450.058
450.138
450.546
450.613
449.298
447.243
448.725
448.383
448.103
449.360
447.317
447.979
446.471
445.156
446.474
446.970
446.850
448.166
449.492
448.187
448.765
449.545
447.552
448.674
449.119
448.736
447.744
448.414
448.099
446.539
445.675
449.715
448.561
448.807
450.234
448.665
450.040
449.465
450.708
447.280
446.047
449.901
449.896
449.345
447.251
447.909
450.764
451.020
450.778
449.788
449.910
448.767
448.468
447.382
449.934
451.363
451.512
448.087
448.728
450.216
449.614
450.927
449.781
449.723
452.362
450.127
449.170
450.003
448.995
449.889
449.880
449.713
448.692
450.246
448.054
449.091
453.629
451.847
450.692
452.221
452.443
452.730
453.086
449.700
451.545
450.207
452.089
450.362
448.042
448.527
450.479
450.588
450.279
450.150
453.808
452.174
452.658
450.877
449.003
452.317
453.925
453.118
451.547
452.206
450.743
450.010
453.176
451.637
451.018
449.882
448.325
451.769
451.279
450.020
449.159
449.660
448.703
451.995
449.701
450.786
450.453
448.643
450.164
448.576
452.114
453.626
449.656
450.579
450.317
450.315
446.867
448.075
452.203
450.421
451.501
449.123
450.286
451.465
448.469
449.791
451.444
450.430
449.693
451.532
449.349
449.544
450.931
450.005
450.540
449.487
450.905
448.894
448.385
450.036
448.582
448.964
453.856
452.126
451.681
451.619
452.386
451.365
451.221
450.730
450.952
448.031
449.389
451.071
453.705
448.175
451.357
450.849
452.490
446.830
448.880
450.248
449.749
452.072
452.060
450.776
450.483
448.410
449.648
450.855
448.872
448.584
449.653
447.988
449.013
452.786
450.502
449.579
448.991
448.297
447.801
448.375
448.570
449.834
448.946
451.269
447.449
449.094
450.100
449.990
448.734
449.374
449.107
448.937
449.679
448.779
446.576
450.304
448.390
450.909
449.131
447.445
448.376
448.335
447.327
448.086
447.891
449.306
452.499
450.409
449.441
453.364
449.932
451.321
451.947
448.632
450.269
448.558
449.805
447.563
449.382
449.531
450.911
448.831
447.862
447.516
451.400
449.871
448.882
446.389
447.711
452.402
448.837
448.779
449.423
447.668
449.307
448.324
451.451
450.452
449.384
449.182
448.227
447.143
446.996
445.694
447.023
450.232
448.342
449.460
446.594
447.274
449.580
446.014
448.644
448.756
449.693
451.138
449.121
449.894
449.177
450.698
451.172
450.966
452.113
452.380
448.584
450.097
450.480
452.879
449.347
453.373
450.870
450.827
448.751
450.737
450.661
449.782
451.578
450.079
449.263
449.775
448.751
451.450
449.872
452.341
450.325
451.003
450.023
449.585
448.212
448.996
448.138
449.608
449.845
448.871
448.085
451.846
449.495
451.488
448.536
449.064
450.126
449.513
447.309
448.592
449.728
449.206
448.890
450.877
450.185
448.590
448.498
448.937
450.376
446.678
449.689
447.545
450.107
451.564
450.766
451.770
450.893
451.287
449.581
450.098
451.441
449.571
448.398
448.016
448.391
449.677
448.134
447.312
449.817
447.690
448.030
447.734
448.383
449.417
449.253
448.537
450.426
451.234
449.763
447.076
448.375
449.845
449.702
448.388
447.048
450.053
450.060
447.099
450.687
449.904
449.174
453.100
453.242
452.909
452.148
451.557
448.589
448.585
448.926
448.144
447.103
446.406
447.327
449.528
449.193
446.658
448.502
450.375
447.799
448.850
450.324
450.265
451.293
449.518
451.248
450.768
448.716
449.075
449.601
452.768
449.520
449.335
449.493
449.729
451.871
448.778
450.261
448.391
447.998
450.698
450.929
452.716
450.344
450.731
447.504
448.424
449.473
447.512
450.648
451.450
450.087
450.200
451.125
449.970
449.210
449.811
451.066
449.485
448.325
448.298
451.411
451.617
449.678
450.849
451.012
450.322
450.246
448.525
449.196
448.308
448.826
449.300
450.397
450.530
448.909
448.240
449.093
447.061
448.548
450.452
448.019
450.345
451.740
448.389
449.719
449.545
448.697
449.102
450.058
447.198
452.107
451.415
451.659
449.929
450.363
448.877
449.012
448.503
448.180
448.119
448.255
448.677
448.505
447.846
445.971
447.788
448.036
448.248
451.602
451.519
451.461
450.748
450.092
447.829
449.281
449.743
450.285
448.995
450.498
450.086
450.071
449.929
451.025
450.149
448.023
446.267
448.010
448.532
449.683
449.656
448.101
449.169
448.705
447.514
448.337
449.460
449.652
449.880
450.320
449.030
448.728
449.357
450.892
449.139
450.415
447.662
448.868
448.239
449.639
450.074
452.515
450.399
448.109
450.574
450.484
447.788
447.980
448.914
445.409
448.397
448.267
449.712
447.374
447.403
447.264
449.995
449.382
449.980
451.419
449.157
448.445
449.450
449.865
448.464
449.365
449.773
448.520
449.190
448.488
450.967
448.646
447.378
449.993
449.443
448.918
449.706
449.015
448.336
448.536
449.817
448.862
450.460
451.973
449.933
446.969
446.761
448.329
450.542
449.868
448.358
448.631
448.660
448.672
449.523
447.946
450.156
449.371
449.317
451.232
449.614
447.161
447.780
448.462
447.801
449.487
448.756
448.441
447.262
447.518
449.278
451.450
450.636
453.478
454.027
451.488
450.670
451.623
449.917
449.540
449.991
449.452
449.769
451.353
449.289
448.640
449.133
451.877
447.823
451.662
448.381
446.566
451.406
450.727
449.415
450.340
449.369
450.443
449.123
446.345
448.960
450.023
450.433
450.642
450.977
448.522
450.470
451.355
448.734
449.289
447.512
448.749
448.149
448.229
448.826
449.974
449.490
447.529
448.948
449.567
449.443
449.754
450.137
447.463
446.114
448.273
447.831
449.255
452.807
449.129
448.792
450.244
450.808
450.882
450.119
449.730
451.910
449.411
448.871
450.037
448.407
449.599
449.099
449.529
450.228
450.240
451.955
450.604
448.862
447.465
450.560
447.773
450.066
450.424
451.455
451.149
449.654
452.074
450.858
450.210
449.175
449.671
451.506
451.731
450.587
448.814
451.144
450.247
448.566
449.065
450.407
450.233
450.009
449.366
451.649
453.399
451.241
449.566
450.851
452.624
449.435
446.633
448.887
451.069
451.207
448.362
450.147
451.684
449.975
450.441
450.285
448.225
452.502
451.677
452.168
451.710
451.271
450.551
450.563
450.431
449.367
451.039
450.518
450.758
449.044
447.936
450.132
451.050
449.272
451.517
449.724
449.482
451.415
451.261
448.357
449.382
449.929
448.888
449.136
448.562
447.652
449.734
451.460
448.068
448.166
451.041
449.394
449.666
450.374
451.515
450.635
451.325
451.345
451.176
451.556
448.732
449.310
448.957
448.600
447.683
452.026
450.369
448.163
449.462
449.766
451.143
451.464
451.773
453.428
453.035
453.716
451.815
452.327
451.062
452.085
450.878
449.876
450.876
452.346
452.152
450.551
450.588
448.790
449.202
448.512
451.427
451.444
449.220
452.816
452.563
450.759
449.113
448.088
448.923
449.826
448.897
452.429
452.171
452.430
451.143
447.651
452.596
449.876
450.661
451.376
452.889
449.880
447.328
451.862
449.362
448.926
449.846
449.486
448.578
447.933
447.281
447.656
448.673
449.584
449.972
450.502
449.962
447.098
450.428
447.830
450.607
450.437
449.245
448.344
450.087
448.226
449.439
452.167
447.895
451.287
449.652
452.592
449.952
450.742
451.451
449.631
450.285
451.459
452.543
452.299
450.264
450.831
449.250
449.013
449.949
450.927
450.827
450.376
450.639
450.618
450.586
449.886
450.722
449.957
447.492
449.470
448.172
445.763
449.790
446.557
447.828
449.475
448.191
448.674
448.577
448.081
448.830
449.782
448.477
451.932
450.258
450.859
453.348
450.812
453.579
452.696
451.144
450.901
449.018
448.644
451.810
452.921
450.999
450.425
450.168
450.170
450.975
450.223
448.821
450.615
447.629
447.732
448.031
451.577
448.146
450.937
451.096
448.916
450.279
450.889
450.280
450.230
447.209
448.444
449.539
448.215
448.153
447.961
450.185
450.929
450.456
450.528
450.687
453.023
450.307
450.690
451.354
451.022
448.443
451.275
452.351
453.099
451.847
450.378
453.984
450.884
451.312
450.455
449.855
448.062
452.263
453.036
450.825
449.118
448.887
450.881
451.353
449.941
449.100
450.353
449.907
448.027
450.215
450.371
450.728
448.100
448.730
448.975
450.820
451.530
450.270
452.031
451.188
449.932
451.955
447.328
448.344
447.174
447.268
449.959
449.807
449.071
449.028
448.000
448.040
449.885
449.775
448.957
450.684
448.908
447.690
447.904
449.571
449.429
450.048
448.192
447.673
448.130
448.019
450.585
448.103
448.569
448.423
448.751
448.621
448.303
447.578
449.658
449.174
448.689
447.672
448.183
451.296
448.858
450.476
447.225
449.317
449.238
449.375
447.661
447.911
450.411
448.974
450.706
453.923
449.557
449.567
448.512
453.281
450.864
448.483
448.575
448.166
449.273
450.896
447.436
448.920
450.497
451.999
450.874
448.486
451.296
452.295
448.864
448.675
450.238
450.013
450.139
450.810
448.911
450.376
449.698
449.400
449.563
449.636
448.218
448.557
451.077
451.946
448.495
451.651
451.676
451.969
452.294
451.857
449.276
450.974
450.182
451.219
452.859
451.511
452.115
450.012
450.963
451.663
450.230
450.806
449.203
448.035
450.161
448.243
450.135
450.922
451.520
449.635
451.463
450.777
448.738
452.304
450.376
450.310
449.163
451.477
448.829
449.346
449.709
448.240
448.124
449.014
449.025
450.332
449.575
448.858
452.628
452.130
452.232
451.134
452.258
449.726
451.380
450.397
449.340
453.490
449.583
449.956
452.458
451.110
447.104
449.522
451.632
453.035
449.962
448.613
448.086
447.278
447.572
449.608
447.483
449.162
450.687
449.645
450.501
449.809
450.307
449.473
451.169
448.853
451.320
449.670
449.734
450.303
449.598
449.836
449.681
450.049
448.121
450.732
448.731
448.047
450.370
448.595
447.919
449.296
450.863
450.165
449.503
449.144
448.677
447.671
448.347
449.628
450.071
446.774
448.764
449.624
450.658
448.095
450.266
451.755
449.963
450.378
448.731
452.785
451.572
451.705
452.251
449.474
453.144
453.190
452.865
450.474
449.796
452.275
451.140
451.642
448.299
448.926
449.022
448.235
449.183
451.199
450.819
448.258
450.107
450.725
450.057
448.414
448.903
448.676
450.314
450.033
450.626
450.785
450.241
449.720
452.872
452.579
449.222
451.593
449.590
448.362
451.175
452.313
452.277
452.289
449.100
450.726
449.928
450.783
451.736
449.740
449.760
449.147
448.116
450.413
451.413
450.546
450.944
449.092
451.936
450.998
452.903
453.249
451.859
451.778
450.998
450.307
450.482
452.359
449.989
450.634
449.562
450.799
449.826
449.216
449.254
450.295
449.186
450.445
450.259
448.488
451.664
447.407
447.754
449.302
450.683
451.612
450.186
448.183
450.931
447.414
452.356
451.604
450.230
450.037
447.761
448.662
448.961
448.969
448.787
450.197
449.877
449.317
450.783
448.787
452.138
448.479
449.472
453.807
447.030
450.430
450.566
451.969
449.784
449.750
448.926
448.860
451.307
449.906
451.216
451.309
448.317
450.254
452.625
451.564
449.118
448.484
451.109
449.714
449.088
448.621
450.226
449.525
450.915
449.792
449.428
451.636
449.017
450.203
450.584
447.026
449.483
451.964
449.800
450.274
450.038
447.943
446.635
449.261
448.583
451.046
450.256
450.967
449.969
447.827
449.324
449.276
448.705
449.491
449.031
450.764
449.284
449.573
450.288
453.516
450.161
449.375
449.684
447.958
447.813
447.299
450.023
451.515
451.853
450.011
449.924
449.672
449.349
450.488
450.210
449.877
450.789
449.345
448.090
448.767
447.097
448.765
450.860
450.395
450.737
449.292
451.802
450.795
450.196
449.635
450.572
449.718
449.674
449.641
450.335
447.352
446.804
448.726
448.842
449.020
449.625
450.105
449.794
449.476
449.446
448.005
448.876
449.652
450.433
447.571
448.353
450.770
449.978
449.681
447.630
449.680
450.120
450.141
450.649
448.200
449.317
452.063
451.324
450.198
451.111
450.010
450.114
447.866
449.521
449.740
449.488
450.705
449.664
448.337
448.043
450.859
447.476
447.262
448.206
450.876
449.808
450.053
450.756
452.483
449.853
450.573
450.501
449.171
450.722
449.306
449.703
450.052
450.370
448.452
449.759
449.651
450.152
451.372
450.477
451.085
451.533
449.404
451.563
451.744
451.066
452.153
452.326
452.052
450.775
452.207
450.815
451.258
449.361
451.537
449.010
449.845
450.388
453.226
451.690
452.390
450.316
450.584
448.868
450.898
447.678
447.259
451.324
449.603
450.572
451.380
449.166
451.695
450.689
449.754
448.921
450.157
450.619
447.793
450.425
448.978
449.346
449.116
450.259
450.439
449.785
450.746
448.823
447.786
447.884
448.423
451.241
448.607
451.188
450.180
450.018
449.582
448.601
449.523
450.794
451.217
452.173
451.614
452.570
449.933
448.490
448.692
447.867
452.173
448.726
451.985
449.981
450.080
450.705
451.219
451.701
450.824
449.893
448.883
450.063
448.497
446.883
449.025
449.091
451.250
448.024
451.707
449.901
450.261
450.117
452.014
450.475
450.870
450.044
450.960
449.370
447.525
450.277
452.791
452.475
452.201
451.606
452.599
450.894
449.209
450.014
449.429
452.693
450.299
449.377
448.416
450.737
450.826
451.081
451.560
449.007
447.936
447.625
449.519
450.204
449.049
449.621
448.073
449.262
