539.347
541.013
540.976
536.814
543.093
543.905
544.472
546.385
549.765
546.026
549.913
543.618
546.310
542.159
547.739
543.647
546.441
545.756
551.337
550.880
551.320
555.388
555.056
557.183
558.754
557.050
563.011
558.492
555.974
551.878
548.072
548.648
549.679
548.684
551.312
551.781
554.992
554.300
553.862
559.976
558.474
554.673
554.485
557.844
551.280
555.872
555.417
552.437
549.908
554.833
554.066
553.763
551.814
549.429
548.638
544.168
544.208
545.185
542.139
541.724
540.555
538.269
539.137
540.136
537.491
536.495
535.297
536.759
537.622
539.000
541.086
540.566
540.592
540.641
545.474
541.312
534.798
534.323
535.620
537.022
541.403
533.073
534.582
540.170
541.873
534.350
533.808
530.688
528.827
531.545
533.703
535.926
530.147
534.781
535.047
538.097
539.349
536.185
538.648
537.640
533.158
532.851
533.693
535.024
530.906
531.339
534.444
537.973
535.080
538.317
538.231
539.574
534.912
533.884
533.045
532.309
536.879
531.273
537.849
535.541
532.595
532.956
529.138
532.906
533.950
535.155
537.349
534.806
532.204
535.584
542.376
543.522
539.610
543.347
543.871
543.668
543.501
547.063
543.112
545.198
546.201
551.735
546.561
542.141
535.702
535.750
536.112
544.132
540.025
538.061
536.997
533.279
534.905
529.918
533.934
533.715
532.692
531.347
531.412
529.737
534.601
533.412
534.039
538.243
536.687
536.565
536.629
531.846
539.363
544.144
537.875
537.827
540.222
537.009
533.960
538.475
532.816
533.600
532.605
540.844
530.336
534.716
526.337
526.432
526.868
529.407
527.062
530.218
535.479
534.940
530.956
536.310
532.535
534.298
531.175
531.698
531.535
532.094
531.885
525.737
531.126
530.383
528.550
535.183
534.660
536.942
530.422
538.150
538.710
537.913
540.060
540.327
538.025
535.220
533.131
537.857
533.108
535.715
534.315
537.938
541.084
539.419
539.493
536.195
532.363
536.837
537.779
539.231
545.783
538.153
540.344
542.476
541.984
546.371
548.464
546.521
549.642
548.776
547.914
546.067
545.554
542.462
543.503
541.876
540.210
544.345
542.949
542.749
541.486
541.884
543.990
541.961
538.861
541.165
534.575
536.975
542.476
537.000
540.798
542.393
542.544
539.995
538.229
538.453
539.996
541.641
543.305
541.022
537.932
535.811
537.352
536.288
536.776
538.550
541.168
536.920
536.931
532.287
533.698
531.494
533.137
531.872
531.766
535.057
539.557
537.768
530.985
533.052
533.752
534.858
537.306
535.505
542.639
541.471
541.089
535.374
532.839
532.900
533.439
535.732
533.398
530.113
530.252
535.163
537.125
533.411
529.029
530.219
526.518
528.644
535.175
535.370
535.520
534.820
533.673
539.076
536.354
534.058
531.962
525.957
528.689
528.329
529.924
526.677
531.635
531.311
530.499
525.459
524.220
523.813
524.310
526.607
526.927
524.761
521.898
524.380
523.837
526.682
529.542
522.553
517.146
518.911
522.324
520.344
516.757
521.629
513.830
513.550
518.268
515.719
513.589
519.547
521.265
524.261
527.590
528.024
524.959
520.432
522.916
526.723
525.830
523.929
526.653
521.701
524.211
525.012
527.487
527.932
524.354
522.325
523.210
522.553
519.318
528.313
529.399
527.992
526.521
529.971
528.052
528.954
527.778
527.624
533.077
530.564
527.150
532.882
529.433
533.516
532.038
532.475
529.185
529.070
526.615
534.038
536.949
533.151
537.704
536.586
534.673
539.081
534.614
537.235
531.475
532.834
536.523
538.369
538.132
535.534
537.154
536.186
533.225
530.386
528.559
527.601
527.634
524.072
522.540
519.316
521.851
517.806
513.552
521.124
514.765
515.469
520.200
521.198
523.644
518.903
521.221
524.261
522.101
519.825
518.138
522.405
525.546
524.251
523.247
518.324
523.809
521.386
521.261
518.715
526.305
527.418
528.525
530.542
525.774
524.561
522.600
517.780
519.344
519.232
523.335
522.217
524.751
522.744
526.228
523.277
523.061
530.324
530.527
533.274
537.222
534.691
529.846
530.230
531.251
530.933
533.484
537.191
535.907
533.369
536.222
534.756
534.732
535.626
536.660
539.163
534.814
533.830
538.991
535.308
531.942
536.239
540.677
538.488
537.665
541.924
538.349
536.601
531.901
534.837
534.351
539.155
542.654
544.183
540.683
539.136
537.440
538.805
533.904
531.456
533.922
538.187
535.852
536.678
531.536
534.474
540.009
538.083
539.457
536.541
538.675
536.517
533.577
535.048
534.118
526.905
530.728
530.841
532.863
533.669
528.602
526.593
533.764
531.565
531.703
532.016
530.382
527.784
524.232
530.655
525.583
528.730
529.284
527.942
526.886
533.484
530.007
535.620
531.941
524.379
523.202
529.931
531.187
531.847
528.552
528.588
533.157
533.669
535.610
534.161
532.864
533.279
530.518
536.879
537.821
535.348
539.200
539.944
536.306
533.644
542.456
540.590
540.872
537.314
537.940
534.854
535.004
535.291
534.095
532.433
536.061
537.662
541.696
538.224
529.718
534.462
533.084
533.128
534.398
535.884
533.020
532.550
532.673
535.625
533.401
534.754
526.131
527.883
529.417
534.144
531.974
537.715
534.547
534.511
535.104
530.935
530.777
532.764
533.128
529.842
532.530
534.706
528.710
531.384
529.997
528.938
524.582
529.594
530.987
532.772
536.315
536.277
537.591
536.040
536.966
535.845
535.379
536.914
534.090
536.917
540.140
538.075
538.860
536.987
539.195
536.573
534.883
531.349
532.185
529.075
531.211
535.187
532.637
536.332
536.307
536.079
537.090
537.077
531.526
531.261
533.465
537.252
534.224
539.729
537.242
531.087
532.900
533.407
532.999
536.252
531.150
532.478
528.278
527.596
531.397
534.584
538.866
534.683
533.220
532.494
531.068
526.785
528.913
523.136
528.976
527.553
531.538
531.652
532.231
532.269
534.001
526.230
524.443
528.180
527.664
532.371
530.073
526.596
525.945
534.544
530.874
534.762
540.086
537.692
536.424
536.168
538.611
541.634
545.285
538.192
545.836
546.061
551.562
545.721
543.881
538.105
536.297
538.318
536.549
533.514
531.031
534.280
535.353
540.537
536.364
540.185
538.827
537.105
539.258
536.514
536.485
538.206
536.616
533.091
535.227
530.271
532.046
531.556
535.392
537.628
540.807
539.128
541.400
537.917
542.081
541.332
541.499
539.965
540.459
541.262
539.286
539.946
535.196
539.942
539.039
541.475
540.390
537.378
535.796
541.731
541.074
545.571
545.034
538.534
542.369
541.927
540.275
540.753
534.750
538.027
545.045
543.121
542.168
546.187
548.433
551.903
548.327
542.911
552.841
546.130
548.457
547.854
548.310
545.275
552.688
551.505
545.682
549.575
547.298
544.270
540.968
541.210
538.594
536.749
539.272
535.402
532.835
533.389
530.985
530.419
538.306
535.714
537.049
539.034
540.612
541.753
538.761
535.693
536.631
537.367
530.973
533.959
536.623
537.329
534.614
534.762
535.381
534.420
536.908
535.744
538.977
538.233
537.541
534.654
539.932
543.072
542.599
543.105
546.088
546.764
548.443
546.959
544.729
549.320
549.652
555.969
551.787
550.848
552.880
549.651
549.279
544.188
549.459
547.078
553.178
556.400
558.028
549.078
555.042
550.357
551.438
548.091
544.810
548.801
549.941
552.460
553.800
546.867
552.439
549.530
550.360
546.600
543.215
546.547
552.921
549.743
549.727
548.174
550.288
549.538
556.081
551.621
556.830
550.537
550.802
544.554
538.388
539.817
543.112
544.083
547.964
544.383
544.272
542.992
543.506
545.305
541.354
545.476
545.447
546.421
550.956
550.298
543.152
544.504
548.981
548.294
549.670
546.399
542.663
542.498
538.184
540.413
541.344
537.898
537.388
534.706
535.141
535.769
535.356
539.722
543.086
544.860
545.721
542.069
541.397
538.829
538.299
541.678
541.795
546.042
548.432
545.801
546.112
545.655
543.441
540.889
537.498
535.600
534.499
532.518
534.034
537.855
530.784
535.853
534.340
537.991
539.817
539.265
540.010
540.606
538.469
537.235
539.887
535.443
538.842
540.395
535.850
534.129
534.139
536.972
534.828
530.667
522.261
526.405
532.852
537.435
532.053
539.361
543.138
539.764
540.197
536.450
538.805
537.025
538.007
537.200
539.444
536.821
535.843
537.088
538.419
535.770
540.379
540.725
538.018
539.618
538.739
535.916
532.637
530.835
537.348
540.663
540.550
542.973
539.846
542.214
542.433
536.704
535.997
533.003
536.831
539.317
537.654
536.898
533.545
533.995
531.026
529.851
529.076
527.923
526.788
531.822
534.198
532.771
530.128
528.592
531.293
532.952
534.327
532.907
537.826
533.453
538.869
538.052
534.209
539.677
537.465
536.872
534.577
537.112
533.354
534.916
534.586
537.916
541.019
538.162
535.622
537.964
539.785
540.731
543.724
545.715
535.806
536.472
535.662
530.700
537.746
538.758
541.018
539.591
540.470
546.335
542.073
543.292
547.422
546.683
542.320
542.442
544.168
540.716
540.692
538.535
538.432
533.555
534.661
535.303
534.282
532.770
540.162
546.371
535.411
540.040
542.129
540.489
538.087
532.623
534.194
535.110
541.687
538.822
533.498
530.550
534.278
538.169
536.990
537.442
533.578
533.886
537.218
537.779
537.263
535.247
535.375
530.927
534.466
539.017
532.571
533.026
533.244
537.566
535.418
532.112
527.113
534.345
538.715
536.130
541.362
542.713
539.379
540.897
539.969
542.814
541.797
544.408
542.870
535.164
532.274
536.099
535.976
531.454
533.113
532.689
529.552
536.705
532.049
527.834
529.198
534.169
535.114
538.213
535.735
533.546
528.153
533.801
535.264
539.147
536.602
537.675
532.822
536.698
539.789
540.521
541.576
534.861
534.190
531.854
533.720
540.405
536.222
542.619
541.453
541.004
535.994
540.563
544.614
545.302
551.130
551.636
553.222
550.328
548.763
552.643
553.144
552.080
553.523
551.079
550.161
548.180
546.359
544.866
544.692
539.844
547.538
545.386
544.644
542.300
539.565
540.511
538.967
536.199
541.265
541.646
551.313
551.097
550.079
554.315
553.456
545.048
545.239
541.857
541.358
545.193
546.656
540.409
538.335
546.118
548.020
543.949
542.482
544.320
543.781
544.265
547.097
549.794
554.636
556.545
553.889
553.657
551.254
547.724
552.511
552.603
552.262
553.604
541.967
548.689
548.471
547.951
545.635
547.095
547.226
547.173
548.476
550.923
544.931
550.635
547.003
548.848
555.245
552.692
549.079
551.010
547.813
546.959
543.424
542.948
542.682
550.127
550.768
545.346
544.599
541.948
538.067
546.701
545.519
543.598
538.030
537.635
537.573
539.509
533.940
538.757
539.824
544.595
542.492
542.956
543.717
544.099
542.703
542.425
543.106
546.457
546.893
544.493
544.096
539.005
544.037
541.148
538.454
540.532
538.473
541.165
536.381
538.015
537.556
535.763
538.329
539.949
543.583
549.711
545.222
549.347
546.255
547.642
546.552
548.065
542.436
546.975
546.679
552.100
550.430
553.986
545.423
550.177
551.777
548.077
547.097
550.404
546.708
547.339
546.666
542.094
539.675
541.929
544.400
545.773
547.573
544.989
547.902
547.833
548.877
547.102
547.710
547.155
540.426
541.175
543.192
545.321
547.098
542.480
537.028
539.716
535.619
537.675
538.570
542.263
540.911
542.121
542.271
542.832
546.336
546.669
548.053
546.165
549.988
543.686
546.067
548.210
543.749
542.924
539.653
537.583
540.413
533.902
533.744
540.708
534.896
533.832
525.867
527.764
527.069
534.254
533.086
530.974
530.221
532.498
536.211
539.046
533.445
535.766
537.029
541.494
547.586
545.880
550.349
545.716
541.888
540.237
544.451
547.739
544.243
545.589
548.413
548.582
552.777
548.536
552.028
552.676
552.146
547.572
546.556
544.188
545.403
542.996
543.051
540.088
536.401
537.489
528.679
532.808
531.683
537.881
538.346
536.671
542.695
536.039
542.390
538.273
540.013
542.163
545.858
536.561
539.581
540.602
538.724
539.304
538.363
535.811
539.932
539.364
537.795
540.260
538.848
539.611
536.088
540.047
539.597
532.848
532.655
532.150
531.452
531.305
534.360
536.000
538.145
536.822
539.021
536.097
533.329
534.287
537.041
535.123
534.744
530.935
533.946
530.329
524.557
523.489
523.557
522.687
525.606
527.923
526.315
524.593
528.137
521.139
520.739
521.965
527.034
523.500
523.758
525.874
525.028
526.333
532.728
531.971
524.600
523.852
520.750
527.363
530.006
527.051
529.263
527.858
525.256
524.578
521.317
523.665
525.282
524.076
526.748
531.802
533.180
539.694
534.129
533.650
533.921
536.118
542.587
540.318
538.386
536.852
534.413
530.922
534.749
535.926
542.511
542.271
549.304
546.044
544.711
548.452
544.274
545.913
541.060
540.729
541.175
538.853
542.510
541.355
539.516
536.346
536.751
534.983
536.637
540.329
543.201
539.512
540.248
539.809
540.831
539.657
531.149
541.232
540.773
541.328
542.420
535.489
535.750
535.049
538.660
535.566
536.943
533.799
532.565
534.259
529.645
530.538
526.243
528.033
527.791
526.405
530.060
540.397
540.599
537.656
537.460
532.189
529.398
536.577
532.139
538.361
540.257
542.382
539.124
536.343
534.892
533.797
539.918
541.630
536.690
540.068
543.077
539.581
532.830
536.643
537.541
532.589
532.897
538.540
537.011
530.962
530.377
534.713
535.199
533.288
531.847
537.982
542.570
541.442
544.569
542.337
538.351
538.899
539.063
539.465
538.075
538.807
538.179
538.858
537.878
537.320
537.479
540.563
537.627
540.624
543.102
535.356
538.356
539.640
539.337
541.953
543.069
538.694
541.321
536.602
543.994
543.027
543.451
537.461
537.465
541.056
538.719
539.339
543.133
536.967
539.587
537.554
539.260
542.098
540.339
542.025
540.285
539.978
542.084
540.841
542.784
542.499
539.275
541.985
538.801
538.770
540.211
542.828
544.182
541.762
541.686
538.894
537.307
538.460
536.382
532.364
533.535
534.027
534.286
535.866
535.940
537.996
538.740
538.700
539.272
536.520
537.959
537.929
531.727
533.715
534.891
532.594
537.041
537.457
536.384
530.436
523.498
528.452
535.314
540.410
538.979
537.135
533.408
528.876
529.689
528.665
528.418
527.806
528.055
531.903
529.424
524.349
536.166
532.681
526.895
528.831
528.405
535.450
535.604
538.097
537.212
536.525
537.980
538.224
543.693
540.335
543.823
539.302
538.806
531.833
538.633
539.588
540.875
537.696
540.511
537.907
541.771
540.134
538.190
541.690
540.260
541.404
536.964
540.571
542.518
541.596
541.774
542.138
540.183
541.428
545.883
544.118
540.498
539.670
543.906
543.812
546.750
549.019
547.296
546.330
545.672
548.012
546.163
551.179
548.985
548.502
549.306
545.530
551.157
547.476
547.669
549.577
549.251
547.303
543.557
543.180
543.621
546.004
539.204
543.207
541.005
540.788
538.506
542.243
540.803
544.927
538.398
540.185
540.189
543.733
544.740
548.473
551.697
555.752
549.842
543.996
539.128
544.954
545.528
547.478
547.322
545.084
551.638
553.343
553.809
549.698
543.154
545.144
547.160
546.023
544.945
547.248
542.553
544.318
543.275
537.049
536.752
543.460
542.882
544.269
545.828
540.989
546.606
545.170
542.246
540.069
537.550
538.198
537.006
539.636
538.502
534.121
530.366
532.823
537.873
539.773
536.351
534.520
535.688
534.815
534.475
533.134
529.039
531.068
530.378
531.315
532.240
534.663
529.403
531.518
534.649
534.866
535.658
538.088
531.656
532.044
530.392
532.843
532.308
537.248
543.025
542.311
543.781
541.873
539.705
542.160
543.158
542.816
542.208
542.342
546.492
544.858
540.942
543.530
542.177
539.383
542.295
539.705
539.084
537.099
535.830
540.454
538.781
542.379
546.217
541.414
546.578
545.982
543.650
543.123
543.203
534.928
536.195
540.696
544.682
536.184
536.081
538.772
539.360
540.500
534.530
539.046
539.484
540.329
541.270
540.329
540.701
544.756
536.488
532.000
534.982
534.528
538.743
541.407
543.408
538.029
537.618
534.399
532.297
532.858
534.221
538.605
539.358
539.675
539.050
541.767
537.647
539.752
535.346
536.698
537.393
539.616
546.406
546.699
544.401
538.962
544.324
542.396
542.402
547.018
550.183
553.747
554.523
552.141
552.260
556.463
552.968
543.581
545.187
548.346
549.313
549.198
547.495
547.113
551.880
548.536
543.310
546.110
546.586
547.918
546.632
550.526
553.201
549.956
550.447
554.103
544.505
550.848
550.590
548.026
551.214
544.160
546.239
547.173
546.337
548.187
546.832
544.367
540.082
537.727
544.204
537.632
537.887
539.287
542.129
543.469
551.888
543.051
548.540
546.336
540.294
541.712
541.054
544.723
544.773
548.860
550.106
552.570
551.350
553.140
550.406
545.548
547.081
550.900
542.382
542.877
544.370
549.436
553.599
543.339
536.856
540.256
539.251
536.015
535.196
542.039
539.962
538.845
536.687
538.168
535.015
534.847
532.697
537.301
534.877
535.950
538.449
537.220
539.177
535.772
530.508
535.732
532.536
536.458
536.605
536.216
535.350
534.669
537.787
535.520
533.945
534.209
534.001
534.720
533.599
536.607
534.334
536.925
535.819
536.999
537.778
541.866
539.047
537.411
531.401
531.616
530.788
535.484
537.047
539.874
540.099
533.244
538.784
543.989
546.112
540.818
543.000
540.345
549.421
545.323
542.523
537.855
538.570
535.802
534.351
537.900
533.850
532.859
534.909
538.137
536.734
539.905
535.232
537.692
543.982
536.126
533.440
533.668
532.798
535.863
540.027
537.293
540.879
542.621
543.137
543.663
547.582
545.000
548.814
553.632
554.329
548.358
545.212
540.517
545.627
543.663
540.655
538.881
540.545
541.051
532.730
533.404
531.837
536.106
539.933
543.864
543.543
538.217
532.750
537.125
540.293
540.969
535.410
540.702
536.419
538.655
535.931
536.086
534.966
532.707
538.928
541.092
539.161
538.508
542.932
545.136
542.569
544.146
537.768
541.635
541.892
544.067
544.557
542.317
537.190
537.637
542.295
545.512
545.700
540.165
544.695
541.744
541.373
539.177
543.636
539.270
539.872
535.218
533.718
533.809
535.908
539.161
535.307
532.794
534.128
534.705
532.763
529.330
530.629
526.650
528.679
530.334
536.267
533.477
533.133
535.172
532.899
536.582
538.798
540.079
539.217
535.158
541.136
534.610
532.520
534.660
535.275
534.510
532.904
530.991
530.099
529.039
531.839
528.124
525.460
524.339
529.876
528.786
532.314
531.387
525.275
527.581
528.831
525.864
525.714
529.193
524.899
520.080
532.331
530.476
526.166
528.218
528.954
525.688
526.110
529.203
531.279
534.286
535.860
535.308
536.007
534.692
537.826
541.755
538.818
539.133
540.031
541.332
541.251
536.192
530.678
535.702
536.821
532.452
531.300
533.887
541.432
536.961
540.677
535.451
537.697
539.453
538.519
540.038
540.140
541.864
546.612
544.846
541.573
542.659
544.138
537.222
536.455
539.066
538.003
537.989
537.490
536.972
534.514
536.581
535.394
535.378
536.041
531.909
529.534
533.087
530.683
531.414
530.969
532.149
531.324
532.644
535.014
531.760
529.245
528.511
529.494
533.689
534.411
531.076
535.294
538.937
539.227
541.897
543.904
545.026
543.675
545.010
540.810
542.061
541.670
539.652
540.472
545.625
546.285
548.560
546.380
546.021
539.763
538.300
537.033
539.779
541.139
541.106
538.388
539.882
541.320
539.162
538.448
536.524
535.036
541.442
543.718
539.090
536.801
540.198
539.105
536.427
537.189
535.443
541.042
540.574
548.819
544.062
541.514
541.798
539.167
541.333
544.709
544.816
541.507
543.506
543.020
547.083
544.972
549.044
547.691
546.423
546.291
547.823
540.845
544.465
542.553
547.719
539.777
534.275
533.111
532.041
531.432
534.413
536.489
530.218
539.184
537.456
540.739
538.287
537.877
542.558
545.807
538.646
540.257
536.773
535.467
536.520
537.921
535.852
539.343
542.607
543.034
538.417
544.120
540.438
543.098
541.697
540.720
540.015
541.079
542.651
541.507
542.883
539.999
539.441
542.041
543.313
547.712
549.375
550.193
549.319
548.749
551.280
553.165
553.052
550.300
547.039
546.655
544.105
540.115
539.495
541.730
537.804
542.262
541.069
542.442
541.171
540.354
541.009
542.119
540.733
544.173
547.116
542.775
539.043
542.199
542.833
537.228
542.434
541.231
545.699
541.501
540.311
541.318
540.191
545.862
543.147
545.477
542.353
543.796
543.595
546.007
544.375
549.871
551.342
550.338
549.681
548.579
548.217
553.967
543.354
539.132
536.016
534.594
536.452
535.930
536.738
539.864
535.073
537.607
534.825
538.351
538.924
545.941
545.565
549.291
549.494
547.793
548.491
546.199
548.582
551.108
545.820
543.802
549.564
543.634
550.196
549.121
551.788
549.535
549.844
549.337
553.128
557.490
558.191
558.635
561.472
553.074
550.217
546.427
546.535
550.805
554.700
550.997
550.302
551.094
548.541
549.706
544.433
539.742
541.239
541.951
544.030
540.388
542.752
541.976
540.836
543.268
546.511
548.954
547.446
544.348
539.134
544.793
545.387
549.985
551.193
553.491
552.951
542.851
549.648
554.546
552.912
552.914
557.225
559.693
556.906
550.830
550.873
551.288
551.565
547.163
558.927
552.509
549.969
547.158
544.613
542.037
543.823
544.132
542.755
540.334
540.995
541.413
540.100
537.936
537.636
538.823
535.574
537.581
536.899
541.055
543.501
538.039
540.146
537.357
536.811
538.276
536.599
541.179
539.238
541.081
537.394
541.740
536.621
541.092
543.669
550.697
542.946
542.486
542.622
534.875
543.581
546.843
545.605
538.450
545.842
543.563
539.523
537.600
539.653
533.089
536.033
540.967
541.006
539.676
535.308
539.898
535.933
536.324
532.303
532.926
533.593
529.991
530.872
535.587
537.495
531.693
531.818
530.398
537.914
535.383
533.407
535.647
532.811
533.228
535.349
534.585
537.725
539.561
541.487
546.775
537.895
542.125
538.004
534.946
535.116
538.512
539.128
539.379
535.408
535.800
531.658
533.759
531.345
530.991
529.771
522.209
524.985
525.382
528.059
524.950
531.029
527.376
526.099
527.777
526.885
525.728
532.753
531.269
529.081
529.938
534.062
533.503
528.782
534.329
536.874
530.230
529.739
531.062
526.856
523.423
521.637
524.949
528.187
527.424
525.734
521.329
520.606
524.717
528.403
531.329
539.302
535.345
541.003
536.787
544.756
541.531
543.296
549.433
547.886
549.262
549.972
555.190
552.233
553.985
549.561
551.694
551.130
556.230
550.059
548.425
548.336
547.678
551.799
549.074
547.109
550.422
545.476
546.316
547.034
543.533
538.898
536.284
533.181
535.096
538.869
539.297
534.938
536.682
531.158
529.032
532.067
524.056
529.003
527.629
530.416
531.078
533.744
529.469
525.773
523.177
529.464
529.844
533.302
535.909
540.146
538.159
541.951
542.779
545.868
541.344
546.170
552.048
552.739
554.212
548.767
550.684
549.091
545.403
548.516
546.923
548.812
548.605
545.015
546.120
548.326
546.518
540.343
542.537
543.576
542.012
542.924
540.336
542.267
544.739
543.088
543.742
541.415
543.558
543.196
540.980
546.407
541.593
542.343
537.791
538.477
540.545
543.412
543.570
548.977
545.242
542.783
540.260
542.465
540.760
536.469
534.954
535.273
535.243
540.132
534.420
532.335
537.308
532.812
537.204
536.800
535.002
535.803
535.898
537.562
538.177
538.297
535.797
538.041
533.348
537.459
535.575
536.926
534.412
534.850
535.637
536.387
536.467
537.365
537.512
543.222
539.375
535.823
537.393
537.927
534.300
530.870
535.759
534.621
535.666
535.910
534.588
535.118
530.587
532.312
532.229
531.265
531.874
530.645
531.580
532.063
531.772
527.960
530.040
527.547
531.353
525.833
529.859
530.348
533.021
538.161
539.236
532.842
533.624
530.807
534.517
530.933
535.603
537.688
536.324
539.084
534.919
540.016
538.409
535.037
541.369
538.795
540.096
538.240
535.673
539.741
539.632
541.518
542.891
542.002
535.328
535.174
531.633
534.740
537.366
535.015
531.357
531.250
533.245
532.341
532.811
535.069
531.863
525.557
528.754
532.322
532.678
531.494
531.881
534.879
528.445
528.919
523.840
528.399
526.983
524.651
525.319
522.495
520.561
520.962
520.157
524.956
527.911
526.002
525.212
524.649
525.625
524.173
522.263
519.404
521.856
523.783
534.835
525.545
530.902
529.323
526.483
526.644
525.445
528.811
522.600
523.653
523.982
526.117
523.619
523.041
524.284
525.281
524.212
530.132
528.697
533.206
531.388
528.509
531.643
533.054
532.614
534.100
533.657
531.018
531.625
527.348
535.875
532.756
536.202
536.243
532.775
537.081
538.335
539.765
542.557
539.069
540.732
541.887
537.525
536.000
533.331
540.165
542.054
538.141
535.027
535.672
535.812
535.309
540.201
536.183
537.443
542.042
547.286
545.062
544.087
543.417
540.624
541.933
536.031
539.974
540.589
536.668
540.380
539.523
537.539
538.743
538.637
534.382
542.308
533.775
541.235
539.911
537.459
534.509
536.351
538.674
534.922
537.741
534.673
539.836
537.375
537.854
540.381
534.555
533.873
534.932
535.072
536.041
534.706
537.348
536.051
539.785
538.176
541.093
543.365
541.806
540.371
542.675
543.515
544.915
544.269
543.068
544.707
539.324
542.505
539.429
538.546
540.748
544.828
546.042
549.758
546.191
545.907
542.391
541.939
545.514
545.372
538.578
531.829
535.120
534.702
538.083
543.101
539.705
533.026
536.293
541.841
539.625
538.807
535.598
535.179
542.629
543.739
541.700
535.925
533.869
536.231
534.056
532.877
538.297
530.548
530.441
528.211
530.553
529.341
527.636
531.813
530.471
531.344
528.442
527.467
523.051
522.149
535.078
533.961
535.813
531.654
535.262
534.113
531.652
528.521
532.278
530.487
527.388
530.640
535.056
539.201
534.632
531.513
526.822
531.894
531.057
529.721
529.201
526.007
522.815
526.913
525.996
525.198
523.156
529.985
531.021
535.834
536.476
541.394
541.964
540.225
537.944
539.260
540.483
539.578
533.202
536.770
542.338
539.261
539.785
536.679
538.671
540.444
539.383
539.891
537.906
537.645
542.627
535.872
536.083
542.201
535.969
539.892
538.850
539.387
537.664
537.810
535.632
537.813
532.386
531.384
533.189
537.021
534.070
539.568
542.400
533.017
534.325
534.240
539.868
534.194
542.285
534.422
533.233
532.486
528.627
533.480
528.220
531.657
533.866
531.236
537.131
536.898
536.001
536.829
542.530
540.792
542.350
539.723
536.225
531.037
529.468
529.860
531.576
530.172
533.240
533.192
534.318
534.698
533.372
530.340
531.270
534.259
526.383
528.406
532.272
530.694
527.075
530.007
530.890
530.247
526.155
529.320
531.980
535.308
527.420
528.972
528.341
528.995
526.634
526.808
528.362
529.036
523.891
525.035
533.484
532.523
535.026
539.749
539.317
543.642
536.093
541.280
545.006
545.867
540.619
541.653
548.118
546.563
547.950
545.272
541.873
543.900
543.249
544.477
548.912
546.881
542.683
547.241
544.473
546.552
549.688
540.838
539.254
537.581
540.853
540.498
541.461
540.617
542.636
543.600
548.767
552.266
549.946
547.537
543.234
545.861
545.146
544.449
544.579
541.387
538.345
538.821
543.115
546.537
546.122
543.818
544.535
546.067
543.206
542.891
538.438
543.874
541.076
544.015
546.607
544.436
544.699
551.179
551.349
547.493
545.430
551.232
552.787
546.596
548.422
547.545
544.611
549.782
548.002
545.642
547.076
545.269
546.102
545.034
545.979
544.907
550.629
545.386
541.080
545.493
540.673
544.078
546.223
545.086
548.786
548.014
542.224
542.008
546.889
540.239
544.086
539.410
539.877
538.007
537.883
541.570
541.621
536.018
537.643
539.677
538.359
538.659
536.734
535.782
540.743
541.074
538.691
539.051
536.132
533.364
533.423
534.638
535.189
534.777
533.269
536.773
539.062
542.765
538.543
536.492
539.042
541.197
544.932
541.164
543.050
544.486
544.776
541.917
536.873
538.162
540.771
542.368
543.276
540.558
538.475
536.855
535.580
535.994
541.322
542.883
543.758
548.012
544.811
536.207
539.795
540.836
537.284
539.389
537.449
541.267
543.554
536.436
534.458
534.132
528.409
534.083
535.604
535.260
538.614
539.393
537.161
536.243
537.127
532.032
529.093
529.468
533.324
532.239
529.456
529.162
528.164
525.915
528.367
526.126
522.733
526.784
529.909
530.108
533.316
537.275
539.132
545.101
544.313
549.472
545.032
543.160
539.714
538.302
536.109
543.164
541.380
536.408
536.887
539.669
540.650
536.139
536.396
535.699
541.299
537.586
533.608
536.154
535.679
536.044
539.180
538.291
533.855
535.422
533.106
528.404
534.758
530.061
528.458
527.384
530.404
533.791
531.695
535.400
526.103
529.843
526.485
535.744
533.384
533.001
533.246
537.831
533.133
530.756
529.196
534.394
529.407
529.645
529.223
530.710
529.897
530.956
532.990
538.259
535.567
531.409
534.439
531.478
534.247
533.180
530.993
531.246
531.983
533.904
535.768
542.134
542.210
542.939
539.689
542.831
542.132
540.463
537.613
542.082
544.269
539.640
541.149
539.483
540.200
537.844
529.543
534.878
537.019
539.611
541.512
537.521
534.874
536.097
537.298
537.682
538.489
533.833
533.170
534.510
533.279
540.605
536.180
537.475
536.498
542.139
537.157
537.937
539.236
536.492
542.905
538.524
537.869
537.204
530.438
536.051
538.826
533.363
538.846
540.008
534.702
537.129
535.798
527.557
526.690
529.667
527.469
527.976
531.666
532.293
531.007
531.169
533.996
537.694
535.435
534.736
529.319
533.794
538.936
536.178
538.168
535.147
534.105
532.812
535.407
536.181
540.990
540.865
540.440
541.158
543.969
540.428
542.050
542.683
536.789
535.181
535.756
540.678
538.641
539.891
540.834
537.791
541.434
540.873
536.974
542.683
540.123
540.392
531.250
543.152
542.667
543.367
540.301
545.601
539.638
539.503
539.191
542.504
537.472
536.032
533.381
541.272
539.360
544.226
547.276
549.544
547.537
544.478
543.040
542.506
538.693
537.408
533.291
541.057
541.197
544.911
544.407
548.305
551.262
553.223
549.964
547.039
545.355
548.382
547.475
545.374
545.601
544.136
545.213
544.553
546.714
550.201
544.833
546.870
547.173
551.505
550.143
546.294
546.903
546.320
545.546
545.974
542.289
544.963
538.828
538.071
538.342
542.212
543.598
541.345
535.697
530.415
535.860
537.882
535.409
534.149
529.492
527.534
532.114
527.746
531.866
532.974
532.350
536.776
534.453
533.651
535.533
535.346
529.563
535.185
534.616
537.677
541.645
538.637
535.660
534.966
539.350
532.760
527.187
526.694
521.525
527.439
522.457
523.181
526.997
525.446
526.283
526.744
527.208
526.475
528.782
528.855
532.708
533.550
531.244
531.323
535.256
531.687
533.335
532.285
535.343
533.333
533.423
532.212
530.114
529.296
532.610
532.932
537.466
537.594
538.078
541.068
533.456
535.017
533.853
534.015
530.397
537.742
534.085
533.119
530.367
535.335
536.170
538.551
537.186
539.484
543.520
538.713
541.780
537.353
530.316
535.365
534.760
535.754
534.625
536.957
535.417
535.301
540.884
544.737
537.575
535.521
539.966
538.375
537.949
542.151
540.153
539.623
535.830
543.902
542.114
543.845
536.287
534.417
530.461
531.293
534.088
531.215
534.793
537.534
540.561
539.441
539.435
537.290
536.954
536.191
532.424
530.723
532.965
537.577
540.522
537.925
544.348
544.925
546.468
537.589
541.893
542.658
544.085
539.117
532.197
532.816
534.610
533.928
542.785
544.978
540.607
544.962
544.419
534.306
539.855
543.191
537.361
544.098
542.057
534.094
536.461
535.474
534.744
539.881
541.188
541.390
538.896
542.100
547.487
544.890
541.064
536.967
540.107
539.820
538.957
539.773
539.960
543.904
542.647
541.255
544.025
540.473
538.293
533.816
535.390
538.740
541.545
541.028
539.956
539.662
536.568
537.702
535.844
535.896
540.265
538.901
542.735
543.844
540.527
537.158
538.863
536.179
533.462
531.352
533.726
533.760
538.227
535.082
528.877
532.698
532.155
540.990
538.029
536.067
535.325
528.117
535.801
528.700
530.859
531.963
532.485
529.663
531.448
526.731
531.584
532.520
532.902
532.697
541.202
540.844
537.643
537.766
541.254
543.535
547.584
545.294
544.117
549.619
548.075
546.193
540.459
548.360
539.967
542.780
543.194
542.367
536.952
536.787
534.936
543.271
543.805
546.498
542.936
541.388
539.355
537.997
542.996
543.173
537.882
539.245
540.118
544.370
541.571
542.874
538.175
546.104
545.163
545.217
544.311
546.291
548.357
540.209
541.104
541.904
538.234
534.831
540.235
541.802
538.564
540.453
535.700
537.607
541.641
542.392
541.334
542.102
544.153
540.507
543.287
540.239
534.306
532.756
530.423
534.221
528.790
526.739
523.418
524.568
528.224
525.781
528.428
532.875
534.202
534.249
529.990
532.969
538.247
535.304
539.361
541.880
543.457
538.384
544.673
551.345
555.685
549.236
546.356
548.762
548.568
545.211
544.261
543.263
544.580
547.415
547.389
541.038
546.047
547.601
547.468
551.549
551.787
554.657
546.556
550.899
548.625
551.940
554.097
552.615
548.918
554.442
557.542
557.435
559.231
555.232
554.509
551.443
549.812
546.733
545.276
548.141
545.112
542.959
544.769
548.722
549.171
548.221
548.207
551.781
549.742
549.883
548.177
544.966
537.508
542.898
540.701
535.584
536.592
528.866
537.745
543.885
543.759
540.924
541.830
541.701
539.512
544.464
546.084
547.907
550.465
550.809
548.125
549.273
549.418
547.158
545.550
541.813
548.197
551.539
547.482
549.627
555.406
556.832
551.748
542.681
545.139
540.937
548.697
549.504
548.748
550.014
552.898
549.635
549.917
545.510
544.473
541.872
541.009
545.729
546.709
546.889
543.732
541.667
542.348
543.366
540.834
544.082
540.996
544.958
546.209
547.055
548.836
550.388
552.429
551.358
550.647
552.036
555.915
554.140
548.346
548.864
548.427
548.176
543.442
541.825
551.369
550.152
551.521
553.262
550.400
546.309
546.178
544.226
548.959
547.632
549.307
550.891
550.051
544.687
547.178
548.722
550.731
549.344
548.349
551.255
551.189
549.606
546.434
546.684
544.007
546.585
542.743
545.029
542.990
539.828
540.332
539.590
545.706
548.310
541.336
538.998
543.373
543.868
552.201
556.287
555.006
548.154
549.058
548.772
552.728
550.553
548.049
545.689
547.391
551.600
551.141
548.582
552.774
551.795
544.792
542.066
540.384
539.173
536.442
537.550
535.199
540.220
542.237
539.225
539.121
539.861
544.357
544.747
543.107
546.832
546.888
543.444
543.118
541.141
538.495
538.697
534.007
531.814
534.430
534.976
533.381
540.324
541.291
542.814
544.323
544.473
546.708
541.419
536.990
536.172
535.723
540.007
540.483
548.101
547.196
538.315
543.126
541.602
539.825
544.822
548.338
547.964
550.580
549.954
547.016
543.638
545.961
546.175
545.239
545.327
543.826
547.743
550.425
550.876
548.911
544.990
556.866
550.681
554.967
555.160
559.981
557.035
553.743
552.134
555.747
552.884
555.154
552.117
550.494
554.136
548.263
545.712
549.494
548.610
552.490
551.117
549.985
549.129
546.888
548.897
546.156
548.466
548.525
550.739
550.153
547.570
550.176
550.241
548.355
548.453
548.198
547.474
548.977
548.742
551.228
551.502
546.989
544.721
547.648
546.449
544.386
544.622
540.366
543.470
544.162
540.979
544.137
545.830
541.164
544.229
539.723
541.460
541.598
541.126
536.763
532.837
540.181
540.172
531.487
535.955
534.628
529.814
537.950
540.437
540.436
544.397
543.843
543.235
540.029
537.457
538.711
542.873
538.475
542.777
542.374
541.172
542.705
542.489
539.899
539.730
534.883
540.298
541.566
544.931
544.189
543.123
544.208
545.462
547.078
542.776
538.972
541.022
544.252
543.297
541.659
535.064
539.282
543.409
543.426
547.610
548.742
545.970
542.623
549.160
547.405
547.984
546.977
546.865
545.665
540.423
550.688
551.015
548.914
550.237
545.498
545.878
538.803
543.721
544.944
544.793
550.074
551.182
548.057
549.230
550.794
553.563
551.867
546.842
547.807
541.389
540.838
543.064
544.386
545.800
540.805
536.460
536.859
543.985
542.197
540.393
533.757
535.256
532.591
535.119
532.091
535.230
535.790
538.517
539.524
535.980
533.424
531.076
536.752
544.016
541.568
544.506
544.180
538.300
541.111
547.440
545.959
540.563
543.880
545.081
546.164
545.122
545.673
541.745
545.674
539.069
540.262
544.132
538.842
538.315
531.933
530.903
528.264
528.509
536.636
538.607
538.744
542.118
538.178
537.546
539.951
539.706
537.364
534.873
537.489
540.900
542.821
540.594
542.441
542.943
537.905
539.039
537.991
533.899
537.213
534.049
538.408
537.005
529.790
530.449
530.777
530.200
533.389
533.958
537.910
537.888
539.960
539.418
545.483
539.936
548.341
546.939
547.029
546.704
541.034
547.896
550.637
550.723
550.044
551.871
554.567
554.707
552.023
557.708
555.045
555.379
557.669
555.185
551.396
551.478
548.201
542.847
542.959
547.968
548.340
546.059
542.372
543.727
539.192
540.965
540.043
541.767
549.514
549.264
542.139
542.681
535.625
533.822
539.634
539.421
540.308
542.012
544.850
548.107
543.281
539.193
538.807
539.133
538.965
539.611
536.948
538.954
538.790
540.424
536.503
539.067
541.547
542.420
540.910
542.875
543.815
542.900
549.530
547.427
550.762
549.504
549.173
545.064
547.497
544.265
544.018
546.229
548.899
542.115
546.966
548.128
544.990
545.255
545.471
548.411
549.413
544.160
549.901
553.344
551.744
551.041
550.882
550.286
549.962
556.734
550.940
554.906
556.295
553.638
555.486
552.692
551.689
554.926
553.173
549.070
557.276
549.512
547.537
545.162
538.016
538.036
538.128
537.752
537.956
541.321
540.238
541.427
541.303
541.163
542.658
543.154
540.516
542.996
540.676
538.197
540.280
538.627
536.793
541.529
542.825
537.760
548.386
541.863
541.716
544.943
543.567
542.360
541.755
541.948
539.317
540.233
540.553
536.740
536.270
537.015
534.649
538.675
543.842
539.817
541.848
545.084
542.375
533.901
536.824
535.568
535.781
532.470
532.342
542.911
542.461
544.818
543.176
548.798
548.401
548.922
549.235
549.651
549.604
547.320
541.833
539.323
541.875
541.788
541.949
539.018
542.175
541.216
540.072
543.908
548.201
549.611
543.351
545.085
545.049
540.092
536.424
540.869
540.811
541.220
538.952
537.095
538.833
542.185
536.037
533.897
534.954
535.582
531.474
533.819
534.127
536.006
534.471
529.210
533.401
537.239
542.409
539.586
537.086
532.767
534.966
537.219
540.200
537.376
543.859
541.376
541.875
541.139
542.333
539.559
535.694
536.005
536.482
538.496
532.999
535.037
538.334
537.132
540.956
538.503
534.601
537.314
541.852
542.702
544.004
540.339
541.241
533.705
538.863
535.370
538.268
535.447
535.977
539.180
537.692
542.823
550.218
546.524
546.219
548.739
546.366
544.011
543.900
545.932
544.961
542.207
542.246
543.647
540.554
547.596
547.410
546.027
547.055
544.209
539.979
540.642
543.101
545.031
545.569
545.929
542.501
547.291
542.994
545.136
543.538
538.830
546.747
538.917
535.868
539.209
541.692
540.883
539.201
540.373
539.719
540.167
541.741
542.418
541.751
535.538
536.747
540.177
540.708
540.370
544.015
545.420
544.341
539.093
541.791
544.311
539.185
534.337
537.893
542.851
546.139
542.285
544.129
544.556
547.505
552.808
550.766
552.570
544.131
543.316
541.854
539.651
543.554
543.655
542.212
546.565
541.942
543.109
544.020
542.083
541.892
546.951
546.606
548.215
549.397
546.840
546.084
546.155
542.682
538.643
547.484
545.192
544.387
546.204
538.187
542.580
545.612
545.050
540.280
535.096
533.825
532.357
530.257
529.050
529.284
530.674
530.086
533.507
531.133
530.162
529.282
528.090
527.533
530.205
528.367
533.568
534.037
532.436
526.106
524.614
531.300
531.314
526.155
528.797
529.299
530.605
530.273
530.166
535.070
530.087
536.500
537.580
537.593
532.830
530.730
521.482
526.391
526.033
533.754
529.086
532.357
534.582
530.558
537.992
540.392
539.568
546.732
542.016
543.720
543.522
535.866
539.922
536.922
542.752
536.712
540.720
543.718
538.319
539.394
531.596
541.036
539.019
536.139
534.262
534.038
533.153
529.978
531.884
534.672
532.129
531.561
530.926
532.576
537.239
535.687
540.998
538.594
537.204
540.971
538.080
537.362
536.069
535.581
542.624
541.495
540.840
545.056
547.926
544.605
541.847
541.198
542.985
544.364
543.579
540.686
538.883
545.472
545.584
545.223
552.409
549.969
554.057
549.171
546.770
544.453
548.369
551.611
553.511
554.447
549.123
547.090
545.945
541.991
536.110
540.439
542.862
540.456
544.568
546.515
550.101
548.291
551.413
548.706
543.332
543.692
544.668
548.072
543.581
543.151
546.283
539.441
539.690
544.376
544.872
543.120
545.347
544.620
541.775
544.536
537.706
539.625
537.494
535.081
538.255
537.350
534.935
536.128
539.158
535.290
533.033
529.635
529.186
530.909
534.872
533.289
534.071
535.564
534.059
536.157
531.060
529.321
528.966
531.151
530.256
534.579
539.819
540.772
540.103
536.007
539.744
534.838
535.131
537.300
534.066
543.680
536.028
536.255
537.877
536.713
535.056
534.711
537.826
539.742
540.740
541.066
542.666
543.434
542.994
536.865
540.169
543.191
543.172
542.648
545.760
550.161
553.840
551.536
556.318
549.998
547.170
547.540
549.919
547.724
549.883
547.691
549.076
552.948
553.974
551.148
554.599
558.880
558.257
558.668
559.600
563.594
559.509
555.319
560.068
555.507
554.442
553.062
552.111
552.434
550.686
548.647
550.642
543.276
541.858
542.257
547.888
547.084
545.635
543.111
542.125
543.499
546.877
549.682
546.177
548.187
550.442
554.681
559.787
555.274
554.727
549.146
554.403
548.805
544.892
543.291
542.649
544.489
543.197
541.517
543.394
542.045
539.593
546.833
547.813
549.769
545.273
548.672
547.830
546.818
543.069
544.536
541.048
544.250
545.283
544.771
539.037
540.773
535.302
539.219
541.168
537.786
541.349
544.451
542.088
539.475
535.897
535.962
541.408
539.092
535.178
537.941
542.293
543.529
540.572
538.862
539.449
539.370
539.523
543.535
541.232
540.746
540.838
544.168
547.255
544.537
545.965
547.095
545.185
548.901
548.846
546.828
554.694
550.065
547.221
544.472
542.282
540.080
542.416
544.102
544.274
545.073
548.784
544.385
546.119
540.934
544.128
544.386
539.996
541.470
540.590
548.352
545.559
540.157
545.921
547.828
547.943
549.711
548.362
551.114
545.307
543.097
539.434
540.048
540.475
539.700
535.917
536.196
539.620
535.018
534.515
540.015
541.120
544.024
538.573
543.906
538.574
539.775
537.785
535.265
541.601
541.032
542.247
541.832
549.077
548.440
545.279
544.201
541.839
544.289
542.854
543.590
542.684
542.980
537.001
536.512
532.495
533.885
537.776
537.620
540.110
541.611
539.570
542.445
540.420
538.583
539.911
537.669
541.504
539.024
541.878
536.236
539.071
538.000
540.673
542.684
542.817
548.753
545.984
549.760
550.456
546.307
551.556
547.578
552.950
547.711
543.153
541.905
544.549
