511.588
515.436
517.416
519.903
522.606
519.725
521.938
525.229
521.876
521.791
526.608
522.423
523.378
522.484
524.492
522.089
527.512
531.431
533.635
537.173
531.263
530.975
522.044
523.986
524.082
526.180
525.756
524.541
524.446
524.233
527.716
530.842
533.191
532.487
529.920
526.279
526.130
528.028
527.397
525.144
523.312
527.140
531.239
529.360
529.328
526.340
528.959
528.621
526.744
527.337
524.721
524.039
523.890
519.964
521.843
519.664
524.555
523.584
524.745
517.378
515.076
517.601
519.059
515.548
518.161
518.446
519.104
520.964
525.195
522.983
519.835
522.127
521.059
521.389
519.056
526.205
518.816
523.587
528.262
523.415
519.745
518.239
518.395
520.270
521.507
519.106
517.704
516.357
513.265
512.336
519.369
519.977
517.577
520.068
519.759
522.133
520.451
522.919
527.724
525.180
525.981
526.699
528.128
524.682
518.571
516.656
521.353
523.223
521.225
523.632
518.416
519.482
521.719
533.105
524.954
524.354
528.142
522.927
525.347
523.851
523.429
523.985
525.705
525.657
525.163
522.542
523.755
520.553
518.856
519.859
517.515
520.396
528.282
527.466
521.264
522.376
520.413
519.946
519.201
519.252
521.148
520.412
521.295
520.585
520.914
522.677
523.693
520.336
519.799
516.397
516.068
517.061
509.893
509.358
510.556
516.608
515.100
516.479
514.845
511.735
513.523
510.166
514.588
510.891
513.944
511.781
512.944
510.540
512.386
515.585
517.131
513.651
515.938
521.068
514.722
518.018
518.989
519.198
522.006
521.037
516.450
518.833
515.715
517.449
517.173
519.272
517.713
524.564
524.056
517.624
517.622
515.138
513.681
514.430
517.692
518.772
520.912
517.104
518.372
515.003
514.852
515.103
517.695
517.047
510.208
511.543
510.911
513.634
515.061
511.948
509.622
511.473
510.426
513.429
514.814
516.011
514.656
512.936
516.305
518.853
518.092
516.252
518.893
517.798
516.486
521.569
518.138
516.140
516.990
515.797
517.900
525.132
522.717
521.780
519.279
518.499
520.573
523.695
524.403
519.629
519.925
521.052
517.809
519.569
516.410
522.121
521.984
522.894
523.247
515.373
521.460
525.079
524.299
526.899
522.446
521.128
522.191
520.524
520.014
519.395
518.564
516.183
516.555
512.603
511.655
517.218
518.675
519.097
516.495
515.275
519.086
517.017
513.630
518.053
515.905
515.806
512.915
514.446
519.343
520.154
519.633
524.366
519.742
518.841
516.933
519.236
519.041
517.923
516.266
515.798
518.122
517.320
515.629
522.863
522.755
521.412
518.335
520.623
522.072
516.850
521.082
519.083
516.255
511.276
515.265
513.127
513.240
516.659
513.951
516.640
514.116
515.243
524.222
521.264
517.687
521.354
521.922
520.528
517.687
518.960
520.533
523.785
520.577
521.467
526.304
530.607
527.523
523.526
525.916
523.757
526.437
527.896
525.511
526.523
527.357
528.667
527.326
527.320
522.347
524.667
523.690
523.199
524.625
525.786
524.896
526.277
525.845
527.598
528.313
526.965
523.569
522.735
529.836
531.038
529.562
526.016
531.677
532.566
530.578
534.975
528.132
529.779
530.506
527.762
526.416
528.680
534.980
530.738
531.011
535.370
530.366
532.481
532.281
529.267
526.975
531.534
533.285
534.952
532.365
533.388
532.902
533.828
532.791
532.452
527.710
519.867
523.176
522.606
522.549
523.241
524.631
527.344
527.497
523.891
519.983
521.750
522.880
522.134
523.441
529.173
525.289
530.424
528.699
526.910
530.953
535.882
529.449
532.754
534.830
534.481
531.744
529.910
530.523
531.475
526.594
525.733
527.586
524.782
524.240
522.261
522.534
531.241
526.931
529.650
528.075
525.574
524.696
521.572
521.047
525.071
530.440
525.118
526.240
521.700
525.484
525.665
534.113
528.518
529.264
526.457
525.585
529.309
533.178
531.823
525.603
527.820
530.404
530.192
530.235
528.316
529.380
525.328
525.534
524.020
530.330
529.650
527.657
528.348
524.753
532.001
532.537
528.847
532.775
534.526
534.935
532.328
535.976
535.039
534.448
535.077
530.361
533.630
534.263
528.767
525.088
523.417
521.811
518.384
519.601
517.495
525.316
522.716
519.253
520.615
521.207
522.169
522.168
522.699
513.237
514.846
516.322
517.305
518.202
520.197
512.992
514.378
518.013
515.681
515.123
517.170
514.065
514.259
515.623
517.210
517.363
521.310
517.769
519.346
519.644
521.567
529.641
529.322
524.677
520.927
520.502
517.937
512.317
514.625
518.844
520.577
519.596
518.385
519.935
520.448
526.273
524.539
523.337
522.532
522.692
523.105
527.071
526.957
520.597
521.064
520.073
520.565
520.016
518.814
522.293
521.722
517.884
517.135
515.235
514.790
516.449
518.153
518.034
518.441
526.054
516.543
520.176
514.539
517.951
516.091
516.468
519.188
517.990
522.575
521.619
517.929
522.236
521.423
520.407
521.809
518.926
518.922
521.186
515.327
520.928
518.540
521.383
524.991
525.281
520.497
523.009
523.704
522.382
521.615
522.000
522.713
523.340
525.809
529.202
529.214
526.938
523.112
522.601
519.796
520.255
515.200
515.328
515.948
516.273
516.813
522.884
522.134
527.281
522.727
518.311
517.765
517.820
512.642
516.917
519.643
519.591
522.128
521.949
523.605
518.220
519.156
521.201
523.027
520.482
523.168
523.757
524.047
520.438
521.434
522.064
523.868
520.453
525.625
531.274
524.750
525.388
524.833
521.518
522.717
523.018
523.036
521.641
523.595
520.074
523.651
520.816
521.697
524.779
524.460
522.982
529.195
528.326
522.643
524.075
522.354
520.657
527.269
526.921
524.604
523.259
524.009
523.174
520.053
515.772
522.203
520.328
514.193
513.810
513.827
511.686
512.645
512.658
512.633
505.803
509.044
508.364
508.047
512.633
510.251
506.108
506.936
507.382
511.560
512.879
516.822
518.736
521.868
518.144
517.095
512.675
514.222
514.342
520.330
516.922
518.878
521.547
520.090
521.483
520.289
517.271
515.838
517.859
517.453
520.909
518.698
518.394
523.375
519.009
518.177
517.473
518.551
521.321
520.746
520.890
515.830
517.197
517.345
520.755
518.791
520.441
518.588
520.403
514.987
521.740
517.099
513.591
513.070
513.859
513.084
510.040
513.475
513.182
510.423
512.283
513.005
514.055
511.146
518.911
515.668
514.300
514.971
519.108
510.987
517.581
516.548
518.452
520.720
519.229
516.504
517.831
520.475
511.794
516.059
514.075
518.703
513.288
512.796
516.112
515.629
518.435
516.108
517.743
514.264
513.990
510.861
512.539
512.305
515.701
515.951
513.674
512.470
517.138
512.391
513.333
513.171
518.125
519.240
522.993
522.507
514.287
514.218
513.891
515.970
516.885
512.759
513.985
514.433
519.893
523.392
521.205
515.348
515.903
513.613
514.029
511.511
512.779
513.355
513.222
514.354
514.374
512.241
512.923
513.295
517.289
516.261
514.963
513.537
516.787
517.537
516.510
512.128
514.235
515.169
514.889
515.596
515.970
515.062
516.167
517.890
520.593
517.169
516.436
515.582
511.355
511.606
511.744
510.589
514.817
516.120
513.135
511.257
512.829
516.497
514.570
513.107
511.906
514.992
518.067
519.615
514.347
512.938
517.052
513.314
507.628
509.667
509.474
513.687
507.039
509.089
513.922
507.328
510.537
507.476
513.459
510.217
512.448
515.851
511.271
514.423
516.801
517.982
522.339
520.539
524.705
523.547
523.081
520.596
520.877
519.586
517.732
523.130
521.479
520.099
516.628
517.263
521.228
513.889
514.499
518.828
513.137
519.489
518.521
518.059
515.130
514.007
511.592
514.789
514.881
516.704
514.770
518.672
513.506
515.028
517.971
515.418
518.006
512.470
513.724
509.603
511.285
513.672
513.405
513.085
511.607
514.457
513.453
507.434
508.010
508.761
505.996
507.363
510.063
511.320
511.120
509.324
507.906
512.801
516.175
511.489
509.007
508.209
506.932
508.905
507.595
507.174
506.424
507.187
505.812
507.643
507.608
509.284
508.394
509.422
510.690
510.957
505.793
504.257
505.558
510.868
509.487
508.995
503.815
503.657
503.309
505.440
502.607
501.656
504.070
506.979
510.172
510.305
512.815
509.520
507.580
507.413
507.562
504.622
506.040
504.826
505.731
502.847
508.228
501.286
500.201
499.135
501.719
505.121
503.633
502.813
503.672
502.603
505.486
506.355
505.228
501.892
506.960
504.565
498.755
502.732
504.553
504.060
503.637
507.591
510.126
506.845
508.827
505.132
504.630
507.277
505.158
505.969
511.030
508.967
509.852
508.750
513.551
510.008
507.616
507.547
508.148
507.389
515.089
513.033
509.216
507.384
512.152
510.158
508.590
507.284
501.983
505.218
507.107
506.719
505.253
506.090
508.285
506.878
509.791
506.858
502.065
503.409
503.952
505.337
505.313
501.791
501.833
503.582
506.425
503.855
505.528
502.567
502.128
506.761
511.048
512.394
509.527
510.474
508.173
505.996
510.355
509.749
505.607
507.061
505.645
500.997
506.456
504.974
506.550
503.287
501.055
502.486
505.658
505.756
503.607
498.987
494.161
497.980
498.960
498.268
503.222
499.741
501.323
503.298
502.437
499.219
499.046
497.927
494.619
497.041
495.547
495.300
498.556
500.294
501.137
505.222
506.136
501.654
503.236
501.129
500.336
499.216
495.712
497.641
500.896
499.684
500.870
503.926
503.179
501.786
504.485
499.665
500.669
498.335
496.569
501.297
498.400
497.790
499.132
497.107
495.127
502.035
503.062
505.557
506.305
506.915
505.135
506.627
500.425
502.360
504.814
509.145
510.906
508.221
511.925
512.666
514.054
515.490
514.804
517.745
513.195
516.893
518.433
517.332
522.064
516.570
518.184
522.340
521.110
516.949
515.966
520.133
521.510
518.951
523.140
520.893
516.319
519.318
520.739
521.259
519.895
515.995
519.905
520.066
517.275
516.563
519.679
518.708
520.867
518.367
515.420
516.039
512.804
513.735
512.403
509.456
509.655
512.527
513.218
513.147
514.546
508.380
512.790
512.451
511.833
512.208
510.750
513.599
512.692
510.965
513.057
507.506
513.813
517.205
509.234
508.904
510.326
512.782
515.052
515.916
514.564
511.623
512.486
516.236
512.324
510.911
510.884
511.779
508.633
508.947
512.166
506.355
506.648
503.841
510.169
512.648
510.170
511.731
507.278
514.481
514.765
515.573
507.437
507.830
515.940
513.094
514.857
515.958
515.338
518.369
515.102
514.713
514.619
513.559
511.391
512.144
512.306
506.366
512.774
513.420
509.360
507.019
508.658
502.778
509.042
512.196
509.438
508.753
504.333
504.801
504.672
500.808
503.271
508.219
506.195
510.811
513.023
512.036
508.663
510.211
510.222
512.544
512.703
512.552
514.841
509.844
516.453
517.390
521.146
516.190
520.945
514.382
513.956
516.701
512.685
510.065
506.992
503.370
501.494
500.591
505.249
506.931
509.109
513.814
513.071
510.772
514.251
514.426
512.353
514.619
518.691
513.140
517.068
516.581
514.000
515.109
510.275
513.918
518.403
515.717
512.326
513.007
514.480
514.150
514.660
513.552
513.162
512.828
511.293
515.830
519.203
523.210
522.475
520.081
517.525
516.008
516.976
520.207
520.105
515.558
516.090
515.171
518.177
511.265
511.251
515.516
515.657
515.585
512.006
514.330
514.414
510.622
507.953
508.123
510.843
508.433
509.687
511.884
514.550
516.349
516.247
515.783
512.202
515.452
513.127
510.420
512.548
514.135
511.453
511.430
511.279
510.331
515.074
515.276
514.588
514.716
519.773
517.773
519.521
517.821
518.834
521.668
517.403
518.934
513.186
514.454
509.066
508.331
509.156
511.892
514.644
511.325
514.246
516.731
512.053
515.065
512.949
514.421
516.517
517.317
516.900
519.336
517.847
520.074
520.082
516.899
520.651
516.593
517.771
519.606
521.619
514.121
511.240
513.826
511.695
512.325
515.415
510.108
513.999
513.109
509.450
510.155
512.556
518.211
517.977
520.334
520.368
517.477
515.732
514.564
510.935
508.789
511.269
510.750
509.019
509.993
513.202
513.904
510.724
510.333
509.192
512.483
512.656
516.110
517.793
511.885
507.931
511.185
512.546
511.294
508.976
509.149
511.798
514.052
516.719
511.916
513.336
512.632
510.809
509.865
505.173
501.974
505.155
502.445
505.984
505.489
505.577
503.484
501.386
503.916
504.961
505.653
506.362
509.781
510.948
514.996
510.173
512.850
512.803
511.193
505.657
507.925
510.236
512.330
513.068
509.921
509.109
512.404
512.319
510.150
509.462
514.047
513.628
510.135
511.164
508.286
510.282
507.866
506.548
508.247
508.478
507.025
505.966
504.381
505.776
510.043
505.761
505.006
509.107
512.889
514.742
510.768
512.832
512.797
511.036
508.644
508.777
513.938
512.733
513.537
510.250
510.628
514.233
511.625
510.773
511.036
511.312
508.785
507.828
506.267
503.496
504.766
502.723
503.660
509.663
509.647
508.429
506.665
505.637
504.100
505.647
501.927
504.197
502.855
506.900
508.218
504.661
508.197
501.326
508.150
503.834
502.064
504.018
507.237
510.769
511.052
512.026
513.946
517.629
512.274
504.921
510.171
507.682
515.941
513.618
515.854
513.671
511.564
511.462
508.945
510.910
511.045
511.826
512.500
508.561
508.179
513.287
510.728
513.549
509.500
507.541
508.851
511.087
513.704
507.350
507.324
504.665
509.434
512.093
504.651
504.556
505.878
506.140
501.283
505.163
505.151
503.227
496.230
495.751
499.659
500.266
497.346
498.343
502.745
500.776
502.997
501.254
499.935
500.321
501.386
498.810
501.050
503.582
502.285
502.478
501.630
502.628
497.916
499.301
500.480
501.864
501.115
498.087
492.588
493.079
502.564
497.016
493.026
493.153
490.475
492.040
492.885
497.861
496.073
492.895
493.011
493.550
494.459
491.058
494.214
493.325
491.432
491.298
498.614
496.040
495.346
498.028
496.172
503.860
499.831
500.916
501.916
497.124
497.598
503.543
497.811
503.416
501.609
499.887
503.112
501.650
503.915
501.537
503.386
502.599
504.562
503.014
507.215
506.887
509.718
509.369
506.193
506.737
506.050
508.937
512.067
513.364
507.160
509.877
506.955
508.271
507.899
503.862
506.222
506.300
508.551
504.479
502.333
504.078
503.963
504.358
503.004
505.644
507.524
507.922
508.626
508.544
511.138
508.180
511.443
512.319
511.065
507.774
507.051
511.376
504.906
512.637
509.203
513.373
509.844
513.030
513.803
510.902
512.713
508.669
511.612
512.717
510.265
509.935
513.187
511.102
508.766
507.529
512.210
516.066
512.688
510.475
509.958
512.421
511.237
513.171
511.607
512.838
508.137
510.372
505.876
507.877
508.068
510.075
510.977
510.249
509.120
508.825
519.252
514.567
510.376
506.443
509.974
511.171
511.541
508.805
510.051
509.928
510.550
505.582
507.448
509.615
512.600
511.612
508.898
511.607
508.392
506.938
512.258
510.390
510.253
509.153
511.199
510.011
516.326
514.384
510.467
512.192
512.384
507.979
511.181
511.172
513.424
511.596
509.060
507.334
512.014
513.606
516.475
513.798
512.729
513.610
515.285
516.851
515.948
519.897
518.563
511.903
511.688
514.126
517.576
516.408
520.858
515.847
514.855
516.592
512.163
513.525
514.357
513.355
511.020
513.486
509.362
507.347
510.414
509.833
508.092
506.406
502.451
504.548
502.050
504.613
506.932
501.689
501.791
500.577
500.342
503.776
506.299
504.797
501.408
501.577
502.633
501.959
504.026
503.193
508.748
511.454
510.239
510.772
506.301
507.576
508.546
509.884
510.867
506.766
505.193
505.946
506.087
506.747
504.960
504.583
509.878
510.448
507.955
511.654
512.190
508.374
506.291
502.820
507.915
509.898
506.641
509.850
511.067
509.430
514.211
516.834
518.496
514.541
509.484
516.554
514.801
517.346
518.668
510.700
508.798
509.965
520.459
515.878
513.748
513.919
510.388
508.355
508.634
505.625
507.327
510.824
514.678
515.370
514.295
515.633
512.144
513.355
513.849
511.619
510.310
512.244
511.263
514.688
514.947
516.844
519.031
517.762
514.163
509.801
512.212
513.186
515.960
514.951
516.294
510.793
514.390
512.565
510.952
509.818
512.143
510.950
516.177
520.781
516.747
515.001
515.379
516.327
515.210
512.863
514.846
510.226
504.506
504.761
507.770
514.353
508.041
511.126
514.044
512.741
512.553
512.547
509.922
510.788
512.199
512.276
509.773
515.527
514.005
519.697
517.098
516.567
513.009
517.691
517.145
513.596
514.918
513.695
517.410
514.681
517.085
516.125
515.517
516.084
517.030
512.232
511.303
515.554
518.159
517.341
511.283
514.373
514.921
517.036
517.967
513.167
511.641
514.612
513.066
511.215
509.453
511.546
510.023
511.772
513.173
513.114
511.121
509.605
507.422
507.138
507.382
509.682
513.345
512.621
513.683
508.382
506.637
510.729
508.197
512.812
513.172
511.132
507.771
508.187
512.997
509.051
509.638
506.831
509.918
510.743
510.220
512.405
509.426
507.973
506.668
506.390
501.804
497.832
499.252
501.101
498.737
501.145
505.784
501.064
502.790
504.439
502.309
505.642
505.241
505.659
507.279
506.235
503.039
506.470
508.000
503.502
505.394
508.076
504.469
503.830
505.257
500.215
504.632
504.413
506.870
510.403
510.071
511.587
505.604
501.734
506.709
509.031
511.809
509.816
504.384
507.039
506.084
505.135
506.010
506.563
501.602
505.728
507.845
504.364
503.844
501.283
501.791
501.016
504.826
501.881
507.497
504.864
504.141
502.070
506.630
506.043
509.535
512.689
508.461
511.960
513.886
511.738
517.672
517.387
514.329
515.557
509.324
514.631
515.429
513.280
513.961
516.189
513.899
513.058
511.567
512.361
514.926
512.039
512.317
518.514
510.330
511.641
509.185
510.850
508.067
508.831
507.218
507.884
512.199
510.319
510.929
511.629
513.313
509.486
511.598
509.679
505.476
507.508
507.441
510.339
506.558
504.117
495.349
498.900
494.610
502.499
502.000
504.070
505.208
507.272
508.554
506.096
505.595
507.096
506.549
509.111
512.561
510.938
511.658
514.610
513.873
513.902
510.632
508.890
510.927
511.268
509.049
510.066
511.867
515.713
511.941
512.403
506.908
508.629
507.044
506.652
507.711
509.696
507.724
506.674
507.379
502.863
503.465
506.492
507.195
508.898
509.674
509.972
510.577
508.210
513.259
511.191
509.438
512.500
512.073
513.794
514.174
516.089
514.516
515.435
515.206
517.680
521.635
522.251
515.683
518.761
517.868
517.995
515.369
515.170
512.564
519.497
518.052
519.127
520.869
513.345
513.989
517.660
518.513
515.095
517.872
517.006
516.899
517.971
512.392
514.844
512.634
510.540
514.259
513.580
509.101
514.057
517.125
514.488
516.557
519.100
517.030
513.037
508.786
509.247
512.074
507.240
509.815
509.617
509.420
516.053
508.011
507.226
507.926
508.713
511.211
512.637
516.292
511.865
510.349
508.388
510.851
508.565
508.293
511.068
516.420
516.024
513.484
515.410
516.304
512.202
519.423
513.011
512.911
515.987
519.377
515.922
518.667
523.088
527.870
521.000
519.790
523.053
523.471
522.335
525.739
522.327
526.147
528.294
530.932
527.526
531.517
529.575
529.198
532.609
532.531
529.112
530.806
525.944
529.252
527.228
524.867
527.044
526.898
525.577
521.231
524.515
521.189
515.213
518.998
517.248
515.254
514.320
512.826
513.461
519.237
513.516
510.953
510.370
515.097
513.612
511.365
509.992
515.330
512.566
513.588
514.178
515.524
507.023
515.263
515.053
516.983
513.789
512.334
518.594
515.636
518.782
515.663
517.075
522.943
515.470
514.991
511.812
515.336
513.276
510.818
514.221
511.284
512.829
515.041
513.066
508.719
506.082
510.923
511.573
511.605
508.769
512.773
513.221
509.651
510.445
508.362
511.213
512.595
507.607
506.702
512.521
511.322
509.215
512.415
506.491
509.372
514.569
507.244
510.691
515.998
511.773
514.402
517.117
513.498
514.187
517.915
516.211
521.191
520.455
526.482
526.015
523.076
526.924
522.664
521.076
520.070
517.123
520.088
517.800
516.396
516.145
520.234
516.839
517.595
519.668
521.498
515.961
516.745
513.994
513.030
518.965
517.373
512.132
517.999
517.981
515.346
516.736
518.075
517.167
516.366
516.478
511.190
513.557
517.472
521.730
521.897
519.569
515.260
515.618
512.775
517.443
516.072
516.484
520.123
519.590
518.518
514.340
514.794
517.742
515.702
518.192
515.350
514.734
510.404
512.975
510.978
510.647
512.069
506.834
507.449
511.728
508.875
509.321
508.198
508.587
509.014
506.454
500.572
505.555
506.831
508.654
508.223
509.803
509.709
512.484
513.525
508.811
510.818
505.737
506.259
505.667
506.186
508.398
508.980
510.687
512.029
511.941
509.317
510.886
508.418
509.085
508.578
513.009
512.273
512.234
517.168
513.973
514.388
510.317
513.195
513.673
515.295
517.120
514.743
513.347
512.259
508.988
510.728
508.496
508.803
507.420
509.644
508.484
510.858
511.061
512.408
510.241
511.540
509.255
512.174
512.414
510.563
510.903
511.697
516.996
513.407
505.477
504.928
506.147
508.064
511.029
513.929
512.952
513.955
507.050
509.972
508.069
512.042
514.006
514.156
508.503
505.957
505.220
508.041
509.241
507.335
508.066
511.561
511.464
509.928
508.801
510.957
509.599
509.002
506.336
505.575
505.359
508.949
508.094
508.639
508.782
503.470
507.059
506.966
513.734
509.927
512.404
509.583
512.881
510.793
514.441
512.013
511.034
510.408
510.230
515.446
515.229
511.919
513.442
514.147
511.590
514.157
518.795
512.923
513.347
510.686
512.613
514.981
513.467
515.979
510.226
509.580
511.184
509.975
511.320
509.334
506.938
512.342
511.423
511.899
515.068
513.437
513.220
513.929
513.759
508.368
512.524
507.432
511.834
510.574
508.193
510.592
508.324
511.656
508.694
510.667
512.099
511.260
512.745
514.201
511.111
513.433
511.417
515.365
514.161
510.818
514.025
513.898
516.311
519.999
519.747
520.127
519.417
522.890
517.745
518.323
519.158
520.325
516.693
517.240
513.816
515.213
521.201
518.751
520.652
522.581
519.295
519.636
517.913
518.714
518.372
521.600
517.799
520.203
517.163
515.982
518.131
512.642
516.176
514.386
515.806
517.368
513.739
513.480
513.789
514.669
514.737
513.555
511.267
510.879
512.921
510.837
510.984
509.410
512.181
512.964
513.786
515.150
515.679
512.178
510.835
515.535
514.396
518.184
519.702
516.970
512.384
510.485
514.970
512.727
511.005
512.016
515.489
516.351
513.880
514.174
512.332
510.792
509.509
513.638
509.534
507.884
511.600
513.901
515.545
516.967
518.076
520.473
516.095
517.379
518.709
513.074
516.516
518.015
514.188
507.371
512.369
516.881
509.848
511.486
511.408
512.947
514.034
517.543
513.330
510.672
506.360
506.262
501.487
507.174
509.262
512.054
513.236
512.263
513.631
512.153
510.027
508.479
510.012
512.299
511.558
509.573
512.459
508.688
504.029
505.244
501.426
501.009
501.591
501.384
502.088
503.184
501.888
498.392
499.541
502.752
500.270
504.798
505.778
505.428
507.884
510.040
505.232
505.335
506.079
503.549
501.137
503.846
504.327
507.458
506.904
508.673
507.505
512.340
507.702
507.284
515.021
510.805
511.642
515.698
512.046
508.738
510.712
512.778
514.994
516.979
517.247
515.922
514.938
514.921
515.768
516.550
522.367
521.909
521.977
519.990
522.071
525.579
525.044
524.238
520.084
518.766
521.725
520.664
521.315
522.756
518.403
519.673
521.026
519.870
518.790
521.638
520.958
516.145
516.272
515.273
516.823
519.403
518.206
518.488
520.045
519.251
520.211
522.551
520.837
517.519
516.226
515.510
513.131
512.742
517.555
516.371
517.921
523.999
520.116
517.200
519.461
511.663
513.050
514.565
513.393
515.573
514.735
509.704
508.812
511.579
513.844
509.363
507.980
515.435
512.487
511.144
507.209
508.963
510.915
504.169
506.340
508.543
511.411
512.980
512.572
516.208
512.698
513.250
511.269
513.283
513.148
514.374
510.715
511.852
514.171
515.818
515.209
510.934
509.117
509.645
508.536
510.939
508.037
506.185
504.860
505.750
507.048
511.352
510.544
511.825
509.623
512.968
511.867
514.293
512.337
514.675
511.771
516.798
519.397
513.964
510.872
507.169
512.248
512.773
511.196
504.616
505.261
501.177
509.382
511.430
508.337
506.149
514.179
511.517
515.156
514.859
518.454
514.526
514.531
516.959
515.692
510.243
510.101
512.122
506.472
506.591
507.617
507.502
504.642
508.854
511.170
508.990
510.185
510.460
510.446
510.582
510.543
509.774
511.247
513.171
511.858
509.833
509.134
506.870
508.524
500.739
502.394
498.984
502.197
496.370
500.030
503.128
507.209
505.431
507.916
503.727
506.794
504.758
502.406
507.484
508.847
509.848
509.891
505.821
505.176
510.443
504.630
506.772
505.255
508.665
510.998
510.574
510.962
509.247
506.175
505.596
506.086
507.035
504.639
504.928
505.161
508.803
506.141
509.623
512.825
511.723
511.413
507.133
504.569
506.855
501.261
506.126
508.422
507.383
509.008
509.331
505.572
509.286
511.285
509.289
508.707
505.815
509.618
508.248
508.075
509.955
508.918
503.952
507.371
511.772
511.709
511.352
509.201
508.353
513.708
514.873
511.733
509.183
508.968
511.519
511.265
507.926
508.585
510.166
508.553
503.999
503.601
501.765
505.136
508.313
507.324
512.728
509.884
508.957
510.333
509.372
508.467
511.571
511.192
512.339
512.822
511.077
512.307
513.648
513.101
512.060
511.788
513.690
513.354
514.762
518.600
521.862
522.950
520.902
522.834
525.298
525.881
522.324
522.200
520.682
516.761
518.116
523.819
523.965
522.581
518.370
519.489
524.203
522.015
521.581
518.516
523.649
522.011
521.918
523.881
524.253
526.082
524.938
521.600
520.712
523.003
524.159
521.801
519.839
522.057
519.783
524.640
522.761
520.147
521.546
521.730
521.130
520.949
519.356
514.551
515.477
513.911
515.970
514.832
513.401
516.641
518.991
518.714
518.019
518.549
522.623
522.945
524.127
524.176
525.407
524.630
527.675
527.177
534.567
539.130
531.592
527.735
530.107
528.627
523.301
527.043
523.316
520.490
519.932
525.693
526.394
527.687
525.041
518.424
523.052
524.604
523.983
525.122
521.365
525.353
526.581
528.704
525.828
529.913
525.099
531.168
528.783
527.430
530.992
525.576
520.688
524.731
521.576
520.311
521.638
523.487
524.882
524.113
521.758
520.157
518.192
523.076
524.684
519.450
519.012
515.909
515.120
515.183
512.964
513.220
516.760
516.502
514.695
512.842
515.580
512.728
514.179
516.631
514.915
514.753
513.029
516.441
523.252
519.727
516.347
515.583
511.009
514.247
517.681
520.954
522.728
524.869
524.739
524.329
523.806
523.481
524.439
521.649
521.512
519.627
514.538
516.623
522.060
518.050
515.113
518.584
518.679
522.188
520.066
520.057
516.135
514.990
509.882
511.271
514.599
510.549
511.589
512.033
515.364
512.521
509.272
509.727
512.509
509.957
505.744
508.539
512.027
515.375
513.166
512.573
513.330
516.445
520.072
518.339
518.314
516.144
517.265
515.700
515.733
516.719
513.065
510.288
516.294
519.529
517.395
520.318
516.937
517.849
516.162
520.608
520.860
521.238
518.074
516.902
517.152
517.626
517.735
515.412
516.014
517.657
518.016
520.872
523.112
520.672
519.989
524.424
522.412
516.133
518.644
520.695
524.186
524.528
525.477
524.968
524.468
525.265
524.276
519.918
523.909
526.079
520.182
523.410
524.476
525.181
526.387
532.437
527.917
527.068
527.844
525.926
527.325
521.927
524.637
527.012
531.021
526.605
526.668
519.914
524.253
528.817
530.020
529.990
526.100
527.493
528.175
527.308
526.311
531.892
528.203
529.719
527.951
526.143
531.723
532.047
525.469
524.935
523.255
523.863
523.597
525.950
526.130
527.709
526.161
526.859
527.207
524.068
525.423
524.266
528.808
525.791
524.656
521.214
525.430
528.055
532.070
530.899
531.931
534.325
532.425
532.188
529.105
530.464
535.201
533.522
533.780
532.357
532.484
534.762
535.597
533.089
531.892
532.027
537.167
541.183
535.343
528.167
532.014
533.719
526.068
529.710
523.703
528.709
526.463
527.135
525.569
524.010
530.313
530.054
532.363
527.807
526.117
529.655
525.210
520.902
524.886
526.423
522.153
526.819
526.127
523.951
523.884
530.155
526.571
528.970
530.930
533.943
530.867
530.859
530.701
527.463
526.807
532.718
524.414
531.202
531.603
532.381
529.911
532.421
528.492
528.113
529.445
528.168
530.552
534.201
536.029
533.787
538.651
538.628
536.397
537.766
539.575
536.666
535.948
536.419
533.534
536.646
537.226
536.457
534.385
530.212
528.092
528.308
529.648
538.047
534.093
530.001
531.924
534.971
532.631
532.097
536.782
532.334
534.969
537.190
533.260
538.838
537.892
534.107
533.537
531.217
527.138
530.619
527.079
529.915
531.286
531.808
526.768
529.087
527.621
522.779
519.724
520.395
520.564
520.072
516.470
513.749
523.027
526.736
524.676
524.794
530.230
530.620
527.968
532.098
533.293
531.873
531.923
528.913
523.118
523.708
526.263
527.202
530.807
529.927
531.835
532.363
533.831
533.939
531.796
529.063
527.644
524.906
521.581
523.524
528.212
526.803
528.103
520.796
521.158
524.160
528.480
526.172
518.542
518.517
525.552
526.454
529.176
533.850
533.220
525.720
526.988
527.960
531.469
526.425
525.142
526.384
523.258
525.488
527.626
529.697
527.648
527.237
530.629
530.449
531.328
529.403
526.599
527.426
522.191
525.615
525.881
525.223
522.356
530.393
529.227
529.602
539.583
539.641
536.636
533.418
531.198
530.746
528.249
526.341
529.156
525.426
523.961
527.088
526.623
525.561
524.858
529.182
532.453
533.872
533.885
533.688
530.194
529.892
528.657
530.341
528.356
531.158
529.301
527.331
525.940
527.592
523.355
524.159
525.381
528.543
523.119
524.159
528.872
532.021
531.660
529.962
534.058
538.374
539.127
534.846
534.157
533.790
527.117
528.268
525.592
528.140
526.261
525.107
523.672
527.526
524.387
523.903
523.864
527.127
526.555
525.319
525.857
526.499
526.439
531.251
529.209
531.602
533.890
542.221
533.447
537.665
540.722
537.593
536.579
543.770
540.793
538.687
543.456
541.880
540.114
542.382
540.921
544.967
544.873
543.509
538.863
535.467
533.079
534.174
534.609
538.442
535.003
533.652
536.602
531.909
525.810
524.527
524.995
525.261
527.878
522.639
524.608
523.211
521.907
520.481
523.190
521.802
520.914
520.146
517.472
517.081
524.759
520.870
519.618
518.947
515.908
515.859
515.178
513.426
518.572
519.659
517.350
516.503
516.974
512.534
507.685
508.040
513.792
513.218
518.006
514.271
511.410
513.426
513.928
514.120
515.119
514.769
517.772
512.969
514.463
511.058
507.690
508.713
510.402
514.768
511.100
508.498
512.087
512.264
516.395
512.632
510.297
508.159
510.269
509.854
510.388
514.206
511.553
512.542
509.257
509.815
511.487
513.675
517.146
513.559
510.555
508.157
515.094
511.272
510.928
511.942
509.704
510.652
506.861
503.673
507.421
511.830
510.957
506.073
509.266
509.215
509.718
515.430
513.568
510.023
509.713
506.678
504.904
502.203
507.792
509.091
501.406
500.498
499.880
502.012
496.833
503.248
499.294
498.491
499.258
503.142
506.750
508.808
509.654
511.257
510.213
510.046
507.321
503.550
510.876
511.892
517.961
511.155
515.888
517.128
517.236
513.495
513.169
513.022
513.701
514.323
511.641
512.675
512.980
513.198
511.059
509.660
508.657
510.212
511.158
508.990
510.102
507.997
510.428
513.693
511.292
512.481
512.429
513.475
513.874
511.008
509.268
516.937
512.150
512.717
509.860
508.330
505.990
510.561
507.629
509.660
513.566
510.493
512.404
509.216
505.905
509.240
507.812
508.985
509.045
507.698
511.354
507.752
508.570
508.543
514.779
514.193
513.824
511.146
513.397
509.227
509.162
509.497
514.398
512.308
509.111
510.327
506.169
510.923
511.780
507.087
512.778
512.898
517.265
513.062
507.726
507.622
506.724
509.644
504.641
504.888
505.967
508.952
513.051
509.782
508.337
515.014
515.617
513.564
512.760
510.608
516.769
517.630
513.368
511.219
513.452
508.565
508.300
514.301
513.617
515.577
517.691
510.796
518.185
520.204
516.346
520.022
521.498
520.031
521.237
522.005
525.611
518.648
520.908
521.929
520.371
522.282
520.549
522.002
517.143
516.237
515.241
517.894
518.109
512.784
516.183
518.513
519.756
519.117
517.962
524.086
522.400
520.771
519.211
524.053
516.544
519.715
519.387
520.578
523.658
525.836
523.563
523.867
523.437
523.823
523.801
524.252
519.767
524.418
521.242
518.272
516.356
517.347
517.288
519.127
521.371
514.317
513.753
513.847
512.041
517.066
516.429
512.658
513.064
512.371
512.839
512.366
511.793
515.459
514.769
513.047
512.773
510.537
515.515
511.840
513.482
515.054
510.570
509.906
513.392
515.777
515.603
510.032
511.180
511.628
516.882
514.983
513.449
513.013
515.320
514.594
515.393
518.219
517.690
519.259
519.936
515.121
512.079
517.166
514.682
513.922
516.300
515.697
513.253
518.521
519.515
518.249
518.333
516.948
512.087
513.464
513.695
512.576
511.287
513.000
514.111
514.345
512.167
513.457
513.965
520.441
521.001
517.191
519.692
518.909
519.112
521.075
518.307
514.381
513.809
517.076
523.309
520.794
515.665
519.783
520.424
520.385
522.607
523.523
526.075
520.605
522.705
520.199
520.599
523.129
523.240
515.857
520.240
518.292
518.717
517.197
519.519
514.011
513.829
515.491
516.046
515.268
515.825
517.201
518.558
519.043
513.129
515.476
511.355
514.767
517.850
515.689
517.386
511.280
516.597
513.017
509.530
509.533
510.995
516.402
510.364
516.245
518.957
519.459
517.574
520.938
521.478
523.934
524.191
521.469
518.873
513.999
515.540
517.466
514.079
516.680
513.306
512.249
515.908
518.889
510.806
512.791
512.386
514.686
512.923
510.711
512.960
511.740
508.803
513.475
512.939
512.019
509.348
509.481
505.669
507.865
508.011
510.618
507.543
508.329
504.501
504.864
507.214
510.058
509.498
510.778
510.504
511.747
509.975
513.794
513.724
518.718
516.293
514.827
513.215
514.768
514.294
513.747
511.735
516.260
512.948
514.310
513.785
515.920
513.239
515.191
516.415
519.723
513.864
512.954
509.862
512.049
512.410
510.256
514.875
514.602
516.472
516.953
517.669
517.863
511.839
515.817
517.818
518.602
519.292
519.196
523.740
519.916
522.011
523.480
521.393
522.299
520.080
519.827
522.780
522.311
524.635
523.894
524.742
527.753
527.720
529.177
529.517
529.724
525.311
521.366
519.118
516.864
520.368
516.860
516.324
517.054
522.195
518.934
521.808
521.032
514.607
515.959
516.009
516.381
520.752
520.261
525.518
521.807
521.875
522.742
520.693
517.940
522.999
520.439
519.833
517.525
517.891
517.839
525.756
519.380
519.464
522.207
517.035
521.207
516.812
515.557
521.798
516.109
515.297
517.238
519.666
519.179
523.027
513.091
518.957
517.913
518.229
516.322
514.520
517.737
511.761
515.414
515.930
515.412
517.060
512.778
511.223
514.599
515.343
516.219
517.329
513.763
511.241
514.768
515.527
514.119
512.737
516.078
518.123
515.266
517.808
516.245
518.367
512.943
515.255
516.485
513.283
511.221
510.282
512.389
513.778
511.198
511.162
511.558
511.243
510.124
514.869
510.709
513.157
505.639
508.787
510.209
515.401
512.059
511.893
514.877
515.252
513.815
512.250
514.261
516.783
517.590
519.068
515.794
514.280
514.067
512.614
511.393
511.408
510.774
511.091
513.511
512.188
511.204
512.087
513.967
515.687
510.958
509.408
511.843
504.333
510.349
508.407
509.035
507.858
505.637
496.651
499.470
504.002
504.790
505.424
506.926
509.366
505.763
504.487
504.288
507.118
508.395
505.537
503.669
510.670
508.755
507.939
507.649
510.027
507.036
513.064
514.110
512.331
513.962
515.155
509.757
514.902
514.180
515.488
512.107
506.510
511.790
507.388
507.521
507.179
511.832
511.045
516.091
517.017
512.557
506.971
503.883
507.581
509.325
507.272
507.005
509.095
507.736
505.727
503.341
504.474
507.908
510.525
506.059
504.445
501.128
501.646
504.968
508.809
504.879
507.449
507.413
507.124
507.264
503.778
506.246
506.013
506.328
503.513
507.594
511.175
506.967
512.231
511.297
514.310
509.830
508.560
507.028
510.273
509.145
508.189
510.370
510.334
509.694
508.871
509.244
507.464
505.588
508.813
511.518
512.352
512.857
516.480
513.510
515.943
513.590
510.417
509.987
511.264
513.043
510.446
511.933
515.056
514.842
514.908
513.735
519.111
514.061
511.899
515.291
514.305
513.887
510.403
513.775
512.434
510.704
512.000
516.181
513.775
515.259
515.495
515.266
514.626
513.957
516.405
513.541
518.032
510.820
513.572
514.526
516.166
517.091
513.998
513.550
508.994
512.504
511.438
509.532
510.234
511.475
511.121
511.049
507.544
512.468
512.482
512.285
509.071
509.029
511.746
512.017
512.422
514.916
511.155
512.066
517.143
521.541
515.789
514.683
510.888
518.445
521.203
522.720
520.276
523.591
522.623
521.009
522.466
521.772
523.728
526.263
526.079
524.601
531.433
524.586
521.186
524.483
523.744
520.925
521.120
523.787
521.811
525.036
519.878
523.446
523.510
522.208
520.005
518.875
520.222
518.028
524.807
525.926
524.639
518.328
519.502
520.082
521.380
523.336
522.815
526.542
525.010
526.736
524.297
524.796
526.964
525.049
522.115
522.412
523.074
523.807
523.521
526.050
527.381
526.691
528.306
523.460
523.787
522.773
521.808
522.826
521.207
520.662
522.363
522.426
517.599
515.272
513.010
514.564
517.145
511.382
516.251
513.779
513.185
511.136
513.055
514.129
519.667
516.852
514.861
517.209
523.091
519.534
520.920
517.550
513.528
511.517
513.875
514.743
511.723
509.623
509.708
514.558
512.967
513.097
521.065
517.105
518.978
525.323
518.722
518.543
518.540
519.802
517.928
521.144
521.467
518.181
523.625
522.288
524.055
523.186
523.841
521.300
524.675
524.579
523.767
519.336
519.297
514.480
519.489
522.876
521.637
526.042
528.378
525.183
524.887
523.630
519.401
517.583
519.457
523.626
518.546
520.489
521.231
518.080
517.295
517.926
517.994
518.336
516.624
517.874
512.384
517.538
519.810
520.602
519.212
521.373
522.657
518.371
516.642
516.937
517.274
517.735
517.721
514.306
519.936
521.341
520.499
519.898
521.635
522.247
521.283
526.157
526.630
524.067
522.796
520.446
527.991
528.852
528.105
531.325
527.706
525.734
520.603
518.895
519.895
523.427
521.912
518.391
519.678
517.259
515.982
517.609
515.161
514.504
517.732
517.364
514.183
515.427
518.261
515.393
512.053
508.942
511.287
512.278
514.329
515.047
515.912
514.063
521.928
515.131
515.644
512.168
512.495
507.080
508.886
510.824
512.277
511.217
510.339
509.074
510.203
514.446
514.763
518.648
518.179
510.786
514.957
514.732
511.204
511.030
507.661
506.764
506.910
508.232
508.885
512.473
509.722
509.919
510.942
508.338
513.522
513.563
516.796
515.033
510.703
514.256
508.843
512.864
512.226
513.858
511.878
512.774
508.200
508.928
506.453
507.059
511.197
511.015
510.141
515.770
514.499
514.511
515.040
517.251
520.213
519.819
521.386
517.083
514.348
517.429
511.489
512.539
516.183
513.781
514.506
518.517
520.187
513.579
516.968
517.350
513.798
506.649
509.319
509.804
509.122
507.565
506.507
507.760
513.685
515.047
514.298
513.134
512.305
514.155
511.519
509.801
509.256
511.619
510.904
510.835
512.264
514.135
511.298
510.949
508.633
510.060
512.550
508.252
509.981
511.570
510.216
511.918
512.211
510.038
506.531
510.612
512.817
513.098
513.224
510.887
510.255
512.482
511.207
510.969
511.379
513.423
517.161
514.105
514.604
515.107
512.402
511.690
513.800
516.030
511.693
512.166
511.791
514.288
515.701
511.548
513.599
518.507
521.016
525.156
525.485
520.795
528.442
528.885
526.687
522.869
525.757
519.412
522.701
523.725
524.099
519.354
520.220
518.710
518.552
514.174
519.944
520.658
525.740
525.162
525.312
523.965
522.958
516.847
517.669
517.963
517.797
518.695
514.186
513.813
518.164
519.011
520.989
520.840
520.400
517.025
517.521
515.858
516.766
517.537
515.524
519.009
518.264
514.382
515.440
516.561
517.933
518.755
519.946
522.669
520.475
520.031
520.085
515.611
516.694
517.747
516.503
517.044
515.521
517.642
522.214
523.782
526.953
523.391
521.322
515.979
518.856
522.080
521.293
518.564
522.647
519.939
520.756
520.797
519.955
519.071
521.962
523.786
521.151
519.603
520.109
519.262
518.885
519.373
524.473
523.606
518.842
518.839
519.450
522.966
521.115
527.082
520.430
519.981
519.625
517.251
525.427
521.835
521.955
521.900
524.007
525.818
518.496
523.806
524.295
524.206
522.232
524.584
526.787
528.696
529.739
522.104
525.458
526.810
526.221
524.639
520.861
520.775
521.526
524.896
528.181
526.809
523.846
520.780
524.355
524.852
520.482
523.343
525.673
523.386
526.722
525.352
524.610
524.250
524.702
528.515
525.446
525.219
520.209
523.144
519.763
521.956
526.436
524.393
526.038
527.906
528.394
528.281
526.803
524.887
529.203
527.718
524.635
523.817
522.803
520.953
519.771
519.687
521.870
519.951
519.503
523.134
529.162
522.475
526.095
523.615
523.440
525.079
519.952
524.975
524.131
519.624
523.321
522.203
528.067
525.206
522.935
516.469
517.243
516.992
521.480
523.677
521.495
525.936
524.676
524.427
523.386
520.925
522.046
522.454
526.129
526.504
526.613
526.946
525.834
523.881
520.026
521.691
524.046
525.973
524.475
525.027
523.843
523.456
525.587
525.477
520.601
522.406
521.632
522.600
520.647
522.567
521.239
525.511
523.129
520.204
520.238
521.977
522.196
518.991
519.143
524.803
518.838
518.533
516.521
517.220
518.271
522.642
521.443
525.310
529.484
524.931
526.466
530.821
530.860
528.974
527.385
525.197
522.990
524.721
530.455
531.729
533.307
525.633
528.293
528.302
524.177
520.683
520.127
523.093
521.085
518.210
518.936
519.274
524.304
522.265
521.860
523.365
523.825
520.311
517.702
516.498
516.124
516.385
516.324
515.286
520.313
521.253
516.889
519.184
520.966
519.569
520.249
516.292
517.514
512.884
515.249
515.877
518.359
519.613
518.510
515.048
516.152
515.169
512.910
511.788
512.462
518.191
514.721
518.977
523.641
521.732
521.406
520.872
528.188
524.638
527.587
523.862
520.691
520.953
520.770
522.605
516.018
518.980
518.381
519.091
517.590
519.125
523.320
524.022
526.068
520.645
524.990
524.477
517.723
515.149
519.048
517.974
522.447
511.871
515.607
512.916
518.579
519.081
518.279
519.226
512.515
516.774
517.487
519.501
516.354
513.666
513.189
514.152
515.692
514.647
513.987
515.536
518.271
517.361
510.802
514.421
513.568
512.473
513.429
512.843
515.943
512.555
509.106
514.033
516.897
519.504
517.840
515.013
517.927
516.918
520.051
525.919
524.436
527.638
523.053
523.140
524.961
527.466
529.576
531.966
530.215
529.557
524.359
530.989
527.790
527.503
531.171
529.778
