449.404
449.932
451.363
450.844
450.542
449.858
450.254
451.189
450.636
448.358
449.779
451.918
451.003
450.679
450.850
452.379
452.043
451.532
451.253
451.058
451.164
452.121
451.704
450.594
449.084
449.932
451.718
449.754
449.530
447.858
447.725
450.511
449.552
450.055
450.636
449.543
448.687
449.366
450.816
452.483
450.916
449.148
450.859
455.185
453.458
451.711
450.968
451.819
448.616
449.376
451.154
451.643
453.049
451.608
451.736
449.629
451.462
450.832
450.661
449.578
451.068
451.788
450.129
449.335
449.495
452.046
451.947
452.851
454.861
455.558
451.186
451.581
452.529
451.663
450.997
450.775
450.320
451.962
453.380
450.665
449.050
451.424
450.726
449.946
453.189
450.594
451.589
450.218
451.935
451.311
452.163
452.117
448.702
448.318
450.672
451.222
453.794
452.359
456.040
452.133
450.428
449.991
454.027
451.572
452.691
450.094
452.502
451.889
449.303
452.095
454.522
452.231
452.829
449.741
450.216
450.142
453.105
453.194
453.058
451.733
453.333
451.054
450.034
447.871
452.931
450.894
454.593
452.585
453.393
455.302
454.487
453.595
452.615
452.673
450.931
451.213
452.191
451.106
450.671
451.979
452.903
453.037
452.602
453.274
451.669
455.927
454.270
454.659
453.264
452.505
448.870
449.979
451.890
450.706
450.816
452.105
451.627
450.318
453.863
451.045
451.245
452.231
448.678
450.962
454.589
451.352
451.138
449.248
450.433
454.576
453.879
452.815
452.320
453.470
449.621
453.523
449.195
450.444
450.872
453.580
452.838
450.179
451.753
452.227
452.727
450.154
453.289
452.106
454.868
453.971
451.387
452.608
451.920
454.350
453.923
452.553
452.816
453.223
450.601
452.446
451.019
451.498
453.131
453.734
451.954
451.685
450.649
453.168
455.587
452.865
453.076
450.535
449.759
450.905
450.524
454.946
453.055
451.956
454.176
451.051
452.198
449.077
453.472
452.909
451.218
453.937
453.178
450.717
452.508
451.232
450.272
451.294
449.997
449.904
451.287
449.697
451.956
451.119
450.168
451.612
449.746
450.105
451.412
453.416
451.385
454.396
452.478
451.043
451.936
448.775
450.539
452.050
450.755
452.427
449.481
451.297
451.983
448.725
451.294
452.943
451.526
452.660
452.917
452.010
450.952
450.772
452.895
451.857
452.893
451.556
451.724
449.953
450.153
450.610
449.857
450.186
448.742
449.399
451.599
454.133
451.854
454.512
453.616
453.056
453.884
456.807
451.146
453.122
451.226
451.322
453.840
451.754
451.206
452.597
451.391
450.258
449.989
452.519
455.001
453.780
453.025
452.229
451.165
451.255
451.998
451.054
452.407
452.187
450.680
452.131
449.006
450.894
449.202
449.645
449.398
452.532
451.707
455.414
453.088
451.169
452.965
452.648
452.702
451.314
452.908
452.292
451.673
450.105
451.048
450.964
453.344
454.590
451.747
454.264
453.497
454.669
452.491
453.074
452.310
451.862
451.006
455.348
456.227
453.362
452.397
453.166
453.402
452.999
454.274
455.234
452.093
452.058
451.402
450.458
452.376
454.823
452.618
453.829
452.440
453.697
450.901
454.795
453.434
453.957
451.454
447.831
448.790
450.559
449.770
450.781
450.174
450.569
453.454
453.845
452.124
452.042
451.558
451.247
451.530
454.601
454.134
454.049
454.089
453.117
452.579
451.173
451.260
452.512
452.592
453.527
453.209
453.496
452.742
452.529
452.728
452.166
452.902
453.083
451.852
452.331
452.504
452.114
451.521
449.884
451.089
451.103
450.701
454.235
451.981
451.519
451.283
451.320
454.401
452.913
453.022
451.277
450.837
451.709
452.453
453.598
452.796
454.599
453.054
450.477
452.110
450.575
454.191
452.872
452.127
451.029
449.877
452.313
453.810
452.011
452.723
452.866
452.274
450.580
454.534
453.740
450.567
452.868
454.084
452.052
450.604
451.112
451.057
450.861
454.383
452.461
453.320
450.044
451.661
453.310
450.884
448.310
451.455
452.572
450.616
454.317
453.787
450.754
451.772
451.867
452.981
453.522
450.246
450.818
450.459
452.819
453.103
453.822
456.563
454.288
454.544
454.857
454.966
453.603
454.441
452.498
452.201
453.105
454.143
453.187
453.735
452.826
454.350
455.349
455.148
453.263
453.290
454.322
452.429
452.488
452.382
450.442
451.367
452.677
452.353
450.665
451.460
453.097
456.709
454.249
452.675
454.101
451.659
450.351
453.750
453.723
452.718
452.870
453.190
452.606
451.782
452.646
451.026
452.142
449.659
450.999
452.804
452.978
449.058
450.150
452.546
452.539
452.678
455.417
453.440
452.095
453.266
453.845
452.325
452.431
454.927
453.371
453.774
454.349
450.289
453.073
452.874
451.186
447.812
450.876
453.667
450.406
451.981
450.043
456.126
455.013
455.374
451.547
453.842
452.316
452.983
450.360
451.584
453.237
453.913
452.602
455.746
454.202
450.976
452.080
451.839
452.988
453.759
452.194
453.592
451.091
451.121
451.916
454.831
452.686
450.513
450.933
453.433
450.826
454.342
452.913
450.671
454.910
453.290
452.443
450.762
453.424
452.629
451.748
452.074
450.601
448.765
451.910
451.475
452.017
450.373
453.799
454.578
450.603
450.914
452.244
453.449
450.840
451.503
452.733
451.689
450.155
451.931
450.335
450.610
452.082
450.204
450.346
448.490
452.682
450.631
452.396
454.012
451.023
452.096
451.397
449.700
449.265
451.983
451.235
451.636
451.074
451.799
452.154
452.842
453.436
451.298
451.192
451.343
452.490
454.135
451.202
451.708
451.360
452.440
452.352
449.695
449.026
450.963
453.987
450.903
455.345
455.477
452.734
451.575
450.918
451.617
448.804
451.264
452.112
451.589
452.477
453.729
452.408
451.952
451.060
452.628
452.901
451.478
453.412
456.392
453.503
452.296
454.045
453.649
450.712
450.943
451.077
448.994
451.766
451.549
453.840
454.196
453.130
453.529
453.203
450.130
452.416
451.827
453.741
451.106
452.786
454.830
451.926
455.321
454.121
454.717
452.418
453.034
453.799
453.359
453.320
453.496
452.076
452.454
452.974
454.253
452.769
452.677
452.980
449.598
450.451
452.084
450.161
452.165
450.970
453.288
450.743
452.681
453.178
449.550
451.573
450.840
454.417
450.711
452.608
451.770
452.985
451.633
451.328
451.720
451.498
451.322
451.389
452.656
451.292
454.593
451.326
450.379
450.883
449.379
450.493
451.826
453.137
452.111
451.706
450.453
451.884
450.577
451.492
453.157
451.169
451.921
451.209
452.708
453.165
451.759
450.471
451.114
451.103
452.439
450.447
453.836
452.511
453.747
451.334
454.099
452.168
451.463
450.660
451.838
452.125
454.312
453.946
453.419
451.756
450.683
451.404
450.528
452.162
453.957
450.780
453.065
453.355
453.139
452.753
453.961
452.267
454.847
453.030
450.131
449.542
452.527
454.816
453.209
452.682
452.275
452.099
453.693
453.559
454.311
454.125
454.217
453.520
452.594
452.517
452.985
453.458
452.925
453.684
452.570
452.113
452.229
455.105
453.274
452.673
451.831
450.196
454.127
453.467
452.418
453.244
451.157
455.931
454.254
451.274
450.740
453.392
454.330
454.502
454.823
454.384
454.059
453.083
449.890
451.888
455.439
455.713
457.216
454.297
452.932
457.200
454.132
456.045
457.517
451.189
454.102
453.035
455.218
453.469
456.464
455.889
453.888
453.001
454.795
454.392
454.479
455.252
456.618
455.262
454.440
453.396
452.785
452.578
453.808
452.240
453.046
456.869
451.736
451.395
453.654
454.569
453.801
452.845
451.854
452.800
451.028
451.808
453.665
454.783
453.003
453.361
451.403
453.742
452.636
453.248
455.189
453.316
451.269
451.367
452.327
453.195
453.382
452.508
449.878
452.118
453.655
451.961
449.937
449.847
450.313
452.460
450.383
450.620
450.678
452.049
453.016
455.489
452.124
449.947
452.593
453.644
454.086
451.631
453.379
453.742
450.756
450.331
451.778
450.832
451.690
452.201
452.534
455.179
452.891
454.860
454.312
455.061
454.292
453.309
454.916
452.842
454.380
456.535
455.948
453.585
452.140
453.887
451.779
451.508
450.601
449.814
452.384
451.000
450.987
452.560
451.143
454.121
453.787
452.154
454.165
452.104
452.737
453.195
452.659
455.308
453.687
452.355
450.835
449.673
450.558
451.532
450.821
454.233
451.847
452.543
452.671
451.487
451.353
450.881
453.185
453.306
451.194
453.928
451.144
453.557
450.998
451.422
453.719
453.459
452.126
451.865
454.852
452.632
455.499
451.827
450.725
450.995
452.647
454.312
455.555
452.356
450.579
452.350
453.058
453.070
452.570
451.432
451.314
448.605
451.418
450.970
451.014
451.765
452.375
451.824
452.988
452.821
452.746
453.688
453.396
452.769
453.819
453.518
453.281
450.462
453.280
451.564
454.290
454.690
451.952
452.981
453.952
452.288
451.774
450.561
451.013
453.080
452.304
454.248
452.306
454.029
456.045
453.615
452.487
453.619
454.094
452.385
453.451
451.459
452.083
452.764
454.645
452.334
453.444
452.957
454.892
452.402
451.394
451.455
452.219
453.318
452.159
451.489
454.738
453.733
455.002
452.564
454.498
452.648
453.496
453.559
451.558
452.208
449.862
449.881
452.987
452.304
451.812
452.488
452.565
455.240
452.926
453.325
454.740
449.221
452.594
451.921
451.966
450.404
449.363
453.496
456.397
451.125
456.033
452.750
452.070
452.836
453.361
451.620
450.707
449.468
451.729
448.407
449.182
452.799
451.275
451.783
452.530
451.441
453.130
452.019
451.776
451.259
451.485
449.149
452.303
449.970
451.749
451.676
452.867
454.523
450.625
450.342
451.379
452.189
453.410
451.037
453.706
452.782
453.379
452.528
452.611
452.502
453.847
454.658
454.816
451.753
451.643
452.415
450.138
451.383
452.174
455.214
452.357
449.695
449.728
451.166
450.113
450.974
453.280
452.432
455.177
453.508
449.892
451.864
450.448
449.727
453.302
450.642
451.161
451.600
450.087
450.950
450.310
449.780
448.020
452.203
451.996
452.216
453.741
453.189
453.905
454.906
456.425
453.783
453.389
455.155
452.231
453.277
453.070
449.931
451.842
454.420
454.803
452.636
453.971
456.319
452.608
451.757
449.879
451.216
450.825
452.503
451.957
454.049
450.533
450.134
450.299
450.526
452.020
452.234
450.072
452.319
453.725
452.368
451.266
450.427
453.600
453.229
453.538
451.044
451.789
450.716
450.382
452.634
452.327
450.369
448.959
450.753
451.497
450.991
449.863
453.307
452.429
454.256
455.614
453.099
452.791
455.293
453.642
452.952
454.802
454.230
454.565
451.782
450.389
450.549
450.547
451.811
451.456
450.477
449.044
451.435
450.900
450.134
450.119
450.941
451.442
450.334
452.553
453.974
452.070
452.309
451.074
453.079
455.187
454.813
453.401
451.477
451.070
451.538
453.079
452.128
452.199
450.495
452.702
453.845
451.189
450.945
451.422
451.370
450.709
450.003
449.420
453.009
454.305
453.475
453.020
454.414
451.958
454.548
454.017
452.258
450.733
452.435
452.706
452.032
450.216
452.027
449.557
451.467
449.336
452.897
454.312
450.802
450.777
450.758
449.541
449.268
449.063
451.879
452.778
451.392
453.807
450.864
453.627
451.658
450.937
453.945
452.192
451.124
449.441
450.129
451.879
452.758
451.965
449.647
452.143
451.541
450.864
453.161
453.878
452.736
450.200
450.211
450.774
450.850
450.118
450.363
453.309
452.260
450.575
451.906
451.562
455.158
454.888
450.487
452.032
449.286
451.593
451.838
452.400
449.576
449.994
450.362
448.527
449.731
448.362
450.971
450.725
447.912
450.648
449.174
449.578
450.636
450.720
452.208
449.701
450.699
451.923
453.965
452.190
452.453
449.494
452.170
450.369
450.537
451.264
451.549
453.215
452.702
452.684
455.137
453.329
451.821
451.802
451.557
449.627
450.654
451.038
452.013
450.940
450.256
449.833
447.236
448.638
452.178
450.590
449.982
450.516
449.507
450.782
451.737
447.624
446.599
451.102
450.570
450.900
450.642
449.244
451.296
447.523
447.494
447.470
448.760
450.173
449.509
449.671
449.118
450.553
449.576
449.674
448.999
450.865
449.109
449.485
449.562
451.150
450.017
448.844
447.776
447.995
449.783
449.791
449.374
450.286
448.973
451.790
450.386
451.830
449.445
451.447
447.807
446.799
449.333
450.791
449.115
447.653
452.205
451.618
452.995
453.087
452.066
450.536
450.567
451.607
451.830
451.458
449.124
451.339
454.011
451.393
451.684
451.096
449.882
449.330
448.364
452.226
452.420
452.758
449.236
450.758
453.625
450.968
450.270
451.375
447.529
447.382
449.607
449.052
452.041
449.758
449.984
452.007
452.176
453.704
450.197
449.883
451.237
451.303
451.344
451.387
450.875
451.354
451.129
451.788
452.964
450.192
451.114
452.482
451.201
449.811
451.064
451.021
447.309
451.278
453.673
450.808
452.087
451.295
453.191
453.199
450.855
451.069
449.266
449.019
450.890
451.236
452.291
449.927
451.515
451.158
451.292
449.405
448.483
448.294
452.536
450.539
450.829
450.462
453.615
453.663
450.357
449.720
449.660
450.369
452.248
452.028
452.872
451.254
450.866
450.224
450.916
453.308
455.025
451.831
452.585
450.849
450.230
453.408
450.470
452.399
449.954
450.590
448.722
448.529
450.844
451.566
452.951
451.151
450.643
452.203
450.195
450.374
451.986
450.359
450.479
454.271
449.624
452.353
450.763
450.745
451.880
450.472
450.406
450.033
448.271
451.767
451.498
452.933
451.365
451.571
453.155
450.783
450.275
453.019
449.843
448.621
452.201
451.463
450.245
451.456
451.746
452.498
451.726
453.260
450.660
448.957
453.195
450.237
449.656
449.779
450.729
451.216
448.937
452.444
449.513
449.654
450.526
448.798
450.406
451.325
451.354
450.518
452.469
452.305
452.818
450.242
450.642
453.161
451.907
456.038
454.200
451.592
451.248
450.277
450.438
451.130
449.971
450.836
450.174
451.091
451.095
448.718
450.313
450.020
451.999
452.862
451.333
452.892
455.922
450.370
453.582
453.729
452.627
450.289
449.214
450.421
452.381
450.266
450.798
452.769
453.113
453.655
452.873
455.056
452.779
451.610
451.717
452.004
453.976
456.293
451.616
454.360
450.266
454.142
451.509
449.470
450.542
449.505
452.354
451.437
452.038
449.273
451.622
450.338
449.638
451.560
447.559
448.419
447.718
450.849
449.925
451.895
451.913
452.488
452.895
451.472
452.038
453.493
450.975
450.802
452.741
451.679
452.256
452.791
454.149
453.113
452.887
452.649
451.372
452.007
450.345
449.971
450.597
453.140
448.418
449.926
450.409
450.243
448.390
449.983
450.345
451.946
454.543
453.684
453.237
452.855
450.082
451.001
451.937
455.061
455.869
453.473
453.329
452.364
455.957
453.032
454.269
453.756
455.671
455.366
456.552
454.487
454.042
452.487
453.898
455.870
454.862
453.255
454.069
454.189
453.594
453.089
454.001
454.543
455.222
452.823
454.611
451.222
451.990
451.123
452.646
451.061
451.520
453.290
453.330
451.135
454.332
451.137
454.062
450.994
451.788
451.536
451.912
450.445
452.600
451.577
453.896
453.465
453.690
450.973
452.314
455.111
453.492
452.593
453.042
451.181
451.675
451.764
454.049
453.211
453.387
452.672
451.237
452.034
450.022
451.737
453.789
451.335
452.132
451.360
453.345
453.076
451.743
453.209
454.041
452.747
451.304
451.972
453.904
452.444
455.041
451.799
456.261
454.623
454.125
451.432
454.068
453.891
454.086
454.025
450.916
449.963
450.909
450.439
451.987
455.551
451.618
454.605
453.610
452.655
453.173
455.362
452.773
452.287
451.803
450.447
452.907
453.037
453.876
452.286
452.482
452.586
453.279
450.617
454.217
452.102
448.663
452.736
452.807
456.403
455.495
452.872
453.586
451.458
451.816
454.500
452.204
451.465
450.768
450.431
453.069
451.526
450.939
450.880
452.409
453.980
453.098
452.673
454.497
451.793
454.582
452.257
454.226
453.068
453.573
456.579
454.223
452.576
453.231
451.592
450.928
452.498
449.630
451.835
450.341
453.725
452.208
452.209
454.401
454.200
451.217
450.445
453.257
451.739
452.821
451.873
451.275
453.096
452.084
452.025
452.262
451.895
454.470
454.822
451.824
450.762
452.688
452.668
450.387
451.203
454.039
454.069
453.389
453.731
454.485
451.224
450.624
452.089
451.387
450.740
452.290
451.350
451.330
452.331
452.290
454.016
455.161
451.674
451.737
452.951
453.932
453.932
451.066
453.148
449.393
451.599
451.655
450.709
450.429
451.519
451.192
451.143
450.225
450.510
451.353
453.613
452.395
450.423
453.196
452.761
452.333
451.829
453.153
452.985
452.527
452.976
452.866
452.647
451.981
451.184
454.268
455.892
453.414
453.161
455.799
453.577
452.728
449.610
451.359
452.739
448.988
449.422
452.173
449.992
450.143
449.762
450.636
451.072
452.159
451.379
453.762
451.239
453.829
451.860
450.633
452.151
450.652
451.625
451.794
450.398
452.201
453.061
452.316
453.620
451.962
451.802
451.917
451.234
451.686
452.369
452.024
452.401
450.626
451.522
450.939
450.568
452.151
452.303
449.836
449.974
451.485
451.490
453.087
450.241
449.975
450.672
450.682
452.108
452.897
453.083
453.869
450.690
453.570
450.782
451.042
451.519
452.047
450.849
452.014
454.092
453.961
453.397
450.686
452.504
453.745
454.791
452.631
452.284
449.208
449.893
452.592
453.032
450.327
451.987
450.526
453.138
451.882
451.337
452.559
453.634
450.847
452.254
450.204
451.577
452.033
452.495
448.997
451.599
449.093
452.251
452.381
452.287
449.488
451.407
451.309
450.983
452.049
452.278
451.664
451.819
451.900
454.032
450.927
452.895
452.933
452.259
450.461
451.252
451.317
451.779
453.156
452.339
452.140
450.843
450.424
450.203
452.039
451.875
451.368
450.604
450.944
454.140
451.500
450.709
450.280
451.443
450.845
451.737
454.101
450.354
451.368
452.173
452.930
451.156
448.674
450.986
450.816
451.351
453.378
452.652
450.795
451.687
449.773
452.521
451.400
454.343
453.739
452.740
449.884
451.389
453.104
454.553
455.375
453.248
452.052
453.237
454.187
452.839
448.412
453.017
452.870
452.619
454.341
450.522
451.752
450.488
452.064
455.013
457.139
455.360
453.367
452.561
451.964
452.212
450.225
450.343
450.978
453.548
454.036
453.674
451.932
451.369
451.294
451.979
452.860
452.334
450.921
455.394
452.687
452.846
454.214
450.402
453.752
453.031
452.499
452.404
451.724
450.229
452.865
450.878
450.819
450.798
452.525
451.959
453.236
453.047
450.891
452.224
451.077
450.862
449.779
452.571
449.685
451.667
450.571
451.053
448.784
450.380
446.333
451.498
451.492
450.846
453.721
450.626
451.965
450.366
451.548
453.219
454.238
452.163
451.563
452.831
451.940
448.938
451.584
450.510
453.305
453.069
450.263
450.668
451.295
451.611
453.100
449.488
451.313
450.076
451.549
450.625
450.064
448.288
451.195
451.122
451.535
451.410
450.340
450.690
450.545
448.501
450.239
451.019
450.660
449.965
452.321
450.394
452.129
452.927
452.484
452.703
454.155
452.534
451.729
450.618
454.234
452.873
451.854
449.966
449.893
451.288
449.924
451.809
449.608
452.034
449.664
450.086
451.930
450.378
451.809
451.041
449.453
450.298
450.474
451.467
453.228
451.226
451.726
452.279
450.222
452.298
453.752
454.128
452.907
452.804
454.142
454.808
453.553
449.968
451.490
450.201
453.073
451.627
451.136
454.485
451.673
452.344
452.644
452.682
452.885
451.866
448.056
451.527
453.371
452.148
451.868
450.950
454.106
450.084
452.064
453.750
451.134
454.343
455.977
453.033
451.260
450.339
455.523
456.112
452.440
452.870
451.077
449.857
453.901
455.183
451.587
453.785
452.803
452.101
452.070
449.862
450.954
450.828
453.069
453.903
451.863
451.050
451.032
451.762
452.494
451.952
454.129
453.561
452.851
453.351
455.169
452.588
455.996
454.630
453.602
453.436
454.321
453.555
451.160
451.605
453.624
448.584
450.784
451.567
451.088
450.028
452.781
450.143
453.856
452.335
453.214
452.560
450.015
450.753
451.696
451.310
450.097
452.918
452.510
451.239
449.831
451.138
452.442
451.635
453.306
452.289
448.483
451.126
450.418
450.703
451.838
449.708
449.485
450.668
448.088
451.533
454.576
453.914
452.035
452.313
450.680
451.812
453.530
452.089
450.786
453.572
452.531
450.318
450.650
451.510
452.277
452.219
450.612
452.017
450.088
453.120
453.652
451.506
450.857
450.960
450.688
449.885
450.164
454.871
451.216
453.313
450.993
450.088
450.980
450.113
453.677
454.151
451.912
450.106
450.842
449.392
449.362
452.656
451.952
453.158
453.224
452.730
454.561
455.297
452.401
450.914
452.273
452.073
451.245
451.246
451.870
454.926
454.931
452.983
451.981
454.028
450.596
453.497
455.050
452.095
451.145
450.878
454.038
451.222
449.210
449.808
450.537
451.044
450.403
451.094
450.282
453.991
451.643
455.522
454.546
454.339
451.121
449.888
449.620
450.989
453.168
455.052
452.642
452.593
450.910
449.833
452.238
452.638
452.473
451.392
453.391
453.446
454.256
453.940
456.578
454.748
453.741
452.954
453.003
454.255
455.719
454.120
453.982
453.889
452.813
453.449
454.063
453.603
453.375
450.145
453.946
452.808
451.822
454.998
455.648
456.474
451.434
453.796
456.480
453.179
452.708
452.086
450.942
452.634
451.771
450.572
450.232
453.700
451.238
452.147
450.222
451.170
453.644
456.606
449.952
450.719
452.555
451.229
452.958
452.255
452.648
451.893
453.601
453.677
451.623
451.587
452.019
450.962
454.483
452.565
450.090
452.440
453.082
454.648
453.120
452.988
453.598
454.725
451.410
455.006
455.423
455.090
455.969
453.930
455.859
455.580
453.353
453.387
455.188
455.371
450.381
453.683
451.748
454.245
451.885
452.997
451.519
452.539
452.298
451.966
454.060
454.609
456.138
454.725
453.817
452.981
453.538
454.259
454.828
452.466
453.726
451.745
452.089
453.159
454.440
454.837
453.248
451.751
455.956
452.133
457.259
455.212
453.611
452.884
454.423
449.565
454.121
455.580
453.606
453.240
454.337
454.553
453.225
455.522
454.752
453.192
451.942
452.363
454.226
452.886
454.114
455.543
452.215
450.995
450.837
453.071
452.075
452.352
451.038
449.822
451.751
450.208
450.812
450.952
448.758
453.196
450.519
451.592
452.052
452.753
452.141
450.328
452.760
452.646
450.120
453.080
453.154
451.782
450.414
451.120
451.264
451.202
450.969
448.753
451.251
451.165
451.568
451.731
451.295
450.287
449.065
450.267
451.197
455.764
454.920
455.747
451.874
452.287
452.414
450.699
451.135
449.590
447.948
448.334
449.088
448.807
449.025
447.816
448.602
449.733
449.474
452.212
451.941
449.827
450.986
449.701
453.500
451.701
451.740
450.274
450.606
450.870
451.326
452.831
452.267
451.274
451.066
449.842
451.974
452.368
453.096
453.250
452.062
453.232
452.109
451.601
451.841
451.178
454.200
451.445
451.757
452.184
452.777
454.789
452.096
452.634
452.072
450.579
452.013
450.866
453.810
452.145
453.026
452.163
452.867
454.121
451.637
450.994
449.994
449.119
454.313
452.623
448.999
451.414
452.470
452.704
453.939
453.886
452.691
452.609
454.051
454.593
450.897
451.567
452.760
454.520
452.194
452.338
454.672
452.550
453.590
452.962
451.172
454.257
454.845
456.419
455.897
452.476
453.994
453.301
451.798
453.109
453.521
455.187
451.448
453.108
449.609
450.591
452.486
453.515
450.307
450.335
451.221
453.953
451.228
450.832
451.374
450.315
450.864
450.565
452.047
450.962
449.614
452.528
452.770
452.696
455.794
451.993
449.669
451.284
451.157
453.894
454.781
452.095
451.623
449.700
450.796
451.424
452.167
453.399
452.698
451.339
453.720
450.916
452.744
452.154
450.902
451.056
451.325
454.416
453.646
451.190
452.956
448.157
449.746
452.338
452.626
455.233
454.454
452.034
453.022
451.927
451.671
452.810
454.296
454.586
454.023
452.356
454.547
452.421
453.336
450.189
450.511
453.575
449.044
451.892
449.824
449.213
451.759
449.694
452.015
450.205
452.700
452.845
449.872
452.251
451.913
451.841
449.359
451.741
452.669
450.554
454.876
451.928
451.046
451.434
449.787
449.242
449.734
453.985
453.189
455.062
454.285
453.888
453.952
451.488
453.138
453.741
454.327
452.590
455.047
454.211
452.612
453.310
453.163
454.188
452.664
453.578
454.306
452.886
450.574
452.420
453.722
454.031
454.719
454.355
453.305
455.841
452.981
453.859
451.654
451.531
451.444
452.148
453.230
451.056
453.083
450.955
454.713
453.658
454.346
448.965
450.363
451.524
454.028
452.592
453.016
454.077
457.434
453.029
454.355
452.482
451.825
451.892
454.153
453.031
454.513
455.096
454.457
453.958
453.850
453.334
454.611
454.348
455.533
457.325
453.274
453.609
454.505
454.375
452.625
452.402
453.135
452.720
455.051
452.925
453.297
451.364
452.852
451.834
452.979
455.214
455.297
453.422
450.821
449.623
453.352
453.841
454.031
450.622
452.276
454.167
456.081
455.180
453.487
451.180
451.427
453.015
454.822
453.846
454.163
454.779
456.154
455.266
452.715
452.551
448.636
453.003
452.112
452.810
452.439
453.738
450.454
452.259
450.150
452.264
449.944
450.127
453.863
452.686
452.974
451.924
452.393
452.718
456.141
455.204
455.653
452.731
451.440
454.377
453.552
451.445
451.900
452.522
453.678
453.030
452.555
453.062
453.992
453.703
451.528
452.092
455.112
454.789
453.575
452.635
454.702
451.901
452.447
454.386
453.774
453.839
452.809
451.411
452.782
454.365
455.881
453.477
453.697
451.817
453.935
452.539
452.303
455.459
450.393
448.276
449.169
451.661
451.957
448.553
450.736
449.891
445.328
450.291
452.467
453.166
452.696
451.898
452.593
451.442
454.103
452.003
451.831
451.495
450.952
451.039
451.689
452.238
454.069
453.582
451.938
449.631
450.254
450.508
448.376
448.021
451.727
451.850
453.488
449.916
451.579
450.632
451.879
451.743
449.717
449.245
450.534
448.742
451.681
449.593
450.547
450.263
451.080
453.206
452.708
451.713
448.851
452.497
451.819
451.869
450.198
452.371
451.137
452.486
452.319
451.936
451.362
454.642
452.956
450.547
450.668
451.069
452.372
452.872
450.995
455.127
451.181
451.696
451.918
453.660
452.588
453.676
450.288
452.742
453.418
451.625
454.954
454.114
452.544
453.152
453.048
452.056
452.745
452.517
451.974
454.353
454.779
450.645
450.905
450.853
453.523
450.392
449.228
452.548
453.020
450.636
451.205
450.900
450.062
453.102
452.275
452.866
451.985
452.636
451.272
454.527
453.244
451.098
451.653
452.911
452.089
454.881
453.467
454.610
454.976
453.973
453.112
452.810
452.653
456.335
455.070
457.111
454.215
456.328
453.502
451.848
453.618
452.898
452.827
453.677
453.198
453.803
455.727
454.586
454.942
453.648
450.057
451.879
449.101
452.611
452.127
453.359
451.443
452.121
452.266
454.164
454.011
453.187
452.124
450.812
450.801
451.188
451.542
452.225
454.153
453.678
451.597
454.153
454.511
452.744
452.971
453.104
452.861
450.900
451.426
451.912
450.340
453.085
451.783
452.685
450.725
451.530
452.303
451.415
452.063
450.697
450.995
453.980
454.799
452.925
450.238
452.044
452.838
451.980
453.884
453.262
451.993
452.966
452.000
450.866
453.220
451.622
452.710
451.744
452.761
452.357
454.674
455.808
453.331
452.473
452.921
454.991
454.846
452.038
450.860
452.858
454.617
451.623
455.375
452.584
450.762
452.254
454.777
453.392
453.344
451.245
452.774
454.695
453.044
454.479
454.308
455.383
451.594
449.669
452.870
454.147
452.414
451.926
452.342
449.108
451.663
451.249
451.448
451.024
453.063
450.984
453.613
451.929
450.625
454.560
455.644
455.427
455.564
455.880
455.285
454.265
458.004
453.131
453.533
454.681
455.215
455.901
453.473
453.664
454.505
451.746
452.157
451.347
450.402
451.712
450.893
455.620
453.324
452.516
452.908
453.021
452.370
452.963
453.429
454.766
455.193
453.033
453.373
453.756
452.245
451.928
451.915
452.695
451.847
451.946
454.022
454.589
456.386
452.039
451.996
450.692
451.829
453.603
453.218
454.619
449.516
452.362
452.172
453.480
451.159
453.546
453.351
452.869
451.349
452.500
452.394
453.858
453.902
451.239
449.353
448.026
452.782
452.710
452.259
453.974
451.257
452.608
452.972
452.696
452.013
453.164
450.800
452.113
453.409
452.449
449.399
450.741
448.699
449.220
450.176
450.503
452.963
452.100
450.609
452.757
452.212
448.715
449.650
448.411
451.426
453.134
452.066
451.296
452.139
451.508
446.844
452.848
452.401
451.478
451.463
452.486
450.879
452.930
451.877
452.693
451.518
450.849
450.963
450.365
451.177
452.774
453.480
454.636
454.298
450.595
452.019
452.009
451.122
450.547
449.370
450.896
451.240
450.989
449.778
452.279
454.037
450.558
450.218
450.804
450.780
453.372
450.393
451.498
452.970
451.070
451.915
450.360
453.862
452.538
452.519
454.794
454.113
454.359
452.348
454.020
452.283
452.057
453.778
452.997
451.665
452.468
452.911
452.028
453.322
454.659
453.636
453.317
452.077
455.287
452.404
450.497
453.623
454.594
455.014
455.253
453.450
452.694
452.963
454.854
453.902
454.955
454.820
454.066
453.835
453.677
453.621
452.949
451.906
454.163
453.437
453.700
454.469
452.368
452.661
450.921
450.548
451.541
452.670
452.274
450.742
451.908
450.860
449.937
450.059
450.767
452.291
451.534
451.899
451.416
455.560
450.697
452.878
453.799
452.485
452.405
451.895
450.621
452.160
453.682
453.527
454.281
453.381
451.222
449.612
452.350
453.983
452.530
452.770
452.715
454.156
453.735
450.350
452.771
452.113
453.160
452.652
455.814
452.800
452.977
452.919
454.752
457.028
453.801
451.975
453.502
454.419
451.894
451.783
449.494
451.160
450.234
453.857
452.327
455.018
452.161
450.071
450.955
450.419
450.161
451.111
451.910
452.841
451.553
452.715
452.069
452.639
454.995
451.704
454.268
456.229
455.094
451.743
453.793
453.611
453.372
451.003
453.054
454.428
453.406
453.335
453.241
451.350
452.040
452.041
451.037
449.362
451.052
451.978
453.401
450.580
450.072
452.856
453.386
451.552
450.308
449.937
451.267
450.808
451.155
452.337
454.116
453.609
451.697
452.021
449.950
451.434
452.409
456.034
453.141
455.173
454.557
449.718
451.839
453.356
455.636
454.003
453.907
452.934
451.759
452.511
452.744
452.105
452.623
452.577
454.718
452.367
450.863
454.765
450.971
452.905
453.360
453.557
451.616
450.376
453.169
452.850
452.185
452.720
452.128
453.501
451.395
451.774
451.795
451.977
454.773
452.955
454.693
454.430
451.144
449.998
450.275
454.233
455.034
454.108
451.997
451.596
453.998
452.829
452.140
450.768
451.903
449.924
449.866
449.759
451.312
451.777
452.711
448.504
447.744
451.946
450.514
449.502
453.281
451.731
453.597
450.853
451.600
453.102
453.042
455.793
453.577
454.282
453.370
453.037
453.278
451.729
451.516
450.443
453.701
449.961
451.339
451.161
450.828
451.517
451.343
454.064
454.013
454.493
455.632
453.682
451.344
451.300
449.535
453.020
453.918
452.725
454.253
454.071
455.180
453.947
452.216
451.858
454.043
457.899
451.941
452.868
452.323
453.648
449.922
452.794
454.005
452.748
450.315
450.841
452.189
453.519
451.727
452.372
451.620
453.156
451.514
452.777
452.767
453.231
453.193
451.752
453.383
451.090
449.315
452.257
453.241
452.491
451.802
452.189
455.522
451.604
451.304
452.143
449.058
450.086
450.496
452.155
451.755
451.926
452.275
451.581
452.880
450.919
452.148
451.793
450.265
450.643
451.019
452.393
451.156
452.225
453.123
455.640
454.703
453.427
453.546
453.474
451.022
450.887
447.126
450.172
452.364
453.881
451.590
451.835
451.715
453.512
451.940
452.159
451.729
453.489
451.981
451.393
451.755
452.821
456.433
453.149
453.465
453.031
453.849
455.764
452.137
452.668
453.138
451.408
450.170
451.387
449.730
452.114
451.361
453.313
452.642
456.474
454.284
452.605
452.581
451.295
451.528
454.626
452.087
453.413
454.586
450.486
452.102
453.106
454.465
453.047
450.790
452.499
450.940
452.593
451.498
452.937
457.600
452.223
454.799
452.794
450.795
450.836
453.129
453.048
451.335
453.353
452.116
451.829
452.419
451.464
452.582
454.417
453.424
452.658
453.791
452.934
455.872
456.215
452.163
451.288
454.012
455.888
454.430
455.596
453.438
452.823
454.221
453.296
453.900
450.814
452.448
451.412
451.807
452.306
452.124
453.529
454.827
453.215
453.048
451.658
453.052
453.201
451.305
452.872
451.639
454.317
453.169
452.668
455.224
452.935
452.500
451.784
451.680
454.560
452.430
453.112
451.209
451.008
453.048
451.874
452.344
455.950
451.162
451.105
449.659
452.094
451.981
453.815
453.712
455.517
453.622
454.944
452.959
451.649
453.838
454.692
453.172
450.484
451.982
453.880
452.444
452.216
452.571
453.293
453.620
451.324
453.593
454.561
453.387
452.085
453.369
453.541
452.919
450.624
452.228
452.877
456.058
454.053
451.554
452.554
452.586
453.316
453.918
453.690
453.813
453.816
452.502
453.961
453.617
453.441
453.610
454.051
454.680
451.858
452.725
453.439
455.219
456.783
454.585
454.003
454.117
454.340
455.916
451.705
455.008
453.587
453.623
452.044
452.705
453.234
451.702
452.835
453.322
454.710
454.465
453.908
452.740
453.284
454.438
454.750
453.949
455.045
453.495
453.095
455.122
454.782
454.279
452.880
452.983
455.407
453.022
451.617
454.594
453.197
454.704
453.418
451.285
451.662
452.288
453.578
452.066
452.560
451.920
454.673
455.930
456.523
455.286
455.663
455.864
455.524
454.075
452.323
451.381
452.749
455.102
450.373
452.237
453.868
451.343
453.491
452.824
451.566
450.799
450.732
453.230
453.802
451.082
451.236
452.080
451.703
451.258
451.964
453.249
454.821
452.940
454.349
451.592
450.028
451.727
449.978
450.416
453.486
454.776
451.995
450.913
452.867
453.575
450.284
452.292
451.907
452.813
450.730
451.032
452.973
452.533
450.640
451.981
451.188
454.147
456.279
457.415
456.144
453.605
452.660
452.339
450.724
451.633
452.295
450.828
453.591
451.851
453.118
452.887
453.678
453.559
452.858
453.446
451.297
449.798
450.208
451.418
449.989
450.599
450.779
452.284
452.677
450.708
450.112
453.325
450.702
455.760
454.786
453.237
452.317
454.093
452.809
455.079
454.352
452.397
451.434
453.738
451.926
452.924
452.603
454.653
453.654
451.940
453.818
451.023
450.933
451.701
452.175
453.251
450.235
453.471
452.213
452.297
452.045
453.939
453.245
452.217
452.344
451.704
451.691
450.184
452.447
448.674
452.122
450.411
452.362
452.216
452.590
451.777
451.777
452.571
453.233
453.537
454.082
450.040
452.983
452.881
452.273
451.894
450.912
450.809
453.275
453.394
456.707
452.328
452.269
453.564
452.194
455.389
453.138
453.128
454.310
454.393
450.887
453.188
452.479
451.072
455.844
450.871
451.454
455.383
452.360
453.892
454.567
454.433
452.695
450.635
451.610
450.179
452.829
449.434
452.885
451.397
451.979
452.042
453.810
450.323
452.068
452.532
449.877
451.065
449.366
450.093
451.651
453.476
450.943
451.041
452.273
452.572
454.099
453.569
450.088
449.649
451.967
453.029
452.019
454.115
452.362
449.430
455.679
450.639
451.514
453.650
450.081
452.708
450.751
451.721
452.440
451.553
451.774
449.924
453.558
451.750
451.992
454.202
454.332
452.047
449.736
451.150
451.596
451.789
451.447
453.192
452.379
454.005
455.272
453.312
454.737
452.852
454.398
453.837
453.970
453.765
453.470
456.906
455.625
454.609
454.465
453.016
452.626
452.805
451.484
453.095
453.677
454.200
453.257
452.765
453.275
451.769
452.571
449.166
449.509
454.228
453.249
452.497
453.044
454.856
452.934
454.545
451.714
453.046
455.002
455.281
454.183
453.131
452.692
454.598
453.542
451.433
453.127
452.774
452.946
452.972
452.572
453.641
452.468
455.042
453.561
450.448
454.606
454.064
454.474
451.756
455.051
454.619
454.883
454.643
454.687
455.575
454.041
456.218
451.999
453.480
457.191
453.286
453.759
454.302
455.427
454.923
453.392
452.354
454.034
453.257
452.484
453.141
454.688
453.538
453.175
454.099
454.445
452.179
453.514
452.227
452.722
452.716
454.124
452.712
453.737
453.672
456.036
454.860
454.691
455.083
453.803
455.076
454.518
455.551
455.334
453.245
453.570
454.482
453.218
453.278
452.059
454.814
454.735
455.848
455.908
454.376
454.440
454.677
454.539
454.016
455.069
456.050
456.738
454.698
452.808
454.481
458.365
454.882
455.181
454.075
455.284
455.866
453.244
454.854
454.350
455.345
455.604
453.956
453.927
455.269
453.812
454.016
455.652
455.718
454.925
452.758
455.109
451.469
454.394
454.747
456.723
455.036
457.296
454.844
453.681
455.010
452.390
455.654
451.810
452.757
454.361
458.904
453.090
455.981
457.027
453.816
455.055
457.487
454.204
452.925
455.594
454.429
452.792
450.850
452.744
456.650
454.252
455.848
452.267
451.292
450.663
452.001
452.604
454.025
453.167
452.822
451.560
448.818
451.110
449.804
452.924
454.769
452.168
452.923
453.391
452.798
452.250
454.247
451.426
455.289
453.257
454.253
455.425
452.457
455.213
452.595
452.904
454.025
453.727
453.526
453.808
452.583
455.307
454.841
455.494
453.052
451.112
453.074
451.468
453.639
454.388
453.909
450.066
451.033
449.846
454.272
452.311
452.373
450.976
452.293
450.531
454.552
452.241
453.177
451.871
452.859
451.286
449.956
454.614
452.493
455.748
454.391
454.592
453.247
452.300
455.175
455.045
454.510
452.602
455.135
453.480
454.738
451.711
453.842
455.383
449.988
450.981
452.653
451.391
453.721
453.789
456.396
452.012
454.325
453.105
453.899
453.756
454.414
455.704
454.492
455.282
454.232
452.849
453.313
453.464
451.149
455.042
452.003
454.914
456.328
456.140
454.851
457.511
454.922
456.623
452.293
452.021
451.741
453.168
452.725
450.588
451.849
450.735
450.561
450.609
452.763
451.988
452.296
453.328
452.618
452.543
453.475
452.861
452.090
454.151
451.248
452.851
454.377
451.098
452.509
453.305
452.868
453.615
452.081
452.628
453.409
453.800
449.944
449.633
452.602
449.877
452.331
451.717
452.284
455.116
450.232
450.359
453.247
453.053
452.196
451.083
455.930
449.252
452.294
451.701
452.214
451.951
452.451
454.767
455.269
451.110
451.962
451.209
453.416
450.172
450.403
450.184
454.702
452.723
451.474
452.492
453.774
451.813
451.882
452.421
452.120
452.460
453.952
455.291
453.526
454.472
452.013
452.231
453.071
453.751
455.018
454.605
455.032
452.826
453.952
453.713
453.403
454.975
453.259
452.942
450.949
450.289
449.340
453.261
452.383
454.283
455.457
452.875
451.933
454.206
453.515
455.417
453.562
453.414
454.606
451.491
451.154
451.957
454.144
452.297
453.993
451.535
452.025
453.818
453.813
453.167
453.453
451.662
450.847
451.335
453.224
452.649
451.319
452.176
453.021
454.179
454.534
452.288
452.756
453.012
452.978
454.578
454.156
456.394
457.185
455.266
454.942
455.665
451.927
452.081
452.877
448.971
447.909
451.481
452.281
455.301
451.683
455.396
453.855
451.852
452.741
454.021
453.094
453.988
454.165
453.125
454.795
452.877
453.284
453.079
452.977
451.519
453.706
454.486
453.568
456.431
454.943
454.348
458.152
454.904
451.350
456.113
454.616
452.273
455.479
454.864
452.053
454.729
453.778
450.110
455.540
455.600
454.942
454.878
454.229
453.351
451.856
451.957
451.508
454.683
454.309
454.041
451.553
453.988
452.932
452.655
453.166
452.286
454.217
455.019
455.131
452.502
454.296
453.926
453.819
452.573
453.313
454.896
454.735
455.878
453.588
454.625
453.040
454.116
452.495
453.909
453.810
452.942
453.668
454.363
453.236
454.432
450.211
450.839
450.834
455.371
453.736
453.609
454.985
454.951
453.791
453.312
454.711
452.233
454.368
453.596
454.137
455.697
453.772
452.749
450.281
453.098
452.131
451.520
453.109
452.335
452.613
452.595
452.081
454.004
455.993
455.798
451.004
451.121
453.926
454.502
453.149
454.147
451.655
453.574
455.852
456.065
454.363
453.114
450.153
452.200
448.829
453.520
452.670
451.778
454.567
452.484
452.061
453.769
451.255
451.287
452.953
453.716
454.890
454.685
452.880
455.665
453.520
453.234
453.284
451.253
452.678
452.574
452.627
453.092
454.030
452.692
452.392
453.912
452.273
454.455
455.506
454.192
454.824
454.963
452.476
450.389
451.948
453.327
452.526
451.779
451.766
457.436
455.154
454.311
454.843
454.158
452.914
452.417
452.657
453.792
451.788
453.697
454.158
455.989
454.673
454.954
452.715
452.667
454.806
454.452
453.121
451.197
451.184
453.481
453.072
453.875
452.010
453.453
454.068
452.217
453.521
452.019
453.497
454.670
452.207
451.725
451.791
451.594
452.186
452.291
453.757
451.753
453.214
453.253
454.692
457.629
455.929
453.688
451.846
454.813
453.792
452.362
453.574
453.005
452.090
453.495
452.586
453.967
454.510
453.917
454.712
451.319
452.962
449.828
452.782
455.263
451.440
452.529
450.191
452.296
451.915
451.449
453.029
451.410
451.781
451.709
452.547
453.915
456.160
453.286
454.331
451.511
450.635
451.374
452.418
452.882
453.826
455.115
454.167
455.162
451.835
451.271
452.784
452.167
451.299
452.486
452.596
452.619
451.531
451.487
454.460
455.781
453.092
450.583
449.457
451.006
451.403
452.255
451.825
453.867
452.758
453.260
453.798
450.860
452.167
454.375
452.992
453.844
453.879
453.339
453.244
449.551
451.835
456.313
453.913
454.447
452.112
449.985
449.191
451.952
450.832
452.065
452.020
452.618
451.104
451.516
452.709
454.886
451.541
453.001
452.715
451.797
453.390
452.182
451.985
452.931
450.571
452.080
454.325
453.962
453.771
454.700
454.827
452.635
453.629
453.053
453.082
452.356
451.360
453.532
452.608
451.099
448.716
451.377
452.119
452.362
449.750
451.115
452.775
452.156
451.019
454.685
454.533
452.262
452.016
454.691
452.439
454.160
451.413
452.722
453.403
454.117
456.032
454.498
451.202
453.506
452.052
455.375
452.828
454.501
455.020
450.523
452.140
450.274
452.667
451.028
451.456
450.856
449.387
452.745
453.840
450.252
450.723
451.993
450.387
450.599
452.585
451.036
450.702
453.659
451.492
453.375
455.639
455.220
451.245
452.648
452.861
451.677
450.753
452.207
451.569
453.645
452.495
453.530
452.364
451.895
453.825
452.422
451.725
449.529
451.357
453.543
452.000
452.768
451.011
454.254
452.105
452.777
451.521
455.414
454.450
453.948
452.670
453.353
451.347
452.781
453.286
452.937
450.752
451.254
453.101
454.420
456.401
453.980
454.319
451.334
453.978
452.000
452.953
451.420
453.093
453.123
453.724
451.366
452.825
455.098
454.815
455.707
451.688
452.281
453.756
453.324
453.563
452.059
451.688
451.901
452.234
