559.120
561.570
560.413
560.462
558.396
564.535
560.813
564.311
561.250
556.353
559.687
556.687
556.948
554.847
554.375
552.553
558.525
558.801
558.750
558.252
552.276
550.961
555.909
552.194
553.004
553.399
551.271
548.178
541.505
535.854
546.304
549.013
551.570
545.786
545.216
551.902
547.659
548.571
549.956
548.119
548.512
548.113
550.002
554.071
552.837
553.291
554.153
553.704
554.927
549.117
548.505
551.211
546.346
552.657
550.114
551.005
552.435
549.446
551.497
549.829
547.770
551.443
554.805
552.742
547.811
547.310
543.017
542.330
544.737
547.051
547.268
547.979
546.493
547.716
542.183
545.024
545.834
545.461
545.592
552.823
553.927
547.660
550.006
547.603
550.407
547.714
548.796
547.713
548.903
549.135
551.827
553.828
545.652
545.861
544.736
541.197
540.177
541.846
551.714
544.518
550.435
549.351
547.653
548.336
548.636
549.558
551.796
548.273
542.944
548.584
543.873
542.700
548.153
545.755
543.364
544.129
546.307
539.538
544.335
542.399
545.369
541.193
541.609
544.373
545.475
544.460
545.201
549.615
548.426
546.677
546.202
549.074
549.561
547.926
540.435
542.170
543.704
539.924
536.974
536.456
541.665
540.846
540.611
537.641
535.928
533.919
534.650
535.782
535.366
545.185
545.312
545.588
543.421
540.923
541.350
554.727
548.343
544.811
543.624
538.861
546.172
548.914
541.874
542.400
543.475
538.857
534.088
532.154
543.432
546.915
545.101
547.021
540.480
539.738
536.163
535.003
531.080
534.240
536.244
540.643
535.179
536.586
538.345
536.985
533.151
539.931
542.426
538.538
542.935
542.191
547.239
547.036
550.391
549.747
551.089
548.422
546.019
547.160
544.343
547.521
542.633
548.403
554.472
555.697
554.689
553.914
548.869
550.216
549.716
551.021
549.200
547.539
543.097
544.855
547.347
550.906
553.985
548.912
549.744
551.858
547.571
553.826
554.568
546.870
544.588
542.647
543.436
545.651
555.057
547.980
552.609
548.243
542.794
548.671
556.934
553.249
550.359
553.699
555.924
554.683
550.277
549.885
553.683
562.070
558.974
553.545
552.281
552.901
553.146
545.390
547.942
551.544
554.791
558.642
551.558
550.016
556.447
551.768
550.403
558.153
557.268
553.307
552.214
549.055
546.917
552.874
551.625
554.854
559.548
552.310
550.699
547.130
550.564
547.728
553.607
545.994
547.595
548.757
550.559
552.436
550.806
555.102
554.931
556.475
559.091
558.038
555.043
552.502
552.278
553.984
556.383
557.934
558.233
558.182
560.379
561.351
559.265
555.163
560.771
559.914
557.919
554.940
555.364
555.434
554.397
556.749
554.304
556.202
560.356
561.039
558.526
558.208
554.146
554.156
553.139
552.114
551.938
556.417
556.968
555.269
558.563
556.262
559.013
549.326
548.656
552.305
546.662
545.728
546.953
543.933
544.643
546.662
542.430
546.642
540.342
544.000
539.861
542.067
541.207
540.195
541.065
544.245
549.759
549.144
544.549
550.436
548.696
553.035
557.395
556.100
553.711
556.431
555.819
557.580
561.415
556.275
559.337
561.719
564.023
565.772
561.492
564.284
564.010
556.922
554.613
553.008
556.213
558.965
561.642
562.082
558.753
566.439
569.425
576.020
569.353
565.785
570.007
567.421
570.145
572.309
573.174
575.061
571.769
568.697
561.931
560.791
561.680
562.988
561.413
566.269
572.327
571.814
573.913
573.122
572.409
563.930
564.149
563.536
561.439
567.704
561.087
562.742
563.996
562.284
564.717
564.166
558.286
556.312
553.758
551.370
552.039
556.068
558.728
561.061
560.005
561.731
561.968
560.097
562.747
559.196
555.441
565.175
559.375
555.929
557.517
554.768
558.644
562.816
558.661
556.782
556.493
557.152
551.299
555.298
557.568
554.501
559.027
558.601
566.158
562.204
564.367
556.982
554.473
554.207
554.990
545.456
543.994
546.417
547.421
541.259
543.010
544.073
540.782
539.827
542.148
540.581
541.010
539.249
535.766
545.254
550.104
548.780
548.253
548.641
542.373
543.039
542.364
544.584
539.831
548.743
544.353
542.597
545.840
546.046
547.658
548.422
548.908
555.115
551.691
551.314
550.973
556.621
555.850
556.368
554.524
554.276
553.263
554.714
559.946
564.469
560.698
562.785
561.885
554.551
555.341
551.846
549.504
546.870
540.562
541.077
542.718
547.078
551.032
557.826
556.546
551.863
546.758
556.147
554.855
549.020
551.992
549.109
549.712
551.607
551.526
557.115
557.163
550.446
550.537
551.626
546.844
546.710
550.489
548.612
552.463
551.912
549.481
556.409
559.687
558.716
553.633
556.181
551.431
553.056
555.919
553.525
553.893
557.564
550.843
548.855
546.484
546.421
546.428
545.786
545.503
548.149
550.209
546.205
545.178
542.647
546.384
545.794
544.730
547.594
543.319
547.416
548.834
547.411
557.178
550.036
547.518
545.456
547.425
546.694
544.868
542.899
546.262
547.644
557.122
557.169
548.387
553.426
548.385
549.802
547.733
550.292
549.212
550.462
544.960
542.550
548.458
555.866
555.702
552.454
551.900
550.450
552.303
553.459
555.646
548.561
543.756
549.390
548.400
552.830
560.038
563.640
564.221
558.105
552.009
552.829
549.086
553.037
551.775
552.267
544.443
550.649
551.141
550.138
548.628
550.276
546.717
547.959
548.371
558.679
556.930
554.383
557.134
561.794
552.797
562.228
552.764
557.152
558.370
556.330
559.813
553.290
553.561
556.152
553.212
556.550
553.618
549.062
550.170
551.107
547.945
546.018
546.515
549.846
550.969
554.092
551.812
551.746
553.183
552.628
555.178
561.698
559.993
553.104
554.029
553.797
553.500
551.228
551.134
553.070
549.749
547.579
550.131
550.455
547.371
547.880
543.431
541.910
550.959
551.056
550.016
549.334
556.459
556.347
557.362
554.519
550.812
553.461
555.247
557.331
553.583
555.680
552.574
551.011
550.240
550.975
549.223
550.244
550.545
548.856
551.502
546.583
549.425
545.418
546.969
545.893
546.836
544.369
549.619
542.127
549.116
552.259
552.024
550.009
550.680
557.316
555.786
550.771
547.310
548.113
548.563
552.477
549.651
552.634
550.312
548.711
553.073
555.822
558.035
550.776
544.566
547.280
549.466
546.415
543.109
547.132
546.457
549.232
548.726
550.535
551.111
548.367
553.747
551.819
555.678
554.535
550.489
550.436
546.852
547.888
550.019
549.165
551.408
560.322
557.811
561.217
558.135
558.850
549.888
551.600
545.437
544.148
542.449
547.130
549.133
547.065
541.829
548.036
552.668
550.416
551.311
548.974
551.275
547.594
545.621
538.101
545.699
539.959
544.484
546.173
544.645
545.600
542.936
548.667
549.159
550.663
551.699
548.383
549.724
553.619
555.659
555.881
557.141
551.389
545.355
543.860
543.941
544.685
548.603
544.060
542.174
539.876
543.571
546.905
539.920
542.459
547.527
548.392
554.339
555.954
555.712
553.921
549.419
550.897
551.597
555.330
558.629
555.782
553.095
553.422
554.651
550.791
544.211
544.166
544.382
540.767
547.716
555.656
558.140
557.603
549.681
551.663
545.992
551.840
553.077
551.046
553.131
552.775
548.630
547.778
551.755
555.176
550.067
549.530
548.728
547.031
546.288
548.676
553.293
551.962
549.120
552.132
548.756
552.273
548.324
549.844
545.701
552.366
556.515
552.382
555.402
556.521
554.607
551.979
553.844
549.629
545.796
544.094
544.780
540.993
541.437
544.957
542.862
553.086
549.973
555.746
555.672
553.279
555.979
549.889
548.986
554.294
553.422
551.999
545.679
550.841
553.663
544.266
550.264
546.649
542.893
547.577
552.963
548.435
547.883
549.660
546.312
546.159
544.702
547.921
554.870
550.751
548.399
547.466
550.407
552.813
553.288
549.990
554.906
549.943
553.826
552.827
552.969
551.931
552.266
553.204
557.339
562.098
562.901
562.065
560.657
557.430
557.811
555.806
553.530
552.073
550.578
549.578
553.969
551.854
551.447
553.857
553.782
553.917
559.381
557.365
558.172
558.212
563.178
562.197
561.907
558.774
558.753
560.542
559.676
557.162
551.824
558.665
554.469
557.114
557.069
558.066
563.405
566.162
563.569
563.840
564.224
566.573
560.683
561.652
564.445
569.334
570.718
574.076
575.855
575.324
572.087
566.204
562.735
563.891
567.508
566.527
569.867
567.759
569.168
558.758
557.722
558.318
554.617
555.420
555.395
554.850
555.641
556.056
555.663
551.934
553.643
553.025
555.187
552.612
558.411
559.990
564.515
558.746
554.831
554.631
555.530
559.657
562.507
557.736
564.037
563.293
560.778
559.534
562.994
566.459
565.432
563.305
559.382
556.990
558.462
558.982
560.493
558.026
561.313
555.796
558.996
559.450
551.925
554.455
550.232
550.689
549.574
551.748
546.799
552.095
551.982
552.443
553.848
554.856
551.640
546.499
545.403
552.335
552.056
552.013
549.938
549.207
548.985
551.115
550.783
554.234
552.116
557.140
556.858
558.166
551.737
554.111
556.583
555.419
554.923
554.222
551.996
550.453
547.994
546.872
541.671
545.333
539.825
534.656
535.084
536.410
536.973
543.113
542.864
540.717
537.903
538.904
537.263
532.086
536.149
538.873
533.687
538.837
539.878
539.152
542.819
542.258
535.624
536.266
535.825
537.684
537.343
539.576
540.388
538.224
540.937
542.659
542.641
540.318
539.004
543.972
543.516
540.426
547.005
542.539
545.089
541.417
539.432
542.716
541.925
539.846
542.317
537.951
539.797
543.251
539.991
540.932
541.220
539.963
542.627
544.043
540.434
539.289
538.775
536.125
538.267
539.330
542.152
539.623
541.519
544.820
545.032
547.916
547.485
544.804
547.342
544.338
548.757
545.845
547.021
548.088
549.011
543.815
541.860
543.545
542.528
540.507
541.999
544.535
544.477
538.336
544.837
544.517
544.110
539.175
545.700
549.859
551.846
546.214
547.833
549.523
552.393
553.451
558.253
558.098
552.592
546.567
547.442
549.564
551.981
546.274
553.114
554.495
553.383
546.047
549.086
551.376
555.339
550.016
549.446
549.719
549.576
547.628
546.431
545.715
543.951
544.204
541.510
544.336
543.810
541.659
546.941
545.272
538.630
541.581
537.504
537.219
530.998
538.524
541.212
538.186
543.067
543.699
543.516
542.284
545.030
543.889
543.847
541.105
543.806
545.554
549.251
547.537
542.093
545.360
545.730
544.209
541.582
548.047
544.981
548.239
548.116
548.354
547.952
553.982
552.178
554.025
552.791
553.298
555.768
555.294
563.345
562.206
562.041
563.831
559.387
560.203
549.452
549.627
557.081
560.801
564.185
565.798
562.615
562.442
562.735
561.255
558.582
555.767
550.746
553.125
549.832
556.390
560.266
557.555
563.913
557.105
554.129
557.466
560.979
561.102
563.340
559.233
559.861
559.956
561.661
566.054
564.422
562.015
566.939
568.942
560.700
562.376
558.377
556.808
557.499
559.193
562.284
564.902
558.791
561.297
560.192
559.821
550.987
557.424
551.947
554.887
555.619
553.618
551.057
553.911
558.240
558.612
555.903
561.795
560.082
558.036
559.157
557.277
555.105
557.177
548.113
556.855
557.807
551.545
552.589
552.275
549.761
552.502
555.482
552.051
553.919
550.037
552.021
551.844
553.462
550.629
557.196
566.289
564.117
552.569
559.115
559.383
555.004
556.248
555.545
556.434
559.082
560.382
559.903
556.823
562.476
561.382
560.196
562.364
563.362
560.589
553.970
556.317
562.590
562.112
558.196
563.274
564.825
561.193
554.302
546.896
542.088
546.334
554.132
555.585
553.102
554.003
553.171
553.467
554.199
559.137
554.610
560.908
557.328
556.775
554.869
554.146
548.674
549.268
553.839
552.265
550.164
553.431
553.032
548.326
548.914
550.877
544.745
553.560
552.870
555.975
555.667
554.201
549.984
551.891
555.423
552.286
553.124
552.202
549.651
553.163
549.996
553.347
551.457
550.017
552.491
547.444
548.979
553.887
555.077
553.490
550.287
544.819
550.044
555.685
555.021
560.522
558.705
556.587
557.223
556.917
554.916
555.839
556.119
552.098
548.364
556.112
554.739
555.827
544.631
547.327
544.403
541.709
541.674
541.543
537.852
538.303
541.099
539.948
543.636
542.399
544.447
543.574
539.623
544.207
544.820
550.582
549.652
547.570
547.068
542.345
547.711
545.818
549.865
549.963
552.402
548.903
550.479
551.178
547.407
547.908
552.615
556.992
552.395
551.630
549.079
552.082
546.406
550.152
554.124
554.735
553.352
550.003
552.279
551.081
550.897
549.026
550.190
555.192
557.172
555.508
550.481
553.528
556.123
552.849
554.741
560.952
558.134
554.503
551.002
549.462
558.185
555.879
554.817
555.802
562.230
560.534
563.168
560.061
562.805
560.798
561.042
560.388
560.016
568.364
565.277
564.699
564.949
573.694
570.685
566.828
559.086
561.482
564.021
565.610
560.427
563.156
559.768
560.150
558.660
562.029
558.088
553.700
555.017
557.710
560.853
563.005
566.133
564.126
566.206
565.418
562.544
562.935
560.377
560.379
562.152
559.839
556.067
556.990
554.545
558.267
553.528
551.780
555.612
554.436
559.536
555.423
559.254
560.656
550.595
552.955
556.607
559.668
555.315
557.319
556.367
549.365
553.257
553.552
548.787
552.518
549.466
539.874
545.762
546.129
543.708
548.817
545.723
545.166
547.075
549.656
551.303
547.832
546.378
553.632
554.501
557.146
561.266
558.418
558.088
549.585
552.369
555.651
554.239
556.970
554.919
556.403
558.907
560.709
559.528
557.032
556.896
556.374
552.231
556.861
557.472
555.749
557.677
562.941
564.217
560.104
561.951
566.171
561.164
560.033
558.949
560.753
564.642
560.768
555.259
558.352
554.517
564.330
557.647
555.302
556.344
551.712
559.368
560.439
562.442
562.133
560.773
557.682
552.149
552.478
554.481
555.423
556.648
556.534
554.118
550.633
548.995
549.730
547.978
548.297
556.161
556.129
553.309
552.701
556.871
555.669
561.099
555.965
557.353
557.066
557.658
562.894
556.875
562.000
563.127
562.951
570.422
569.735
565.452
570.098
564.605
557.607
557.616
558.634
561.225
554.578
557.902
558.338
560.105
562.003
563.952
566.096
565.798
563.840
564.828
566.029
565.891
567.398
561.333
568.135
572.709
573.005
574.014
564.931
571.094
569.473
568.749
570.818
573.091
574.252
573.385
578.125
578.751
577.487
577.968
580.455
580.007
573.751
575.696
573.590
578.321
582.890
580.174
580.623
573.782
573.196
570.464
569.765
573.836
568.965
569.741
563.755
565.325
566.095
561.531
562.944
562.779
558.248
563.494
567.981
562.761
566.638
567.429
567.321
563.327
562.733
557.109
561.866
558.223
558.633
559.852
560.268
556.470
555.932
556.063
555.896
552.097
556.250
556.745
554.928
556.288
555.348
560.957
560.185
565.381
564.745
558.983
559.050
562.769
563.029
558.877
554.810
551.116
554.389
552.707
556.311
553.135
555.756
552.845
555.912
551.958
560.757
555.852
552.398
547.953
552.118
554.790
557.346
557.780
553.029
553.020
559.335
555.930
555.619
557.737
554.607
557.320
553.936
548.408
553.382
551.457
548.730
548.556
549.157
542.555
547.948
546.528
543.464
543.125
547.326
544.712
544.811
544.445
535.836
540.246
538.812
534.751
539.484
540.592
540.583
540.730
544.971
548.591
547.772
543.328
547.354
550.095
551.718
551.785
549.899
550.842
550.796
548.581
546.231
544.092
549.966
550.941
547.861
547.875
548.325
550.725
548.836
552.069
554.474
551.255
550.599
549.983
547.139
547.053
551.894
549.066
547.674
549.708
552.320
543.345
542.976
541.318
538.742
539.478
543.802
543.917
546.656
544.828
551.981
550.773
548.482
544.547
546.362
550.795
546.746
547.484
544.118
543.819
543.855
546.652
548.538
546.138
544.427
549.186
551.592
550.287
549.389
549.421
549.546
539.578
545.518
545.000
549.228
546.103
545.147
542.997
538.304
535.926
536.673
543.096
549.929
555.246
558.197
556.982
555.790
546.466
545.773
550.096
547.785
553.808
548.996
551.343
554.056
548.187
556.311
555.906
556.026
553.674
557.423
553.165
551.942
550.567
551.901
552.142
554.320
552.920
552.876
554.867
554.969
555.208
559.716
560.355
560.109
560.646
560.330
560.888
554.340
554.550
554.797
553.132
547.441
550.322
556.927
556.773
550.610
547.625
554.554
552.123
554.511
556.261
557.268
561.237
558.004
555.638
556.406
566.699
569.523
573.719
572.598
566.794
562.887
565.734
562.956
557.659
555.550
552.658
557.543
557.539
556.989
561.852
556.243
553.464
554.289
553.720
549.822
553.384
554.068
550.541
549.703
552.020
545.176
548.937
547.462
548.461
549.655
549.246
546.934
547.514
552.398
544.448
545.074
549.234
548.382
552.707
549.633
550.000
548.936
542.937
544.223
542.247
541.699
538.668
540.155
542.825
546.528
547.279
541.664
544.004
543.924
545.786
543.991
538.688
544.676
545.860
547.603
550.023
550.888
552.006
551.181
550.270
547.364
546.386
555.137
557.416
553.541
551.471
550.240
549.212
546.900
545.506
552.059
553.619
554.696
553.783
552.084
551.527
553.901
555.534
553.936
553.804
558.234
554.932
554.080
547.466
547.861
550.970
556.549
558.585
556.957
557.881
558.513
560.113
563.117
565.502
565.268
565.621
564.503
563.096
560.660
560.992
563.258
569.483
573.621
575.244
573.254
572.656
576.532
569.719
565.663
570.046
574.276
581.748
579.944
579.386
576.999
570.845
569.546
566.784
566.149
567.097
571.452
572.903
572.055
566.966
570.151
572.856
566.203
564.835
564.394
558.319
555.472
553.951
552.142
552.039
555.893
554.799
554.669
553.218
550.401
552.200
549.256
549.648
554.844
551.600
552.077
552.115
552.059
560.514
563.058
562.540
562.980
561.325
556.679
565.393
566.103
555.923
554.282
551.863
548.999
549.467
548.728
550.691
555.618
555.139
554.541
550.332
546.793
544.902
549.322
549.177
548.531
549.472
552.693
546.482
552.397
550.477
547.895
547.862
548.713
544.284
542.439
545.904
548.097
551.661
555.391
550.003
543.212
544.875
547.496
550.993
549.861
550.997
550.646
552.153
547.038
552.933
552.059
560.270
560.472
558.649
553.896
557.967
556.668
556.777
554.501
554.538
556.424
556.330
552.014
548.055
547.023
552.099
550.580
553.889
555.617
549.519
551.580
546.618
550.272
552.167
547.170
551.219
547.406
542.051
538.754
539.442
546.486
546.693
550.718
552.484
556.608
549.687
545.192
553.682
552.014
552.498
557.052
552.862
554.126
555.682
557.072
558.946
559.421
559.164
561.063
570.745
566.995
560.858
558.037
559.868
557.248
560.323
556.301
553.831
559.250
558.894
560.310
561.559
556.081
554.467
555.179
558.471
561.257
563.737
562.748
567.821
561.332
558.630
552.332
545.297
553.946
546.791
550.771
546.715
549.503
555.145
551.168
551.771
550.612
546.801
546.334
550.957
555.194
555.884
555.671
546.961
545.960
548.622
552.056
552.713
556.614
558.336
556.143
551.431
553.655
549.409
555.598
556.967
557.385
555.886
557.033
553.577
548.561
547.407
550.866
548.633
552.670
554.737
555.530
557.979
563.570
559.766
563.646
556.290
558.409
552.190
553.242
556.904
553.748
552.104
553.992
555.540
553.667
552.635
551.304
549.796
555.188
556.370
554.410
552.650
557.105
555.805
559.772
558.391
557.741
553.136
557.501
556.971
558.465
557.742
559.068
560.375
562.351
555.143
556.099
556.716
557.456
552.301
555.070
557.328
559.284
555.889
553.277
546.700
548.219
548.343
547.193
548.596
545.514
553.309
556.231
555.306
555.071
552.041
553.768
552.625
553.988
553.821
554.742
554.732
549.498
547.713
550.223
553.744
554.391
559.221
561.545
562.013
565.134
562.318
566.571
566.791
559.653
557.303
557.741
562.845
564.331
563.426
560.505
564.504
566.353
564.403
563.897
562.503
565.395
556.868
555.246
556.265
558.474
553.127
559.077
559.061
555.624
553.642
555.580
555.869
555.194
558.772
553.556
559.785
556.726
558.638
561.626
564.199
561.353
557.691
555.380
561.777
566.511
562.860
560.312
562.250
557.874
558.682
555.539
548.768
548.451
555.539
559.974
554.046
557.340
554.348
557.223
559.063
553.724
561.019
561.787
564.091
566.369
563.515
568.140
564.498
569.501
566.847
568.073
560.336
556.555
558.117
551.587
548.153
545.124
546.568
551.118
551.450
549.985
550.064
549.890
552.710
552.061
552.359
554.424
560.413
561.378
562.163
558.206
555.775
557.640
556.224
560.096
556.994
550.504
548.331
550.022
556.603
562.891
558.856
560.094
555.924
564.073
562.318
555.876
556.433
556.238
560.731
558.149
557.282
562.082
561.296
568.789
569.402
561.682
560.003
558.039
548.438
561.339
564.413
564.569
565.515
564.780
563.575
562.021
563.118
559.001
556.858
562.591
559.258
555.396
556.379
557.464
552.319
551.057
550.677
552.855
550.230
548.773
546.796
548.770
546.416
545.004
548.844
550.284
552.146
546.250
547.686
549.438
556.457
559.188
557.508
553.258
552.966
552.347
551.248
551.420
554.769
552.333
551.125
552.448
556.823
552.465
556.414
552.224
548.079
552.081
545.826
558.667
557.754
557.921
552.430
560.651
555.242
552.037
558.147
562.415
562.816
560.680
556.058
552.349
558.914
561.821
557.700
562.445
561.383
565.458
561.720
563.680
565.265
557.714
559.433
558.118
560.451
564.211
561.969
560.715
562.039
558.106
559.413
564.476
567.815
570.594
570.725
568.376
562.828
564.026
559.610
559.244
563.584
558.039
557.596
557.723
559.661
564.392
564.595
560.478
565.055
570.801
573.304
571.867
568.054
571.399
568.863
572.938
568.540
564.208
568.395
566.006
564.318
564.383
567.907
563.303
565.600
560.516
559.882
556.569
561.303
550.375
559.958
556.381
558.029
558.031
561.184
563.687
556.441
554.450
554.498
561.762
561.562
554.671
557.239
559.859
559.909
556.236
557.701
557.592
560.801
565.195
562.056
556.626
558.772
561.437
559.657
559.430
560.580
554.697
555.407
555.740
559.651
551.029
552.190
554.913
555.316
554.514
551.737
553.036
551.945
550.200
550.332
551.583
550.843
551.699
551.332
557.977
558.639
559.738
557.798
567.644
564.901
566.062
562.837
560.149
565.739
561.315
557.445
554.766
552.976
556.499
554.585
552.855
554.036
552.663
552.346
553.885
554.482
547.736
556.588
554.957
550.925
551.639
547.356
549.931
546.951
549.707
550.908
551.846
553.424
551.299
547.291
544.568
550.426
548.698
548.691
551.186
552.331
549.679
552.073
550.710
550.262
548.858
551.282
550.570
546.650
548.051
546.603
548.419
550.398
552.232
555.602
554.045
550.707
547.016
550.258
549.408
549.994
550.533
554.545
552.082
552.040
544.502
539.894
538.118
545.854
549.430
556.250
559.474
560.316
559.192
561.021
559.028
553.936
556.220
553.591
556.428
553.027
552.959
549.575
551.483
549.451
549.528
552.087
547.007
553.383
548.633
546.583
555.190
545.322
547.746
551.598
550.639
546.716
544.070
547.700
547.917
549.663
547.345
550.254
553.362
557.901
560.983
554.222
557.540
548.230
547.836
549.148
546.394
545.386
546.420
547.824
543.239
540.200
546.674
540.815
542.921
542.061
541.353
548.593
543.091
542.835
539.965
537.977
544.570
551.002
550.876
556.749
553.857
552.675
547.657
543.549
542.682
543.583
541.700
542.501
540.534
540.674
538.940
539.156
539.397
538.833
541.278
540.834
544.701
548.374
555.525
560.330
555.946
560.278
556.979
558.591
553.134
553.843
552.590
551.278
549.811
553.602
552.035
553.957
556.417
557.857
556.300
558.182
557.901
554.750
557.253
559.806
565.561
563.631
565.761
562.567
564.220
563.512
567.515
567.734
571.324
565.625
568.906
567.899
563.254
564.281
562.617
565.294
564.267
569.233
564.556
564.778
559.702
559.868
558.706
560.220
554.891
555.008
553.964
556.119
561.187
560.615
568.016
565.648
570.526
569.366
572.807
570.300
569.980
571.879
571.784
567.533
563.851
564.171
565.686
558.841
565.161
560.083
566.092
559.549
558.290
557.150
554.027
557.434
557.972
560.499
557.133
551.420
553.752
553.336
555.273
551.619
549.871
551.306
552.448
547.508
553.062
549.665
548.864
549.016
545.198
546.007
542.490
546.708
547.992
549.510
549.812
550.700
547.496
543.739
543.993
537.943
536.326
541.115
539.430
542.684
543.613
548.094
548.069
546.328
544.001
544.621
543.395
544.165
545.449
539.444
540.519
542.568
548.245
546.565
549.465
551.963
551.403
558.411
559.686
560.867
554.942
554.481
550.537
556.188
555.639
557.057
555.873
560.518
562.013
565.836
565.336
564.719
565.889
561.767
559.288
549.513
554.439
554.912
556.862
555.819
559.685
562.075
560.571
555.566
553.970
558.143
555.004
558.073
555.389
558.835
559.191
555.044
559.362
557.726
556.719
554.496
556.004
557.460
561.787
563.571
557.117
549.324
552.517
548.594
547.593
551.479
551.102
555.977
550.842
552.498
560.673
557.402
558.129
556.964
552.063
558.501
560.888
563.944
568.259
566.265
561.676
558.718
558.706
560.889
560.951
563.204
563.832
562.214
558.847
558.654
555.090
560.178
563.213
566.449
566.721
561.099
556.018
561.132
560.001
560.876
562.593
559.259
561.756
565.769
565.996
572.505
565.310
567.651
561.699
563.983
568.144
570.256
570.737
577.625
565.480
563.670
560.809
560.097
559.194
561.254
564.270
566.349
569.167
571.483
568.454
562.671
564.792
568.882
564.602
564.341
564.637
562.057
567.116
565.002
567.665
565.167
563.901
564.372
561.912
560.634
565.443
571.164
560.644
557.643
560.543
560.258
561.433
565.110
563.990
560.753
563.131
567.559
564.263
560.845
557.166
563.175
565.561
563.877
565.317
563.121
565.085
561.101
560.890
562.636
557.930
553.932
556.025
565.165
557.399
563.059
558.553
560.866
562.321
560.276
560.228
562.870
561.857
558.481
560.254
555.683
555.854
559.709
559.226
555.897
552.829
557.486
557.431
552.373
553.192
561.075
562.595
563.948
566.633
564.378
567.978
568.155
564.896
562.920
563.057
560.292
568.046
561.177
560.654
560.393
560.805
559.784
555.134
552.175
551.465
549.595
552.855
559.609
560.771
563.916
554.662
554.352
554.175
554.575
551.512
551.853
555.703
561.900
564.090
559.270
559.361
564.282
567.821
567.108
561.278
562.945
564.845
561.802
562.374
560.601
559.602
562.128
561.172
561.426
560.441
559.888
562.257
557.485
557.281
557.626
554.491
554.029
552.708
554.553
555.411
552.820
546.565
548.656
547.655
550.654
549.903
551.458
553.736
553.354
555.969
552.317
554.454
556.725
554.844
555.206
557.236
560.890
562.309
563.738
565.964
565.688
572.199
577.558
571.168
573.122
567.705
575.796
568.786
568.883
564.821
567.330
561.581
565.896
567.277
567.767
561.528
556.613
563.794
563.626
563.070
562.027
569.920
571.907
568.311
565.843
569.844
570.452
568.770
569.549
567.415
567.204
563.546
561.551
558.632
558.700
559.431
554.711
562.548
565.239
562.014
564.573
560.025
558.910
559.409
553.701
547.336
553.997
553.973
557.836
552.380
552.971
556.129
558.188
555.456
555.648
554.087
553.454
555.334
553.279
556.831
558.740
552.017
553.080
550.255
554.976
553.681
552.150
552.561
553.776
556.079
562.257
556.993
558.267
561.031
570.413
566.131
564.933
565.413
557.341
562.975
562.184
559.977
554.719
552.225
553.223
557.538
556.797
556.801
557.517
558.039
559.230
566.489
561.069
560.121
560.576
562.414
560.266
565.934
567.586
572.337
573.485
565.656
569.819
567.086
565.453
569.445
565.169
563.830
563.874
566.539
565.578
570.235
569.216
565.651
567.237
567.645
568.173
567.448
567.869
567.406
561.582
559.694
564.575
564.957
557.720
554.833
551.032
552.779
555.882
558.467
562.642
557.966
556.266
562.569
558.582
560.516
557.658
564.540
556.046
554.199
556.467
554.958
555.808
558.168
559.748
561.234
559.466
568.197
567.102
567.980
563.476
559.558
556.773
549.858
554.074
550.117
554.549
555.287
550.192
554.428
552.326
551.594
555.828
557.256
560.949
557.255
553.854
554.809
557.307
559.720
553.536
554.962
556.877
558.360
558.524
551.848
549.560
548.517
551.193
555.444
550.019
549.361
552.485
549.980
549.597
553.573
549.569
553.125
553.823
558.728
557.551
558.855
563.567
559.824
564.882
565.390
567.691
565.168
556.691
557.371
552.788
558.339
559.675
561.333
555.629
555.805
557.306
551.701
551.288
557.463
552.016
551.192
558.543
554.784
557.183
554.981
557.944
555.241
553.203
551.110
545.767
550.806
552.534
551.323
549.694
549.995
548.721
547.570
548.225
544.891
546.623
547.580
548.136
547.721
542.273
547.409
545.148
542.463
543.542
542.767
543.180
542.408
545.908
536.801
542.198
540.327
539.036
542.146
544.146
536.774
533.776
530.740
533.025
532.432
532.679
539.325
538.045
539.538
543.205
541.992
548.735
546.042
544.038
551.113
550.247
551.412
547.806
544.813
545.668
546.626
545.106
549.025
549.193
551.019
549.097
547.171
551.080
546.430
549.207
541.180
542.041
543.077
540.868
542.042
546.555
548.442
552.631
551.977
552.421
553.929
555.477
555.245
552.023
553.046
553.442
552.769
553.861
554.392
557.070
555.176
548.291
550.600
548.268
549.003
550.480
551.617
556.120
551.398
550.356
556.447
553.567
557.235
558.176
556.136
556.643
560.969
556.975
560.035
553.811
552.508
550.710
556.319
557.033
555.257
554.250
555.484
558.465
559.754
559.279
562.904
563.751
563.107
565.314
565.259
567.722
562.611
562.303
558.593
561.211
557.585
549.234
550.954
551.812
556.731
549.946
547.793
544.881
546.182
548.530
548.685
547.889
548.049
547.010
543.826
544.704
549.620
548.927
548.145
546.620
546.083
545.436
542.502
540.123
541.307
538.382
545.857
547.240
543.542
543.517
538.620
544.506
540.550
545.983
541.730
539.994
537.714
540.301
541.319
537.722
536.858
540.762
540.831
543.476
551.150
553.466
549.758
548.003
550.648
544.866
546.165
547.978
550.785
552.603
549.742
550.288
544.542
546.263
552.318
547.501
545.107
544.982
546.121
543.398
542.147
543.533
545.584
546.773
546.478
548.015
548.450
547.889
545.688
546.190
540.995
546.822
549.403
546.358
546.475
546.943
545.606
544.767
542.610
539.299
540.156
544.220
542.064
544.015
544.001
542.463
541.039
544.828
539.745
535.809
538.353
536.736
532.180
533.131
529.815
535.307
540.631
540.824
543.973
542.904
540.777
547.821
546.797
540.840
542.182
544.549
547.286
546.468
548.295
548.119
551.838
550.857
544.825
548.981
548.677
550.701
554.250
554.646
548.456
551.890
553.036
551.403
550.517
545.800
551.301
550.562
551.437
548.818
541.599
541.447
543.235
544.920
544.485
548.313
546.314
541.620
544.308
543.743
548.384
555.111
549.832
554.942
553.197
555.527
553.843
554.458
555.676
558.939
561.730
558.441
555.780
551.644
551.611
547.323
545.094
549.925
547.078
548.396
549.008
549.977
552.263
553.507
556.313
559.981
559.558
549.711
552.728
554.990
556.912
564.862
563.515
562.253
562.233
563.954
561.533
564.794
563.892
564.831
561.664
560.566
558.551
558.006
553.131
549.474
552.295
547.147
542.416
541.507
539.686
541.779
544.436
546.664
540.705
543.232
540.781
537.517
539.707
540.615
544.468
545.598
550.587
553.165
558.291
560.900
559.499
557.101
556.763
555.779
554.969
546.327
552.854
550.831
556.973
549.772
547.535
549.281
546.943
545.518
549.764
545.894
547.888
542.824
545.467
545.178
542.423
546.224
548.652
542.751
549.159
547.235
548.325
553.966
551.756
552.381
549.816
554.363
554.570
553.961
548.797
548.984
544.825
548.858
548.954
548.291
549.313
548.132
542.435
543.102
540.659
541.340
538.766
545.088
542.426
549.381
548.479
542.559
540.709
543.050
542.176
544.946
546.731
547.535
545.358
541.518
540.159
548.052
543.052
544.316
546.913
545.894
546.060
547.282
552.882
551.806
547.045
546.841
547.853
548.723
544.591
546.084
546.408
549.584
544.068
540.512
540.561
545.572
542.265
544.950
544.395
542.907
546.247
546.710
544.542
544.466
544.505
550.386
550.309
550.034
549.795
542.497
541.075
544.252
543.756
544.067
544.890
548.381
550.475
546.548
544.321
534.091
535.262
532.974
535.651
537.180
538.469
541.903
542.299
540.997
545.644
540.617
539.708
539.812
540.929
541.017
535.624
538.879
539.363
536.368
535.227
547.092
545.035
541.270
538.442
538.823
542.719
543.690
538.153
542.854
529.783
534.263
533.940
538.475
536.765
541.767
540.514
536.154
547.193
545.543
544.392
549.211
548.454
547.038
543.247
545.494
548.505
549.011
549.857
550.219
547.317
550.947
551.583
550.621
556.565
554.872
553.591
551.775
551.650
557.727
557.397
556.729
553.540
555.246
556.585
559.282
556.698
556.598
550.297
550.738
549.968
541.634
545.182
548.913
548.973
551.098
548.673
545.407
546.532
551.289
556.289
548.755
543.298
546.766
544.127
544.429
545.143
545.959
544.387
542.363
541.280
537.520
542.554
547.704
546.559
548.847
540.614
541.324
541.760
544.289
546.022
549.194
548.692
546.548
546.278
551.655
551.396
550.766
547.830
549.508
542.585
543.232
543.466
549.079
545.463
545.306
550.193
545.108
543.733
541.229
541.379
544.191
547.868
543.840
545.329
547.011
547.396
549.697
550.841
552.217
550.369
550.386
543.488
545.404
545.119
546.029
549.673
549.299
546.252
549.295
546.388
548.175
545.412
552.770
543.740
544.870
550.439
548.412
545.219
548.156
555.336
552.054
551.778
554.680
550.876
547.184
544.312
547.569
555.766
549.082
549.042
548.066
553.445
555.936
553.012
548.378
549.066
551.010
549.868
546.235
545.757
550.667
549.158
551.503
553.899
551.944
556.904
550.742
547.633
554.498
558.047
550.504
552.612
555.210
552.985
550.860
547.226
555.820
552.210
548.349
544.619
546.465
551.765
553.875
555.357
559.602
557.941
553.064
553.799
557.147
559.643
552.389
555.152
556.611
553.047
550.683
547.060
550.549
546.874
546.853
548.884
550.951
551.398
547.026
552.846
552.249
552.518
556.751
556.370
558.527
561.265
553.380
551.939
551.778
549.909
548.874
546.441
549.495
549.643
549.182
552.016
553.555
557.518
553.293
558.824
556.099
560.148
562.629
568.965
571.572
565.742
563.010
563.694
561.293
551.423
555.013
554.625
553.145
551.764
557.035
552.872
554.156
553.589
548.290
544.084
548.365
551.728
547.914
550.284
548.203
545.470
548.577
548.207
550.709
554.626
550.649
550.127
553.368
552.810
551.561
547.559
544.991
548.178
550.206
546.859
550.417
552.308
550.583
548.068
550.281
544.260
552.760
549.499
547.186
551.764
554.556
556.504
556.532
563.963
561.208
559.551
562.604
560.639
559.077
563.322
563.462
567.259
565.557
561.350
556.775
560.971
560.348
568.024
564.404
558.036
550.036
549.278
549.864
549.771
542.240
544.092
544.600
543.269
546.416
546.315
548.290
551.398
550.183
553.275
556.782
550.191
553.219
552.711
548.564
550.148
555.950
556.341
555.061
548.341
543.968
546.718
547.635
544.999
543.976
540.589
537.917
536.749
539.339
544.487
538.023
538.174
539.741
542.268
544.750
545.519
545.251
546.735
542.117
547.593
543.626
544.533
547.087
549.049
548.714
543.942
546.935
541.477
543.842
547.041
548.573
548.920
541.452
539.327
541.239
537.979
535.046
544.896
546.211
543.123
543.116
546.599
545.358
549.347
556.532
554.182
543.187
545.757
543.339
541.381
549.931
542.723
542.399
542.533
543.866
544.302
542.549
540.396
539.987
541.471
534.080
539.166
539.706
536.237
538.323
543.087
544.807
541.818
543.231
545.053
552.187
549.613
551.907
548.417
551.727
556.289
554.543
555.140
554.100
557.864
551.430
553.583
555.546
558.012
560.787
559.678
562.644
562.982
560.014
559.688
556.456
545.727
547.495
542.025
544.209
545.922
542.275
546.841
543.188
545.443
546.621
546.070
548.949
546.643
545.100
548.691
550.953
546.734
545.955
551.026
544.809
538.503
540.896
543.391
550.955
545.820
540.488
546.801
546.118
550.827
545.722
549.712
546.667
551.466
551.561
550.773
554.572
558.315
564.678
562.734
555.533
558.884
549.784
554.576
549.492
555.225
554.206
555.954
550.329
548.517
544.323
544.653
546.295
551.896
554.360
547.631
552.730
555.307
550.651
545.372
543.367
546.313
547.369
540.226
543.780
548.794
545.724
541.464
540.593
538.455
538.659
539.049
543.972
553.028
542.565
544.598
542.447
546.546
551.240
545.947
548.446
548.737
543.216
540.148
540.064
539.773
540.822
543.202
544.341
546.746
553.645
555.383
554.748
558.158
553.480
554.362
552.768
551.868
558.527
557.567
560.694
563.802
557.638
557.401
558.349
557.678
554.101
556.960
564.621
564.212
570.207
572.117
565.627
563.013
561.007
564.205
567.966
564.072
562.451
558.504
557.218
551.440
558.347
556.478
557.050
556.776
562.838
560.457
557.408
554.042
555.875
552.881
556.259
552.469
550.362
551.889
548.340
553.226
546.435
549.457
554.745
557.396
552.670
550.002
553.418
552.240
551.920
553.104
554.488
554.044
552.900
548.764
543.039
542.948
543.698
545.055
543.046
546.312
540.234
539.669
548.751
544.935
549.859
543.190
546.008
543.247
546.342
541.418
544.272
540.631
539.220
544.170
545.111
544.849
540.010
541.302
542.550
541.549
545.499
544.596
548.967
547.686
547.533
547.870
548.959
549.253
548.451
549.550
550.817
552.564
548.926
549.340
546.200
546.120
550.474
550.286
550.918
554.169
556.272
554.283
548.651
545.307
543.791
541.163
542.609
539.676
537.716
543.510
545.241
545.810
547.221
543.694
550.674
551.746
553.241
550.450
550.672
552.605
553.632
551.458
550.994
550.813
548.604
553.175
559.125
560.291
557.706
557.013
554.316
553.254
556.810
554.748
553.208
549.900
546.168
544.399
546.168
548.573
553.432
559.030
557.809
565.938
567.772
562.517
563.105
560.443
563.737
565.654
565.735
558.782
563.046
563.217
562.983
565.154
566.872
560.377
560.777
560.048
559.520
556.753
557.081
564.891
560.751
560.008
554.999
555.015
559.606
560.039
562.971
564.562
557.657
558.358
555.620
552.236
549.047
554.797
555.006
557.764
552.154
556.142
553.178
553.344
555.643
553.912
557.231
560.156
559.417
554.225
559.029
558.746
556.114
560.185
563.338
563.111
561.329
569.814
569.529
569.688
572.860
561.234
557.089
557.656
556.969
553.385
555.938
552.538
559.695
559.481
557.496
556.493
554.255
553.214
548.708
552.507
557.550
558.436
554.805
557.062
565.750
557.300
560.009
562.758
563.490
562.490
561.725
564.387
559.499
558.760
562.172
553.865
556.972
558.353
557.228
553.390
561.663
556.152
558.064
551.665
553.853
559.312
550.124
551.149
549.837
552.056
555.565
557.046
554.159
560.414
560.370
560.139
556.463
554.430
558.858
552.039
555.813
557.431
554.153
555.797
563.010
559.390
563.716
562.223
556.650
553.785
554.794
557.919
559.494
558.963
561.077
561.779
555.047
559.313
559.089
557.191
561.947
565.773
560.114
560.031
560.778
555.800
555.383
555.099
554.777
551.995
547.362
549.854
545.702
551.063
548.097
543.459
544.355
542.558
542.953
542.761
539.567
539.809
539.887
541.534
539.449
537.911
544.808
544.150
542.380
544.546
540.115
540.402
540.271
535.766
535.755
535.840
536.907
536.480
538.365
538.379
537.516
534.595
534.876
538.707
541.702
538.923
543.868
541.825
537.221
543.030
538.610
537.624
542.177
542.260
544.967
541.967
546.009
543.099
538.745
536.538
538.795
538.942
544.618
545.482
545.799
548.558
550.728
550.930
546.508
549.106
545.665
546.737
546.480
547.915
543.863
546.326
547.449
547.011
544.996
547.733
550.183
549.856
556.121
558.359
556.942
554.839
557.153
558.995
555.336
556.779
554.328
556.545
558.689
550.635
555.636
552.097
554.350
552.921
557.964
555.612
555.442
560.098
561.862
561.351
559.696
564.283
567.572
565.949
567.479
564.536
567.021
563.334
562.320
564.633
559.214
559.231
557.181
557.924
556.552
560.721
560.436
561.087
556.841
555.320
556.073
560.767
555.025
557.632
563.234
560.486
557.251
553.778
555.820
558.035
558.134
557.336
550.556
552.613
550.151
550.168
547.570
551.595
552.830
549.920
547.485
546.489
544.271
548.506
549.971
550.178
549.133
548.213
555.174
556.033
554.034
553.864
557.679
560.898
560.544
555.987
550.694
556.742
560.393
564.359
561.919
569.841
566.685
560.663
564.625
568.048
565.493
564.736
565.427
559.020
567.765
570.493
573.056
567.818
570.667
569.910
567.809
565.766
560.883
563.644
560.155
561.291
560.465
562.380
559.516
556.739
556.409
556.062
556.678
554.856
556.370
556.199
556.884
564.119
562.942
554.171
551.337
555.579
553.548
554.680
553.068
563.894
559.953
555.518
558.915
558.310
557.339
560.858
554.093
560.027
555.043
556.843
558.885
562.285
556.956
565.472
559.988
558.733
562.609
564.802
564.056
559.930
556.622
557.972
559.086
558.496
552.729
557.972
553.800
547.027
553.852
553.922
555.296
550.692
551.608
548.946
551.710
556.973
555.700
557.198
561.167
562.741
566.826
564.258
563.402
562.620
560.298
560.261
566.430
564.127
563.828
560.953
560.766
560.405
549.221
550.481
551.000
547.850
548.639
549.090
556.030
559.024
559.209
555.206
554.172
551.298
553.138
556.921
546.252
549.400
552.478
548.636
548.895
547.808
552.173
549.961
547.784
553.050
549.928
551.973
548.824
551.179
550.831
547.954
548.553
547.012
545.535
546.350
544.892
548.405
551.482
544.656
540.668
545.367
547.179
547.859
550.705
552.684
550.099
550.048
558.443
558.813
557.470
556.014
555.556
560.796
560.975
555.797
550.682
554.900
551.607
556.745
554.297
556.641
564.411
561.943
555.880
557.560
559.681
557.865
557.887
553.604
553.512
548.651
551.705
550.961
552.164
552.250
553.420
553.779
548.866
552.181
552.980
556.381
557.047
555.907
561.551
561.651
559.667
559.153
558.731
558.238
556.163
561.411
563.480
570.056
563.975
565.109
567.839
567.758
562.168
565.483
566.025
570.274
568.437
569.674
567.220
569.706
567.325
568.733
566.046
564.502
565.374
569.241
570.696
573.966
569.967
575.875
574.518
571.791
569.544
572.947
568.187
564.444
570.529
573.947
574.539
573.253
575.530
569.145
570.221
567.191
568.670
571.068
570.617
572.319
576.684
579.211
573.440
570.900
574.222
565.532
571.473
567.162
566.785
569.052
565.744
566.774
572.393
572.075
569.038
561.360
567.378
564.396
563.111
559.250
559.313
566.130
563.877
562.740
559.813
561.016
559.543
556.936
553.017
549.852
554.103
556.293
552.281
548.851
551.111
561.070
556.598
562.000
558.175
558.879
559.744
560.603
558.198
553.753
553.372
552.219
554.658
553.130
554.850
551.141
551.602
556.178
551.868
552.612
553.131
553.838
553.156
549.452
553.738
551.041
553.247
552.429
550.878
550.137
549.831
550.301
549.014
548.691
548.468
551.772
559.162
561.721
562.241
554.494
556.273
555.253
556.643
552.630
553.516
546.343
551.821
555.007
549.232
547.456
552.059
552.037
553.654
551.532
550.333
550.452
554.479
