455.131
456.303
458.105
456.153
456.894
454.326
455.968
455.811
452.878
454.987
457.567
456.876
458.133
456.525
455.345
455.117
454.713
454.715
456.066
459.086
458.624
457.452
456.080
457.711
455.802
456.834
457.948
455.971
454.336
452.033
451.459
454.280
455.706
455.603
455.040
454.296
453.878
455.041
455.350
454.541
455.241
454.466
452.947
456.349
455.765
455.065
456.140
455.668
456.847
454.357
455.247
453.308
452.725
452.677
452.416
450.825
453.682
458.080
457.300
457.375
453.927
458.320
457.016
456.373
452.365
458.191
457.762
456.913
459.810
458.705
457.752
457.735
455.667
455.852
455.931
457.668
457.164
458.246
456.639
458.159
457.263
457.730
456.072
455.071
458.285
456.964
456.169
459.128
457.138
458.004
461.490
460.442
458.017
458.985
458.035
458.256
460.948
460.132
460.976
459.156
458.441
459.198
460.707
460.168
458.021
454.572
459.431
454.771
454.578
457.792
455.529
456.445
458.386
457.526
456.878
457.131
459.325
459.085
458.088
455.872
454.928
452.272
455.644
454.426
456.970
455.415
454.814
452.731
453.693
456.841
457.723
459.273
455.969
457.192
455.054
455.059
456.535
457.542
453.578
456.929
456.751
457.684
455.669
454.634
454.445
457.466
457.778
454.370
455.095
457.700
458.104
457.086
457.356
455.010
456.460
454.653
457.073
457.075
456.626
454.010
453.956
453.278
453.275
455.222
457.637
455.867
457.685
453.934
452.774
458.675
456.835
457.000
459.113
455.699
451.214
454.253
453.483
452.058
453.199
457.459
454.241
454.206
453.787
454.835
453.188
456.094
456.756
454.692
456.642
454.542
453.356
455.133
452.895
454.992
453.500
454.241
457.337
456.628
455.417
455.781
455.039
455.754
457.710
455.960
454.632
454.124
452.400
455.990
455.974
455.249
456.695
453.367
452.522
456.080
452.592
454.566
451.648
453.496
455.496
454.729
456.822
453.221
454.824
453.070
450.805
452.614
454.255
453.494
453.747
451.837
452.182
454.908
452.977
454.919
454.574
454.311
454.391
453.813
453.896
453.700
452.863
454.651
453.368
453.585
451.503
457.757
455.534
456.089
455.809
453.904
451.219
454.199
453.660
453.468
455.628
454.986
455.847
453.835
454.033
456.838
456.367
457.454
455.135
454.699
455.475
457.858
456.892
454.052
455.025
452.459
454.009
451.426
453.627
453.668
454.620
453.886
452.139
451.216
449.991
452.617
451.584
454.361
453.724
451.888
452.635
453.118
450.470
451.893
451.378
451.142
455.445
452.421
452.568
455.868
456.002
455.822
454.509
455.057
455.254
457.003
456.385
455.860
453.820
454.292
456.530
456.248
454.135
456.789
455.789
454.979
456.853
454.837
453.529
453.130
451.052
454.676
454.731
456.310
454.515
453.139
454.278
454.754
455.315
455.627
457.005
460.041
457.241
456.458
454.763
455.938
454.416
456.345
454.351
454.103
454.170
455.413
453.417
453.440
453.238
454.025
455.406
456.541
453.631
457.544
453.841
456.153
452.929
451.835
456.308
453.343
454.482
451.261
453.680
454.305
455.656
455.948
455.097
453.198
453.013
456.853
450.560
452.861
455.266
453.438
452.542
450.744
451.830
453.410
454.607
454.292
453.126
452.149
454.732
455.045
455.317
455.207
455.569
456.537
454.771
454.489
456.916
455.892
455.371
453.658
453.884
454.270
455.887
455.877
453.311
454.201
455.808
456.871
456.703
456.038
456.342
456.312
456.930
457.635
458.428
460.068
457.771
458.284
458.411
454.816
456.474
459.340
458.202
458.263
460.484
457.482
456.940
457.544
458.040
459.495
455.672
456.928
455.073
454.010
453.997
456.765
457.612
459.301
456.175
454.260
455.881
455.891
459.559
456.595
457.986
457.202
455.582
457.332
457.112
454.609
457.033
453.662
455.220
454.025
457.896
458.419
453.928
455.202
459.802
458.645
457.815
457.309
457.685
456.793
456.537
453.457
456.956
451.905
454.449
456.709
454.141
453.529
457.658
457.254
452.345
455.667
457.292
457.439
460.217
457.739
454.944
455.027
455.571
456.314
457.007
456.354
453.747
452.900
457.354
453.929
456.086
451.192
456.162
453.545
455.256
453.135
451.821
456.726
455.362
456.821
457.480
455.313
455.313
458.555
457.039
457.648
457.655
457.271
454.586
458.144
454.673
454.768
457.556
456.563
454.993
456.593
456.788
456.437
457.218
457.350
455.003
454.695
453.609
451.482
457.829
454.226
456.500
456.189
452.722
453.458
452.764
455.891
455.743
451.922
451.255
454.486
451.112
455.497
453.210
456.180
454.991
455.873
458.109
456.586
455.817
456.946
454.516
456.049
458.001
457.408
455.335
457.779
459.160
455.953
455.880
454.868
457.640
455.489
454.576
454.587
455.017
455.798
454.261
455.596
457.697
454.409
457.694
455.888
457.678
456.974
457.634
459.108
459.912
459.476
460.339
457.464
460.408
459.311
460.181
460.463
459.748
457.288
457.471
457.375
459.742
458.933
459.341
461.976
459.916
457.775
460.046
458.866
457.943
458.610
456.832
456.148
458.051
462.660
458.376
460.746
458.998
460.275
459.050
459.729
457.769
459.442
459.016
458.229
459.040
458.678
456.181
457.967
460.999
455.712
457.050
459.792
457.261
457.031
458.247
459.384
459.589
457.922
458.574
460.866
458.233
459.834
457.104
454.905
456.319
460.991
459.676
459.858
458.036
460.323
459.173
459.986
457.193
457.704
459.681
457.694
456.313
457.620
460.104
457.451
459.429
459.892
457.992
457.697
457.851
462.938
457.365
456.319
457.996
455.527
455.695
459.181
459.689
456.564
458.538
457.928
455.805
457.433
457.875
457.208
459.243
458.294
459.036
458.358
457.525
459.163
459.657
458.531
458.864
460.982
459.948
458.322
459.569
461.676
459.141
460.736
462.360
460.339
462.487
462.110
462.363
462.019
461.203
461.836
462.123
460.676
458.655
460.129
461.494
461.647
465.650
461.711
460.656
458.189
458.396
461.013
461.195
460.856
460.836
459.241
460.513
458.924
460.818
460.008
460.264
458.862
459.440
458.617
459.950
457.972
458.954
456.770
460.124
459.027
460.508
461.558
459.267
459.204
459.283
457.724
458.611
458.951
459.059
460.357
462.162
461.293
459.253
456.817
456.593
456.296
458.020
459.549
456.556
458.017
459.619
461.311
463.694
457.013
460.636
458.619
460.580
460.882
461.350
458.374
461.484
458.722
457.795
457.455
458.821
459.805
459.825
459.929
458.212
460.076
456.581
459.455
457.840
457.346
459.466
455.801
459.523
462.927
460.858
456.996
457.427
455.516
456.447
456.490
461.138
458.568
459.522
455.486
459.321
456.740
455.639
459.038
459.201
459.610
460.563
462.224
460.671
462.896
460.397
458.615
459.467
460.825
462.054
461.327
462.010
463.049
461.706
461.240
458.060
458.795
461.378
457.781
457.511
458.372
453.682
458.485
454.090
455.758
459.058
458.351
457.463
460.652
461.022
461.775
460.436
460.128
462.287
460.238
458.834
459.166
460.777
459.591
456.437
456.680
457.053
457.568
459.632
460.940
459.593
462.161
457.962
457.749
460.894
461.120
460.100
464.917
462.124
458.448
458.197
457.503
457.921
456.192
457.495
459.552
459.292
458.138
458.213
455.951
459.170
459.012
457.724
458.428
457.685
459.252
458.587
460.609
461.387
456.578
458.385
460.268
460.003
459.293
456.753
457.997
458.081
460.198
460.815
460.472
457.704
457.215
460.628
459.803
460.627
462.073
458.114
456.754
454.948
457.193
456.795
455.786
457.486
458.113
455.569
457.699
456.081
457.988
456.510
458.356
456.935
455.123
458.395
457.922
458.324
457.801
456.717
458.531
457.748
459.753
458.066
461.638
456.693
456.672
457.225
456.552
457.680
457.334
455.241
456.829
458.510
455.523
455.123
455.569
457.044
457.192
456.370
455.054
456.886
456.666
461.810
459.278
460.387
458.472
458.370
458.930
458.984
456.948
458.258
457.083
458.107
456.996
458.045
458.951
458.414
461.677
456.439
458.295
458.287
457.825
459.393
461.751
460.235
459.037
458.172
460.128
459.020
461.724
461.848
457.838
456.948
461.151
459.485
457.887
458.347
459.426
460.133
460.147
460.971
461.481
460.338
462.388
459.735
455.423
460.911
461.163
462.648
460.767
458.460
460.862
460.669
462.303
462.375
458.843
461.560
461.529
462.789
464.928
463.771
461.167
461.223
460.015
461.136
460.253
459.638
461.492
459.165
459.971
458.697
462.136
460.983
459.041
458.326
455.422
459.510
458.402
460.006
457.609
458.490
457.192
459.101
457.030
456.617
457.489
459.558
458.669
457.401
459.667
460.381
459.829
456.545
456.092
455.541
451.958
457.768
457.483
458.159
458.069
461.548
460.080
462.050
460.802
460.727
459.632
457.752
457.541
459.242
458.782
457.369
459.355
460.096
460.644
459.323
459.103
458.728
458.783
458.658
457.814
460.283
460.461
459.040
461.847
461.082
461.383
460.424
462.905
462.946
461.525
457.813
462.782
459.698
458.650
463.423
463.877
459.652
461.954
458.863
459.702
459.024
458.519
460.477
459.137
456.580
459.928
460.431
457.818
458.274
459.761
454.395
457.562
458.914
459.739
457.359
458.873
458.961
459.290
460.254
463.859
463.366
462.495
463.600
460.622
459.265
460.196
457.077
457.429
458.832
458.790
460.023
457.927
457.318
458.775
457.951
456.150
457.154
460.328
457.993
458.632
461.114
459.653
458.821
459.163
458.312
457.223
455.877
457.362
460.270
454.708
455.034
457.588
456.785
457.781
456.050
455.545
459.944
457.489
455.402
456.757
456.209
454.430
457.104
455.763
457.046
458.338
456.256
459.044
456.573
460.032
460.044
457.994
458.547
459.179
460.224
458.198
457.469
461.207
460.647
455.567
457.773
457.920
456.394
456.562
454.663
454.791
458.285
459.302
459.740
459.069
457.793
454.772
456.711
459.715
458.640
458.330
458.239
457.219
460.240
459.332
458.547
459.746
458.508
457.475
456.241
456.922
456.625
457.698
460.050
459.250
457.747
455.786
455.827
457.048
458.956
457.173
460.414
456.995
456.313
457.682
459.779
456.944
456.302
460.467
458.882
459.397
459.252
456.487
454.224
456.675
458.065
458.139
457.981
459.632
459.657
457.825
456.047
458.548
456.684
456.331
458.385
457.316
458.877
458.042
457.011
455.732
457.072
458.327
456.623
458.426
458.515
458.162
456.800
454.937
459.215
458.088
459.865
457.550
457.205
458.980
455.941
456.564
456.116
456.929
455.891
455.075
457.939
456.233
456.003
456.240
456.505
455.398
457.906
456.618
455.603
456.931
457.521
456.438
457.131
457.700
458.056
455.705
455.861
457.857
460.172
456.479
457.090
457.015
453.955
456.728
457.914
452.249
455.252
453.769
456.555
452.870
455.410
456.777
457.221
454.603
454.129
458.590
456.402
460.419
454.754
458.033
458.654
459.479
457.372
458.446
455.689
455.418
456.404
460.590
459.386
458.879
457.748
454.636
455.899
457.739
454.363
456.776
458.447
458.050
456.034
457.715
455.318
459.192
459.636
456.330
457.700
455.764
457.098
456.647
456.800
454.568
458.120
458.329
455.097
457.560
462.157
458.157
458.781
458.361
457.731
457.228
455.358
459.846
459.209
459.099
457.558
455.873
457.824
456.426
455.063
461.543
457.644
458.496
455.120
457.520
454.789
456.666
458.604
456.591
457.060
456.920
457.685
456.557
456.491
458.076
457.060
458.900
457.033
460.063
457.824
458.112
459.475
457.417
458.282
458.301
457.497
458.433
455.839
456.526
455.080
457.226
459.241
457.456
457.807
457.069
457.036
457.740
457.791
455.882
453.872
456.635
457.807
456.098
457.565
459.832
459.681
459.996
457.221
455.604
454.969
456.385
457.446
459.019
458.497
457.304
458.295
461.807
458.260
460.218
459.004
459.916
460.108
462.326
460.567
462.068
461.806
461.103
459.135
459.432
460.833
464.260
460.716
462.069
463.699
458.075
459.233
459.548
460.221
461.889
462.891
461.045
460.756
460.353
459.063
461.364
457.963
456.667
458.789
459.090
461.672
460.690
462.287
463.350
460.728
459.307
458.320
456.533
459.195
459.187
459.273
457.053
459.008
455.068
458.477
458.982
459.985
458.940
452.861
456.374
457.387
459.491
457.858
459.724
460.132
459.209
462.599
462.310
460.021
457.070
459.159
459.351
457.140
456.732
458.337
454.484
457.828
457.057
456.998
459.193
459.725
457.511
458.929
460.017
458.643
459.815
459.662
459.219
460.693
459.135
459.015
460.176
460.065
461.168
461.518
458.907
457.044
460.660
460.626
458.609
459.762
460.529
459.653
456.645
457.658
459.253
460.168
457.821
459.879
461.772
459.163
457.992
457.481
456.733
457.988
455.866
459.950
457.719
461.937
460.491
460.037
457.720
460.758
459.858
459.757
457.242
459.283
459.069
461.639
460.432
459.317
461.070
462.285
461.383
460.675
460.916
458.369
459.002
459.539
461.530
460.474
460.472
458.548
460.152
461.256
461.476
463.192
456.305
457.406
458.092
457.891
456.413
455.665
455.814
457.789
458.347
458.652
455.936
458.183
461.120
459.809
457.429
456.718
457.192
459.303
456.001
455.646
454.596
455.617
458.945
456.779
456.205
455.220
455.048
455.734
455.051
458.474
460.982
460.177
457.490
454.932
455.927
461.436
457.199
457.518
457.666
456.615
457.099
458.133
456.216
459.908
459.181
456.246
459.169
461.074
458.947
461.399
460.535
460.537
459.295
457.971
460.990
459.100
459.607
457.408
459.202
461.929
458.592
459.535
460.088
460.980
459.195
459.578
457.035
457.606
457.481
456.539
456.524
460.031
457.859
456.872
459.395
460.828
461.723
459.718
459.371
461.674
458.774
460.355
460.031
458.238
460.947
458.252
461.050
461.203
460.570
461.941
458.717
460.119
459.456
457.940
457.677
456.771
457.373
457.834
460.068
461.026
460.098
457.087
458.012
457.369
459.309
457.780
460.266
461.211
460.540
462.013
460.325
460.042
460.814
462.029
459.516
462.076
458.876
457.369
457.638
457.218
458.573
458.161
457.881
461.464
458.584
458.721
460.569
457.584
458.912
460.399
459.877
456.500
457.851
456.591
459.064
459.072
458.524
458.587
459.826
459.662
458.848
460.679
458.215
459.462
459.083
460.678
459.308
459.736
458.265
458.246
454.212
461.309
458.716
459.669
460.304
460.463
461.933
461.964
460.395
461.759
458.667
459.239
456.903
459.232
456.811
460.057
454.758
459.656
458.020
462.382
461.309
461.064
458.142
459.134
458.321
459.494
458.164
457.450
459.936
457.782
457.454
457.280
457.209
457.909
458.552
457.969
459.352
460.407
457.313
460.690
460.875
461.086
458.608
459.663
460.391
461.086
459.993
460.664
463.817
462.175
461.608
462.442
461.659
461.567
462.349
461.383
460.090
460.841
463.029
465.112
461.524
459.293
460.305
460.668
460.399
462.668
463.005
460.042
461.972
460.626
462.228
463.084
460.442
461.004
461.739
460.296
460.907
458.786
461.298
460.771
458.365
459.715
462.044
460.653
460.344
460.429
460.389
457.418
459.123
460.233
457.626
462.595
463.420
463.936
461.102
458.362
458.024
460.331
459.841
459.560
461.286
459.994
459.221
460.478
462.362
458.857
460.905
456.776
456.349
460.874
461.448
459.560
458.011
458.710
459.991
462.096
461.813
459.357
462.470
462.118
458.696
459.999
460.280
461.662
461.237
460.591
459.121
458.554
459.007
460.037
456.511
458.300
462.797
460.473
460.214
461.661
463.898
459.362
465.351
462.978
462.707
462.058
461.701
460.629
462.595
460.450
461.614
460.779
458.764
459.212
458.990
457.939
460.050
460.210
460.811
461.810
461.566
460.161
460.567
463.066
463.293
462.428
458.984
459.202
460.020
461.870
459.039
459.815
458.158
456.998
458.850
457.141
457.282
458.504
458.086
459.323
459.769
460.652
463.424
461.416
459.325
458.970
458.888
458.379
457.951
460.747
460.876
463.424
461.075
460.541
460.730
460.251
460.179
463.420
459.322
459.144
459.194
458.550
461.082
461.846
461.887
461.947
461.344
464.666
459.851
460.293
460.899
462.309
460.781
460.611
462.565
463.458
463.767
464.344
462.333
461.442
464.771
463.012
462.423
462.236
463.311
461.109
463.126
461.765
458.411
460.079
461.606
461.541
462.579
462.882
465.786
461.408
461.267
462.277
463.939
463.702
462.396
461.474
462.629
461.612
461.106
463.004
463.748
461.598
460.352
460.229
459.072
457.700
456.552
458.921
458.168
458.629
459.503
462.256
458.736
460.378
459.316
459.529
460.291
461.505
459.644
462.547
461.698
461.879
462.357
457.860
459.463
458.180
458.763
460.485
457.906
459.076
459.004
459.780
456.763
458.104
458.035
458.609
458.822
457.128
457.793
459.419
461.871
461.393
463.173
463.228
458.978
460.575
459.866
458.305
458.721
460.593
460.654
461.188
459.656
456.259
457.069
458.879
457.641
456.519
458.451
457.063
455.711
455.785
456.520
458.764
457.037
458.420
459.081
457.483
460.450
457.572
457.572
457.426
455.638
458.909
456.533
455.374
455.892
457.925
457.625
456.823
457.323
457.416
457.343
455.614
455.768
455.821
456.683
455.793
457.075
458.543
458.652
456.301
459.809
459.873
458.811
459.356
457.945
456.239
457.639
456.354
456.211
457.809
456.724
455.540
457.132
456.108
457.542
454.659
457.453
457.077
454.356
456.689
458.010
456.904
456.285
457.190
456.639
455.217
457.408
460.213
459.464
456.996
459.160
458.718
455.572
459.035
456.771
456.370
456.053
454.764
455.779
455.133
454.737
453.799
454.422
455.317
450.143
455.475
455.822
452.539
451.748
453.588
451.616
453.550
452.656
457.395
456.027
453.565
453.291
454.126
455.857
456.979
456.200
454.806
454.779
454.612
456.161
456.721
456.884
455.175
452.770
455.435
456.265
457.186
457.285
452.565
452.935
454.571
454.082
455.096
452.394
453.106
453.705
452.132
454.461
457.500
456.755
458.435
453.894
452.404
451.616
453.834
454.319
454.212
454.312
452.248
455.275
451.921
455.236
454.559
451.972
453.919
452.871
455.230
454.309
455.593
453.047
454.852
453.851
455.534
453.436
452.770
459.348
453.541
454.894
452.297
452.590
454.041
453.006
450.495
452.267
455.900
453.088
453.797
453.232
454.099
457.674
456.688
457.841
455.433
456.499
458.613
459.465
456.577
455.889
455.426
454.145
456.774
454.792
456.622
455.109
449.765
455.848
457.904
458.280
457.587
454.580
458.663
456.254
457.341
458.759
459.192
458.549
460.083
457.225
456.516
456.768
455.368
455.393
455.695
458.355
457.714
455.153
455.662
455.995
456.217
457.697
454.662
456.187
454.967
453.455
453.839
455.052
456.044
453.622
456.794
457.608
457.743
458.310
457.860
454.959
453.609
452.646
456.033
455.443
454.760
458.072
457.351
458.188
453.595
451.371
451.947
455.022
461.152
458.204
456.782
454.736
457.531
457.177
455.410
457.514
454.300
454.820
455.973
452.799
453.024
453.764
454.032
455.372
456.824
459.839
456.049
456.059
456.178
457.029
453.155
453.644
451.957
453.432
454.588
454.860
454.763
458.344
452.847
454.189
453.154
455.745
455.091
455.470
454.827
455.555
457.024
455.923
455.547
455.804
455.267
454.014
452.662
454.446
455.733
456.914
455.893
454.156
453.475
454.472
457.977
457.224
459.657
456.466
452.648
455.287
454.203
455.134
454.235
454.770
453.869
456.716
456.272
453.546
455.723
454.749
456.993
456.859
454.056
457.235
457.657
456.319
454.943
455.180
459.053
458.604
455.845
455.374
454.262
453.330
455.638
454.068
457.091
457.217
458.012
456.678
456.777
454.169
452.790
453.347
452.417
453.493
452.835
453.237
451.232
453.959
456.033
457.058
453.186
452.013
452.476
454.652
452.665
455.046
455.513
457.367
457.518
454.219
455.575
453.911
451.102
455.201
454.556
452.670
453.979
455.159
453.820
456.874
452.851
452.530
455.295
455.910
456.952
457.052
452.584
455.150
452.713
459.109
455.778
453.720
455.298
455.457
455.281
457.499
455.855
455.897
455.079
456.438
456.391
455.130
456.047
459.391
456.421
455.957
456.367
456.779
459.025
457.950
455.932
456.889
454.069
455.276
455.410
457.370
457.094
457.934
457.343
460.450
458.510
453.689
457.090
456.232
455.938
453.173
455.401
454.528
449.843
453.157
455.728
456.279
456.062
457.185
455.392
455.294
455.499
458.550
458.293
454.900
456.335
456.776
454.897
453.051
455.167
454.165
453.568
453.070
456.355
451.944
453.167
453.731
454.102
452.877
455.924
454.779
457.258
455.137
454.402
450.482
456.685
458.036
456.013
453.216
455.250
456.550
454.513
452.994
457.183
457.033
452.937
454.803
454.645
456.088
455.104
459.860
459.080
456.439
458.161
459.415
457.375
459.066
459.022
456.838
457.801
458.936
458.118
457.352
459.271
458.517
455.486
454.743
455.022
453.637
455.107
454.786
456.576
459.245
457.863
456.327
454.274
453.856
455.514
458.665
456.163
458.107
456.220
455.296
455.580
455.475
455.164
453.249
456.651
452.213
453.529
451.706
454.077
452.935
455.231
456.989
455.763
457.793
454.298
456.197
455.583
455.878
457.503
457.668
453.707
455.326
455.202
455.988
457.054
455.730
454.956
459.654
459.201
457.806
456.747
455.814
454.279
454.485
452.212
455.394
455.036
457.602
457.502
458.809
458.140
457.786
456.555
459.252
454.531
456.523
457.208
456.195
454.147
453.060
456.281
452.582
455.549
455.568
457.245
457.939
455.848
458.356
458.058
455.402
454.013
454.296
455.406
456.661
456.834
457.602
457.103
454.937
455.989
454.921
456.868
452.499
455.447
455.876
456.112
457.635
457.758
457.715
456.851
457.916
458.814
454.512
454.838
456.730
455.384
454.778
456.556
454.377
455.825
453.560
456.941
454.856
456.988
455.626
458.719
456.982
456.201
456.407
456.139
454.412
453.620
455.354
455.245
456.718
455.609
454.219
454.698
451.317
454.884
454.898
454.268
455.795
451.708
451.903
452.901
451.675
454.916
455.986
454.953
454.212
456.749
458.391
454.114
457.523
456.060
455.040
454.458
453.472
453.614
452.739
454.967
457.248
456.500
457.280
454.549
458.669
456.047
454.689
453.587
454.963
455.949
456.952
455.187
454.585
459.012
457.895
457.748
457.915
458.999
459.538
457.853
456.099
457.262
455.828
459.011
454.816
455.303
455.931
454.273
454.020
455.176
453.087
457.621
456.521
454.984
455.364
452.733
456.022
455.114
458.226
453.434
451.040
455.670
453.937
453.875
451.570
453.082
453.583
455.680
453.823
458.483
455.065
455.355
457.520
455.845
454.023
454.115
457.079
458.126
457.011
456.820
455.568
456.612
456.342
456.111
455.082
457.446
457.472
453.071
455.378
456.625
455.895
456.476
456.286
458.740
458.154
456.247
454.301
451.697
451.928
455.514
455.542
452.220
455.795
455.362
456.201
454.884
453.410
456.325
456.604
458.409
457.451
458.349
458.718
453.576
452.676
455.282
454.335
457.418
456.969
458.981
459.310
454.570
456.106
455.994
458.805
455.856
454.522
457.050
459.023
456.246
455.039
455.126
458.477
460.728
460.056
459.210
461.241
458.577
458.982
460.868
458.273
457.328
458.429
456.306
455.807
454.780
457.527
458.185
459.145
456.249
456.562
459.984
457.274
457.498
457.390
456.699
457.821
458.786
454.937
454.019
455.780
457.573
458.057
457.627
455.251
460.663
459.408
460.418
458.726
454.499
457.486
456.942
454.441
458.233
461.931
457.828
459.676
458.822
457.251
460.800
459.891
460.541
459.575
460.289
460.919
460.078
458.766
458.218
459.723
459.530
457.938
458.055
457.296
458.797
460.530
461.346
459.619
460.616
458.827
462.863
460.459
458.413
459.890
458.151
459.346
458.933
460.104
458.456
457.183
459.752
459.483
457.499
456.411
458.873
457.902
457.875
456.379
457.124
456.951
457.094
458.992
457.833
457.385
460.032
456.034
462.871
461.959
458.470
459.779
459.009
458.553
459.546
458.299
457.702
459.916
461.245
457.003
456.860
459.403
455.605
455.051
458.299
458.382
456.049
457.773
456.965
458.060
458.242
458.871
458.243
457.571
458.115
457.354
459.477
457.474
456.912
453.874
455.478
456.366
457.650
453.849
457.583
456.608
456.570
456.913
458.121
458.813
456.890
455.957
456.985
454.923
457.164
458.681
458.218
458.255
460.315
457.845
460.187
459.994
461.014
459.318
458.289
459.134
455.981
456.814
460.250
457.314
455.900
457.554
460.284
457.226
452.645
458.901
455.699
454.039
455.494
457.586
454.866
456.161
453.747
454.681
455.048
455.465
456.133
455.381
456.675
455.593
458.811
458.238
457.504
457.609
455.549
455.196
455.815
455.322
457.151
455.205
454.587
455.432
457.336
455.659
454.837
454.368
454.465
455.316
456.121
456.913
455.878
454.351
457.730
457.313
454.494
454.118
454.564
455.482
455.807
454.207
452.837
454.013
454.105
456.889
454.241
454.024
458.988
459.065
457.640
461.730
455.936
458.285
457.979
455.102
458.449
455.230
455.655
458.939
456.527
453.457
456.096
454.373
456.593
454.338
456.888
457.666
456.783
456.897
456.302
457.644
456.479
458.877
456.212
455.014
456.127
452.843
454.606
455.068
453.845
450.967
453.141
455.641
456.000
453.562
451.544
452.640
453.815
452.552
452.488
453.161
453.829
452.431
455.102
454.938
453.314
454.042
457.056
456.110
456.769
454.391
458.523
454.832
455.909
452.768
454.260
456.112
453.926
454.639
456.251
456.954
459.075
457.502
459.437
457.259
457.500
455.723
455.737
454.613
457.707
458.054
455.045
455.857
456.273
455.855
454.763
455.038
455.839
456.613
455.188
454.285
455.553
457.529
456.084
461.586
457.364
456.747
453.817
456.080
457.445
456.120
457.951
456.884
456.109
455.115
453.807
453.624
452.789
455.911
454.231
457.260
455.851
455.316
457.772
454.976
457.346
455.194
455.308
458.539
458.087
453.719
456.323
456.355
456.318
458.443
455.601
456.811
455.883
455.179
453.688
457.011
453.624
454.597
456.027
453.128
452.660
454.112
457.504
456.216
455.335
455.364
453.582
456.363
454.527
452.569
453.040
456.072
456.526
460.142
453.462
454.997
454.177
456.083
456.300
457.967
457.267
455.761
456.496
454.200
455.517
453.481
454.361
453.413
454.962
457.197
453.220
455.628
455.821
454.038
456.587
456.078
456.905
454.766
458.309
456.954
454.877
456.839
453.985
458.671
455.164
459.118
457.441
456.640
457.577
454.344
454.041
452.903
458.960
455.508
455.694
455.498
453.286
453.955
455.043
456.604
453.519
456.224
455.267
456.673
457.061
454.000
453.000
454.412
455.533
454.035
455.903
456.257
454.879
455.719
453.438
454.689
454.145
455.177
457.583
458.243
455.506
455.464
452.837
453.371
456.869
453.524
455.602
456.371
454.179
454.092
455.570
456.682
455.925
453.836
457.725
456.438
457.249
454.694
456.155
458.889
456.730
455.930
456.322
457.031
460.988
459.595
456.134
457.207
457.197
454.699
456.727
457.177
459.281
458.410
458.214
458.462
457.216
456.223
455.576
459.529
457.037
454.660
455.312
455.440
456.493
459.497
455.067
452.547
453.409
458.092
455.945
454.730
453.804
453.267
452.572
454.699
456.228
457.879
456.257
456.893
458.474
461.226
460.301
459.234
455.748
456.605
456.550
456.986
453.686
457.666
456.014
454.105
457.682
456.455
456.123
457.250
454.938
456.462
456.435
454.649
456.093
456.730
460.983
455.811
459.943
458.903
460.549
460.917
459.303
459.357
458.891
459.039
458.829
457.585
460.860
460.488
459.656
460.448
459.945
459.963
458.401
458.231
461.966
456.826
459.253
458.086
456.809
457.516
455.594
457.751
455.471
458.137
455.684
455.667
454.936
459.122
457.843
458.056
461.169
460.624
458.496
457.511
455.300
457.468
455.211
457.974
458.428
459.235
459.557
461.570
460.106
460.523
461.049
457.850
457.053
458.527
457.542
454.703
457.420
457.531
457.334
458.981
456.575
455.578
453.082
455.697
458.485
458.188
459.989
460.175
456.869
457.007
455.693
455.827
457.107
457.943
459.424
456.401
455.339
456.576
456.124
456.515
454.225
454.733
455.958
457.446
457.479
454.455
456.007
458.390
458.291
457.884
457.875
458.994
456.703
456.359
457.226
456.548
459.266
457.367
457.283
459.322
457.956
458.406
457.925
456.956
456.154
456.386
453.887
458.409
457.288
456.806
456.963
455.100
456.246
455.262
456.787
458.444
456.829
456.398
457.740
457.803
453.981
455.338
458.554
454.849
458.102
457.208
457.937
452.994
455.898
457.531
456.105
454.990
453.610
454.347
454.993
456.146
457.360
458.508
454.122
455.441
457.341
456.618
456.672
456.921
455.489
455.786
453.130
457.908
457.143
454.789
455.154
455.680
456.546
456.044
454.219
455.479
455.516
458.023
458.546
456.545
456.765
456.222
456.671
455.778
458.582
456.056
455.997
455.832
459.905
455.757
460.652
459.653
456.913
459.136
461.072
458.553
459.555
456.758
457.130
455.456
459.453
460.220
457.720
457.617
457.570
458.446
455.807
457.873
456.805
455.488
455.504
455.672
458.039
456.864
457.418
457.019
457.431
456.310
456.605
451.634
455.689
458.128
457.667
454.940
455.535
453.828
452.476
456.721
454.834
456.242
453.524
457.868
457.175
457.378
455.166
455.997
457.285
456.415
455.464
457.074
457.110
459.355
454.308
457.754
456.737
454.033
455.023
455.189
457.294
455.467
457.570
458.446
460.062
458.714
456.340
457.712
458.508
458.128
459.976
459.920
459.131
459.368
459.390
459.308
458.529
459.571
457.818
460.744
459.215
458.476
457.879
458.144
456.210
453.441
456.526
453.450
456.963
454.719
454.049
454.580
452.663
454.430
453.569
455.163
453.005
454.807
455.570
455.362
454.198
455.758
456.324
457.689
458.436
455.667
456.093
456.162
455.401
456.005
455.565
454.844
454.164
452.482
453.127
455.142
455.716
453.410
451.802
453.730
456.390
455.991
457.442
456.953
456.300
453.996
455.452
452.377
453.708
453.619
455.342
457.583
454.637
454.727
453.095
455.067
452.737
454.124
454.953
454.384
454.552
455.325
457.226
454.656
455.015
454.584
455.686
454.369
455.682
453.472
454.855
455.545
456.062
457.967
455.588
454.727
454.896
455.157
457.702
455.924
455.096
454.110
454.306
456.317
452.944
453.330
455.395
456.515
455.555
456.679
455.773
453.747
453.506
454.462
456.967
453.535
454.543
453.235
454.422
452.357
454.239
456.620
455.651
454.334
452.404
453.119
452.356
455.669
454.016
454.194
455.623
454.476
450.713
454.319
456.257
454.841
452.864
456.114
457.089
457.295
454.089
454.117
454.776
457.478
457.504
457.925
455.500
456.180
452.427
453.538
453.433
455.977
455.685
452.738
455.640
457.857
456.788
456.075
454.200
457.692
455.927
455.814
453.317
451.614
455.022
455.294
457.836
455.648
457.177
455.562
455.567
455.000
453.906
455.122
456.872
457.768
457.339
453.262
455.719
452.938
451.454
455.096
455.379
454.239
454.393
451.130
453.654
455.649
456.059
455.223
456.096
458.694
458.732
455.720
456.834
456.219
457.601
456.942
454.157
456.890
456.457
455.836
455.638
455.506
453.926
453.306
454.461
459.297
457.549
455.403
454.341
455.424
455.159
455.171
456.860
456.204
457.755
456.580
455.231
454.074
454.567
452.010
455.675
456.705
458.410
453.102
453.660
455.059
454.183
456.742
453.170
458.358
459.110
457.623
456.614
459.741
456.153
457.217
457.104
454.773
454.580
454.060
455.241
458.088
453.798
453.004
454.464
456.073
455.304
455.106
456.101
455.539
455.668
456.327
455.897
456.385
454.933
454.276
457.580
455.869
455.977
454.544
453.139
451.951
453.282
454.910
455.703
454.364
453.720
452.951
453.834
453.988
454.495
457.754
460.522
453.876
456.703
456.946
455.087
456.278
455.854
455.604
455.836
458.522
454.552
456.051
457.357
457.257
458.416
457.178
456.083
456.284
454.199
453.573
455.792
457.045
456.682
458.422
456.469
453.088
454.817
456.184
457.785
455.523
454.986
456.254
452.764
456.552
457.422
458.215
456.310
455.660
452.942
454.023
454.441
456.709
457.355
457.623
458.251
458.360
462.181
456.349
456.603
457.040
455.783
456.439
454.118
455.234
457.639
455.454
453.878
456.290
452.598
451.457
453.321
453.621
452.963
454.844
454.438
454.155
453.774
455.640
456.673
458.864
457.976
457.617
455.586
452.460
453.973
455.461
457.578
457.185
452.832
456.056
455.750
456.794
453.347
453.752
459.503
457.010
459.279
458.199
456.387
455.826
456.591
458.974
456.930
456.151
458.517
456.826
457.015
456.606
456.955
455.485
458.962
457.965
458.834
458.403
459.350
458.265
456.198
456.409
458.053
454.306
455.833
456.976
455.976
455.091
455.974
456.164
458.242
455.601
457.670
456.648
456.592
455.100
456.207
456.328
457.402
460.104
458.422
455.975
457.955
456.171
452.952
454.744
455.203
456.681
455.823
455.739
456.257
460.071
459.015
457.111
454.010
458.240
457.177
456.798
456.074
454.624
455.868
454.166
455.413
455.534
454.044
453.730
455.042
456.331
456.151
458.910
458.412
460.194
459.162
457.627
455.694
456.006
456.918
456.251
453.978
453.017
459.434
459.014
456.598
459.961
459.630
458.636
461.290
459.820
456.879
456.418
454.736
456.088
457.641
458.589
456.553
455.274
454.960
452.171
451.857
456.113
455.390
458.455
458.761
458.366
454.517
455.409
456.302
455.899
456.557
455.323
453.458
453.209
453.901
455.496
457.758
455.952
455.330
458.439
457.266
461.065
456.941
455.332
458.894
455.369
457.493
457.659
458.399
456.206
456.503
457.192
458.110
456.017
453.572
456.954
455.332
453.774
457.210
457.541
456.680
457.327
458.033
458.232
458.385
460.420
459.984
459.289
460.042
459.552
456.760
456.899
457.257
459.569
455.636
459.426
458.531
457.289
457.944
459.498
454.286
456.469
457.119
455.830
455.017
458.834
457.361
457.722
458.590
460.512
456.757
454.567
458.196
460.276
457.596
455.010
454.516
458.810
455.736
455.787
454.048
456.563
456.244
457.655
454.942
455.219
457.128
457.046
457.450
456.490
454.102
453.067
453.387
453.019
454.715
456.620
454.365
457.003
457.147
456.084
453.468
459.668
456.612
458.779
457.199
460.151
459.434
458.387
455.995
459.090
457.174
455.079
455.486
456.385
455.306
457.584
457.490
459.035
458.047
457.064
458.100
455.905
457.895
460.222
459.287
459.456
458.649
455.310
456.036
455.197
455.662
454.134
455.785
453.992
453.968
455.919
459.229
458.295
456.506
450.044
455.447
453.880
453.971
453.641
454.898
455.209
454.800
453.967
454.172
455.328
454.449
454.956
455.427
453.103
453.729
454.672
451.520
453.787
453.747
453.883
457.065
453.246
455.668
456.605
452.839
453.488
454.421
454.079
453.563
454.942
454.946
453.819
455.037
453.514
454.339
455.130
454.135
454.584
454.197
455.111
450.625
452.121
454.123
453.103
454.252
453.731
452.301
453.690
453.512
456.040
452.361
451.695
456.445
455.685
455.080
454.655
455.821
455.497
455.246
455.555
456.533
458.895
454.028
454.684
454.981
453.287
456.630
454.751
453.219
457.718
456.265
459.882
455.213
454.604
455.312
452.670
454.410
453.839
456.013
457.440
456.240
454.482
455.217
457.325
457.098
458.074
455.295
454.319
458.394
454.659
454.641
452.517
457.567
453.903
455.831
452.776
455.503
455.483
452.891
454.433
456.151
455.036
454.584
454.259
453.789
455.314
452.787
451.692
452.075
450.630
451.240
455.572
456.971
455.423
455.565
454.051
453.831
457.014
456.853
454.729
452.717
453.235
453.762
453.583
457.314
455.688
453.881
455.808
455.057
456.390
455.826
453.064
457.585
456.709
454.406
455.288
453.173
455.649
453.122
456.431
459.011
454.687
457.395
455.624
455.387
449.702
453.387
454.279
454.450
454.517
455.870
456.749
457.347
458.123
456.162
452.942
456.346
458.028
456.863
456.011
457.153
457.858
458.938
458.063
456.624
455.030
454.680
455.904
453.656
459.254
457.595
459.731
456.170
457.695
457.484
458.247
454.818
456.792
457.464
460.312
461.413
457.891
461.383
460.478
459.231
458.111
459.629
456.677
459.837
460.078
458.578
458.607
459.177
455.221
458.071
457.445
457.427
458.164
459.311
458.502
456.537
459.630
458.708
459.690
459.388
459.055
459.157
463.246
460.806
460.750
459.075
458.912
461.226
461.542
459.909
457.365
458.801
458.553
461.325
460.401
458.486
461.722
459.649
460.395
461.751
461.948
462.139
459.613
460.369
460.928
461.206
461.240
457.373
457.967
457.568
457.712
458.996
459.363
456.350
456.275
453.431
457.686
456.086
456.389
457.004
457.984
459.024
458.154
455.861
457.945
457.611
457.152
455.860
455.927
458.392
456.938
453.934
459.261
457.011
457.011
456.291
456.630
458.231
457.706
457.071
457.369
456.345
454.929
454.922
455.221
455.750
457.983
458.605
459.063
456.662
456.759
457.066
456.935
457.208
459.983
459.805
460.312
458.077
455.555
456.938
456.044
457.826
458.145
452.712
455.562
458.441
457.644
459.281
457.741
458.798
461.615
461.699
459.572
456.832
458.829
458.922
458.342
457.507
458.910
458.697
457.443
457.587
454.661
458.560
455.778
456.561
455.268
457.135
458.529
461.001
456.888
457.262
459.428
459.559
461.527
460.963
461.162
459.109
457.004
457.222
455.179
459.329
455.415
458.604
458.005
456.751
455.570
455.986
456.532
455.998
456.876
458.065
455.011
454.839
455.046
451.068
457.878
455.227
455.096
454.717
455.837
454.673
456.812
454.402
453.449
457.382
458.338
455.757
457.776
457.393
456.094
456.355
452.712
458.791
456.620
455.226
456.776
456.182
455.287
456.982
456.781
455.453
455.564
456.270
453.859
454.020
454.621
454.650
453.018
454.044
456.276
456.433
453.896
452.317
455.050
457.393
456.013
454.790
454.121
454.831
459.342
458.835
453.882
456.900
458.522
458.362
463.560
459.051
458.067
458.568
458.793
460.554
459.787
456.711
456.549
455.683
456.125
455.208
455.534
456.999
459.652
453.258
455.222
455.453
455.022
455.891
454.298
457.570
458.252
455.117
455.461
458.864
456.741
455.755
453.663
453.336
456.006
456.382
457.313
454.376
457.388
451.481
457.673
457.622
455.382
458.948
457.964
459.289
457.053
456.641
459.136
455.979
456.682
456.044
458.206
459.892
456.988
456.794
456.811
453.830
455.233
456.164
457.133
457.557
458.436
456.921
456.250
457.188
456.716
455.558
455.146
456.763
455.903
452.669
456.426
456.239
452.615
458.853
457.539
454.040
457.569
455.785
454.704
455.359
454.456
454.444
452.368
456.702
456.695
456.565
455.915
454.076
456.203
456.380
456.259
454.990
454.353
455.748
454.369
455.796
456.637
455.113
457.756
456.238
459.486
455.272
457.512
458.199
457.862
459.717
456.179
454.520
455.993
453.513
454.974
455.328
455.407
455.735
457.208
456.652
456.079
456.579
455.551
453.356
457.101
457.241
457.032
457.280
457.112
457.844
455.279
456.878
456.716
456.370
458.464
456.910
456.731
459.423
456.207
459.472
456.274
456.076
456.199
453.800
458.894
456.710
456.763
458.878
455.904
456.125
458.423
456.454
456.414
455.065
454.365
454.146
454.335
456.471
458.364
456.229
457.544
458.371
456.418
454.818
458.529
455.335
456.928
459.220
456.738
455.098
456.165
457.729
457.534
457.986
460.568
457.944
460.102
461.436
458.504
456.534
456.647
459.265
460.068
459.742
462.141
457.709
459.584
457.887
458.057
457.028
456.407
456.672
456.576
455.430
457.033
460.088
459.634
458.217
455.218
458.092
456.260
453.800
456.851
455.847
455.777
457.488
457.594
458.743
456.142
457.097
456.801
458.801
456.663
457.144
456.220
458.846
458.823
458.912
458.081
457.692
456.994
455.528
458.440
457.490
454.287
455.714
456.009
458.386
460.064
460.698
458.141
457.728
459.997
460.817
458.233
459.941
456.173
458.314
458.305
458.899
459.118
458.765
461.457
461.585
461.871
461.932
461.939
458.285
460.575
461.316
459.786
459.341
460.453
458.927
460.028
461.111
460.598
458.904
457.965
458.564
457.832
456.820
456.819
456.080
456.005
456.178
457.707
453.926
453.352
457.965
454.575
455.634
457.278
456.452
458.872
459.332
460.143
459.707
460.088
460.866
458.712
459.280
458.162
455.100
456.646
461.900
457.478
459.679
460.455
460.329
458.651
456.958
460.016
456.776
457.250
460.695
458.396
459.373
459.005
459.190
459.463
460.765
459.977
457.942
460.514
461.965
460.874
459.624
458.566
458.064
459.464
458.748
459.024
459.608
462.055
462.786
460.888
460.268
464.795
463.083
460.147
458.034
458.752
458.681
459.960
462.551
458.114
461.680
458.442
455.924
457.703
457.894
459.274
460.260
457.943
460.544
459.107
459.532
457.344
460.674
462.377
460.796
457.316
457.488
460.686
457.725
458.140
458.209
458.047
459.355
460.087
459.855
459.385
458.454
459.883
458.058
457.991
459.249
461.370
458.992
460.114
461.614
455.596
459.201
459.907
456.928
458.260
460.144
460.634
459.865
461.802
458.566
455.684
460.492
460.131
458.809
457.760
459.046
458.161
457.677
455.680
457.398
455.949
456.601
456.417
456.394
454.238
455.263
456.512
455.193
456.381
456.242
454.574
458.260
458.329
456.076
457.430
457.912
456.444
457.164
458.113
457.758
458.286
455.972
458.768
458.160
461.704
459.299
459.302
458.293
458.991
457.414
458.407
458.251
457.955
458.421
456.043
457.967
461.838
461.436
456.381
459.447
461.851
459.201
459.472
459.214
459.017
460.214
457.562
459.250
458.899
461.160
460.038
460.203
461.684
463.083
460.797
460.956
459.196
459.604
459.801
458.523
459.944
459.083
458.292
458.149
459.721
456.141
458.136
459.113
461.826
460.104
461.937
461.675
461.790
462.317
464.236
460.608
460.778
461.251
458.038
460.925
460.854
460.141
459.044
459.658
460.957
460.899
461.058
462.095
462.644
463.449
464.773
462.701
464.000
464.649
460.871
463.531
460.428
459.862
461.726
461.224
458.382
457.957
454.701
453.890
456.843
454.914
455.401
455.952
458.444
457.736
458.542
459.477
459.885
456.940
456.077
457.847
458.089
456.105
457.752
458.418
457.431
453.887
457.463
459.713
453.695
456.496
457.401
456.473
459.249
458.398
454.439
455.420
458.749
456.166
459.181
459.112
457.360
455.356
457.506
460.155
456.165
454.904
458.866
455.932
455.283
456.902
462.453
458.767
456.675
459.694
459.008
456.560
457.543
456.548
455.119
457.810
454.814
458.683
455.201
455.329
456.331
455.558
455.917
455.109
456.275
458.313
453.315
456.014
457.158
458.269
456.364
459.011
457.730
457.979
459.388
457.287
455.650
457.609
459.614
458.349
457.238
457.242
459.645
460.751
459.539
457.991
459.589
458.494
459.550
459.410
459.298
462.141
458.530
459.148
457.455
458.258
459.858
456.848
457.921
456.210
457.029
458.282
458.517
456.478
456.164
458.084
457.600
457.541
456.266
457.630
458.451
456.737
454.375
453.510
456.108
457.989
457.612
455.264
459.794
460.635
458.139
459.012
459.835
457.869
456.825
457.500
458.079
457.696
457.734
455.564
456.838
455.949
457.569
458.870
460.536
459.100
459.927
460.456
459.738
460.239
458.770
458.084
461.010
458.052
460.383
458.334
457.615
458.715
458.770
455.735
457.683
459.675
