443.833
442.305
444.561
442.844
446.103
443.677
443.739
445.786
444.674
442.098
444.445
445.072
445.533
443.027
445.552
445.862
444.735
443.635
444.739
443.291
442.900
443.758
443.861
444.427
445.960
443.399
444.396
444.705
444.677
441.675
442.533
444.703
442.583
444.557
443.361
443.566
442.993
444.843
440.923
443.732
443.947
443.607
444.842
445.821
444.388
443.841
444.357
445.683
445.916
441.782
445.927
445.394
445.319
444.662
443.571
442.805
444.041
443.942
444.034
445.225
445.066
443.746
443.591
445.197
444.099
444.336
442.440
443.840
446.311
444.589
445.288
443.025
442.383
444.203
443.358
443.766
445.221
443.929
444.686
443.244
444.965
442.877
442.428
445.361
446.012
444.352
444.230
445.338
442.601
443.748
444.462
444.043
442.905
444.784
445.983
444.946
445.142
445.688
444.780
446.320
444.895
446.055
445.091
446.392
445.730
445.973
445.875
442.012
440.677
442.814
445.325
443.885
444.929
445.647
444.993
444.866
445.972
444.235
441.839
441.709
443.779
442.006
441.604
441.806
444.855
444.712
445.828
445.454
444.248
446.255
444.399
446.336
445.925
442.783
444.460
442.872
444.064
442.917
443.789
443.076
442.046
443.935
443.581
446.802
443.179
445.766
444.967
444.713
443.473
444.168
444.667
442.640
444.376
440.723
440.967
441.478
444.977
444.356
444.549
442.576
442.413
441.964
443.125
442.113
444.881
443.662
442.559
444.085
444.996
447.164
444.164
445.221
444.757
445.925
442.992
443.317
442.905
443.635
441.514
445.516
443.516
442.811
444.725
442.748
443.289
441.437
443.221
441.967
445.078
443.898
441.880
443.784
442.635
444.416
443.901
440.757
444.272
444.490
445.136
444.605
443.599
443.544
442.815
445.605
444.135
443.295
442.808
444.380
444.791
444.083
444.118
441.422
441.619
442.708
443.131
443.042
442.784
443.875
444.943
445.761
443.752
443.625
444.314
443.805
443.556
445.567
445.197
443.408
445.243
442.449
443.419
446.615
443.200
442.963
444.133
444.636
442.496
442.949
443.204
443.457
442.421
443.929
442.921
443.097
442.590
444.729
444.661
444.834
444.187
442.298
442.728
444.228
443.352
443.662
443.149
444.335
443.733
442.239
442.463
445.004
442.690
444.985
444.040
446.208
445.542
445.198
445.562
443.402
446.202
442.491
442.110
443.518
444.085
444.209
444.926
441.604
443.048
445.856
445.069
446.129
446.379
447.966
445.037
444.092
444.869
447.059
443.472
443.613
443.814
442.999
443.799
441.741
444.676
446.607
447.302
445.508
443.856
444.906
445.163
443.996
444.408
443.233
442.424
443.688
445.771
446.168
442.796
444.578
443.189
445.601
444.373
445.339
443.784
445.563
444.018
443.914
444.458
445.725
444.422
441.828
445.058
445.527
442.490
443.143
443.608
443.922
444.472
443.588
441.788
444.422
444.356
444.666
443.513
442.665
444.147
443.851
443.520
444.608
446.314
445.146
445.303
444.294
444.266
443.664
443.501
444.114
445.014
444.384
445.223
444.918
443.743
443.485
443.364
445.592
444.292
445.188
444.456
444.728
444.360
445.246
444.191
443.622
445.168
443.108
444.047
441.345
443.306
444.267
444.528
444.853
443.054
443.840
446.086
443.534
445.403
446.672
442.980
444.353
442.995
443.104
443.531
443.756
444.033
444.325
442.297
442.356
443.504
446.187
444.180
445.622
444.640
445.994
444.753
446.326
445.430
443.506
442.753
442.219
444.073
442.946
443.991
444.303
443.161
442.964
442.748
444.018
442.761
443.833
446.337
444.440
443.499
443.161
443.983
444.444
445.297
444.138
442.894
441.947
444.366
445.893
444.367
445.231
445.720
442.915
445.052
442.653
444.686
444.499
444.682
444.383
444.403
444.462
444.490
444.857
444.667
443.981
446.517
445.134
445.121
444.966
444.862
445.162
443.572
445.449
443.395
444.769
442.918
444.784
445.154
444.298
444.296
442.072
443.264
445.512
444.961
443.068
443.660
444.417
442.879
443.971
443.519
442.111
445.728
443.913
444.330
446.806
445.177
445.302
444.107
444.856
445.459
446.112
445.165
445.999
446.245
444.882
446.511
443.736
444.621
443.086
444.836
446.452
442.983
443.362
445.517
441.951
447.248
446.798
445.866
447.567
446.669
445.049
444.557
444.049
443.989
444.705
443.817
445.043
441.683
443.823
444.491
441.842
441.931
444.145
445.463
443.837
444.767
442.175
444.886
444.152
443.529
442.654
444.871
443.519
442.992
443.911
441.886
443.809
443.621
443.724
443.212
443.927
443.229
444.679
444.263
445.129
444.259
443.368
443.637
442.906
442.872
444.336
442.624
445.390
443.299
443.798
445.400
446.219
443.032
445.603
443.430
442.848
442.765
443.251
443.005
442.674
445.215
442.760
443.455
442.831
444.644
442.954
443.852
444.095
442.133
445.047
442.300
443.430
445.975
444.645
444.297
441.995
444.669
442.145
444.642
445.419
446.941
445.863
444.631
441.486
443.289
443.967
443.974
444.391
444.260
443.123
443.758
444.118
443.252
445.367
444.914
446.124
445.083
445.290
443.016
440.829
444.108
443.071
441.500
443.886
444.588
444.204
445.439
446.094
444.988
443.471
446.300
443.754
441.693
444.535
442.946
444.177
446.222
445.361
442.698
442.846
444.198
445.940
443.733
443.020
441.617
439.917
441.062
444.399
445.124
444.599
445.213
442.708
445.383
444.873
444.863
446.423
446.199
446.629
444.365
443.716
444.138
443.852
442.240
444.736
444.696
442.656
443.643
444.885
443.220
442.508
446.095
444.885
445.510
444.959
443.221
442.597
444.104
443.444
445.603
446.764
444.159
442.801
444.882
445.507
445.795
444.574
442.970
443.666
442.962
442.944
445.111
446.332
444.590
443.224
445.537
443.992
443.013
444.761
446.474
444.757
445.088
445.137
444.678
444.900
443.429
443.812
445.206
443.713
443.514
444.484
444.049
445.122
445.843
444.239
441.999
443.362
443.318
443.752
443.493
444.484
444.034
445.286
446.571
442.594
445.609
443.945
442.180
443.850
444.584
446.515
444.925
443.684
443.770
440.649
444.350
444.261
442.408
445.307
442.598
444.582
443.380
443.803
444.889
445.005
446.163
444.688
446.154
446.036
445.005
442.706
443.414
443.790
444.117
442.716
442.354
442.092
444.368
444.589
445.784
443.754
444.210
442.953
445.812
443.109
442.917
444.547
444.203
442.135
442.538
444.072
446.289
445.268
443.950
443.170
444.726
444.780
441.460
444.706
443.133
441.700
444.409
440.570
446.722
442.880
445.634
442.181
443.148
442.509
443.155
443.450
445.123
445.255
442.652
442.133
443.861
443.381
443.034
443.139
442.869
445.281
445.051
443.619
443.051
444.058
442.259
444.148
444.405
443.661
445.068
443.654
444.518
443.882
444.578
444.903
443.794
445.357
444.683
445.638
445.195
444.308
445.280
446.811
444.061
443.767
444.876
444.025
444.664
445.964
445.690
443.778
444.648
445.791
446.589
445.241
444.385
443.812
442.233
445.316
446.580
444.244
444.380
443.862
445.734
444.419
442.040
444.016
443.842
444.458
445.150
445.497
443.698
445.372
447.033
445.174
444.792
446.143
445.258
444.851
443.732
444.868
444.861
444.523
441.778
443.206
444.182
446.510
445.842
444.162
441.853
446.796
445.482
444.307
448.463
443.587
444.147
444.097
445.127
445.883
444.476
444.213
444.483
442.896
444.642
444.479
444.863
444.550
446.357
442.243
445.085
442.540
443.219
443.936
443.468
445.549
445.006
442.671
443.918
441.984
443.971
444.829
443.807
443.359
440.809
443.732
444.466
443.369
445.834
443.260
443.042
445.076
443.718
443.584
445.638
447.145
444.889
444.932
444.094
444.599
445.341
444.273
446.137
442.696
442.532
447.525
446.726
443.204
444.641
445.732
444.069
442.673
442.953
445.078
444.983
442.765
445.595
445.770
445.856
443.731
445.001
445.969
445.682
444.789
444.919
445.612
443.170
444.447
443.642
443.548
445.077
444.989
443.292
444.951
443.542
444.626
444.553
446.483
445.575
445.571
444.887
442.691
444.054
447.731
445.465
445.393
444.082
444.173
445.455
445.246
445.576
446.793
445.536
443.656
445.588
444.181
445.051
445.370
445.820
444.526
443.199
444.732
444.821
443.477
443.619
444.228
446.007
443.796
443.975
444.369
444.476
444.960
445.051
445.385
444.283
444.063
444.816
444.601
443.436
443.338
446.104
444.522
444.585
444.498
446.746
445.569
444.452
444.532
445.821
445.142
445.499
444.927
446.531
443.792
445.115
444.251
444.714
443.249
445.124
445.187
446.033
444.089
442.867
444.132
444.896
446.736
444.523
442.745
443.369
441.173
444.552
443.884
443.282
442.538
443.945
445.254
443.994
446.151
445.836
447.949
444.389
442.896
445.323
445.997
443.142
443.081
443.201
445.256
445.715
443.166
444.179
446.908
444.419
445.700
445.257
444.620
444.784
445.162
444.803
447.440
445.897
444.876
442.368
445.081
444.485
446.643
445.944
444.867
445.186
445.295
443.358
443.197
444.663
443.309
445.806
444.968
444.985
445.054
442.666
442.961
444.975
442.717
442.702
443.532
445.148
445.724
443.924
444.813
443.691
442.694
442.939
443.914
442.505
443.231
443.204
444.009
442.886
444.094
444.600
445.950
445.007
446.904
445.474
444.733
444.681
443.290
443.488
446.705
446.236
442.775
441.612
445.015
444.683
445.551
446.005
442.581
444.375
443.778
444.235
443.902
442.831
442.333
445.036
444.284
441.670
441.267
440.907
441.706
441.712
444.386
444.385
444.960
442.982
444.519
444.013
441.882
444.997
443.207
444.429
444.946
445.302
446.980
442.623
444.253
445.965
446.632
443.684
444.045
445.539
445.028
444.470
446.375
444.875
442.561
444.444
443.260
443.008
442.679
443.606
443.131
444.373
445.018
445.512
444.629
442.747
441.197
444.928
445.742
442.769
443.797
444.155
443.293
443.755
441.670
440.844
443.162
443.888
443.228
444.715
444.154
444.446
443.709
443.935
444.913
443.186
443.557
447.852
444.968
445.260
441.881
443.692
444.527
445.616
444.072
446.354
444.202
444.091
445.442
445.731
445.081
446.020
443.646
443.086
446.432
446.057
443.124
443.056
445.693
444.889
445.758
444.009
444.589
441.663
446.214
445.456
443.930
443.555
442.978
442.587
441.480
443.365
445.371
443.374
444.711
448.666
444.899
442.849
443.560
445.088
442.717
445.664
444.007
442.830
444.437
444.317
445.114
444.156
443.262
444.098
442.406
443.138
443.204
443.540
442.517
443.381
444.258
445.145
447.110
445.362
445.644
444.755
445.744
444.505
443.181
446.861
444.404
445.497
446.076
445.264
444.898
444.504
444.117
442.757
443.626
444.823
442.001
446.000
443.895
442.380
444.933
445.318
444.584
445.500
440.772
443.638
441.939
441.050
444.913
444.773
446.969
443.586
443.595
444.220
443.341
445.054
445.945
444.997
444.525
443.109
444.282
444.016
444.039
442.862
443.539
442.986
446.262
445.148
446.695
445.942
447.308
443.640
444.522
444.499
443.490
443.663
442.896
443.913
443.195
445.795
445.965
444.642
446.210
446.050
444.650
446.880
445.958
445.759
444.818
444.489
445.849
444.162
445.429
444.954
442.920
444.930
446.139
447.403
445.858
444.160
447.352
444.374
445.123
443.079
444.971
445.674
446.060
445.291
442.999
447.647
445.687
444.469
445.010
443.166
444.459
444.782
446.473
446.426
445.072
444.519
444.413
444.685
444.226
445.982
444.563
445.044
444.523
444.967
445.171
445.112
444.280
445.284
444.278
446.845
443.987
444.076
444.139
441.821
443.429
443.224
444.766
445.392
443.714
444.098
443.784
444.490
442.739
444.192
446.464
442.016
445.386
443.348
442.508
444.008
443.577
443.307
444.619
445.452
443.800
443.587
443.443
443.431
444.277
443.886
444.652
443.320
443.748
444.773
444.272
444.318
443.707
444.210
444.920
444.271
445.748
446.019
443.947
444.390
445.847
446.340
447.117
446.212
444.231
444.608
445.712
445.700
443.163
445.349
444.110
444.319
443.552
443.651
444.722
443.548
442.358
443.846
443.175
441.675
444.210
443.166
442.821
444.037
445.090
444.231
444.233
445.729
443.342
442.313
445.269
445.425
445.944
444.720
444.646
443.983
441.923
442.660
443.013
443.670
442.955
443.239
443.942
443.291
443.507
444.396
441.346
441.590
443.427
444.504
445.956
447.911
445.889
444.097
442.665
442.834
443.628
443.647
443.547
444.875
444.635
445.467
445.296
446.937
445.504
444.801
442.352
442.329
446.870
446.916
445.123
444.947
445.479
444.543
445.816
444.573
445.964
443.163
444.266
443.934
442.834
442.193
444.516
445.511
442.124
442.880
444.173
447.670
445.883
446.702
445.557
445.233
443.792
444.484
446.392
444.594
445.847
444.937
447.424
446.752
444.242
443.755
444.941
446.307
443.873
441.573
442.124
443.276
443.593
443.765
443.054
443.654
445.624
443.883
444.265
443.994
444.070
445.428
442.519
443.619
443.809
446.317
444.475
444.058
442.458
443.136
446.347
444.614
443.372
443.230
445.744
447.000
443.507
443.788
442.830
444.082
444.157
443.629
445.380
444.501
447.266
444.616
444.802
443.432
444.003
442.664
442.783
444.978
446.111
445.332
445.708
443.493
442.349
446.825
443.656
443.620
446.273
444.170
443.411
444.580
444.639
441.926
442.879
443.107
446.522
445.902
445.494
444.824
443.273
444.767
443.772
445.440
443.732
446.814
446.835
445.576
443.976
446.362
445.849
443.190
444.251
446.514
446.950
446.374
446.023
444.136
446.268
444.894
445.920
448.243
443.628
444.734
445.045
444.305
445.121
445.891
444.685
446.058
444.999
443.934
443.579
441.361
445.652
442.860
445.427
446.056
445.458
447.853
445.566
446.251
445.952
444.627
444.283
443.611
443.456
445.158
444.194
441.155
444.439
444.043
444.252
443.742
444.220
444.484
443.506
445.215
443.750
443.009
444.888
443.783
445.635
445.809
443.584
445.891
445.399
442.084
443.554
444.370
445.252
443.919
443.542
444.825
445.772
445.572
444.971
443.351
444.490
443.763
442.492
445.210
442.804
443.196
443.809
444.050
444.150
446.563
445.639
444.166
443.810
444.945
443.743
444.735
444.450
444.662
444.761
443.349
444.490
445.549
441.687
444.683
445.646
444.331
445.805
445.122
445.286
445.455
444.304
444.776
444.615
443.014
442.532
444.203
444.474
442.104
442.410
444.079
443.215
446.716
446.888
444.432
444.748
445.442
444.261
446.280
443.541
444.891
446.273
445.940
444.155
442.760
442.937
445.142
444.361
442.913
444.386
443.166
442.862
445.031
444.404
442.925
444.558
442.932
441.723
444.181
445.454
443.775
442.659
443.360
446.066
444.616
445.077
446.175
445.197
442.637
443.322
444.267
443.060
443.072
443.742
446.242
446.505
444.100
443.224
442.914
444.860
443.620
445.458
444.358
444.233
442.962
445.623
444.740
444.370
443.234
444.551
443.975
444.282
444.410
442.536
445.508
445.111
443.085
444.587
444.112
444.318
443.573
445.043
444.026
443.351
445.084
445.890
445.050
445.292
444.846
445.530
444.574
445.581
444.483
445.414
443.791
444.634
443.685
446.536
443.704
444.577
443.444
444.084
444.322
444.357
443.398
445.883
446.295
443.953
441.255
442.448
442.653
442.804
444.150
442.191
443.456
442.770
443.981
442.598
443.107
442.661
442.628
441.504
445.746
442.783
443.771
444.922
444.602
443.747
445.063
445.627
443.244
442.856
442.952
444.795
444.441
444.311
445.395
443.374
443.954
442.371
442.437
443.164
442.558
445.001
444.276
444.647
443.356
444.225
444.470
445.192
445.251
444.189
444.449
446.111
443.754
441.624
442.945
444.430
445.284
444.388
444.648
443.925
444.202
445.436
445.303
444.212
443.375
441.961
443.927
444.365
445.573
445.681
444.978
444.638
443.316
445.283
447.240
445.200
446.356
444.121
443.315
443.327
442.046
444.897
443.437
443.793
446.630
444.208
445.236
445.013
445.120
444.372
444.797
445.266
445.425
446.277
446.824
446.377
445.257
445.013
443.882
445.527
443.285
445.749
444.709
443.373
442.335
444.969
445.378
445.842
443.453
442.375
441.308
444.320
444.408
446.540
444.746
444.200
444.203
442.153
445.781
445.643
445.930
446.987
445.680
447.000
448.335
447.060
444.999
442.239
442.924
445.343
444.798
445.317
446.319
444.420
445.063
442.892
444.736
445.477
444.052
443.741
446.223
444.288
446.278
445.438
446.781
445.399
444.270
444.282
446.177
444.691
446.333
444.943
445.417
443.119
443.317
444.356
446.816
444.662
443.634
442.887
445.537
444.535
444.099
442.529
444.113
442.998
442.018
441.456
444.943
445.623
443.121
442.209
443.509
441.810
446.248
443.179
443.822
444.802
444.983
445.820
445.569
443.229
442.243
446.282
445.829
445.557
444.179
443.942
446.101
442.046
440.714
443.106
444.194
443.129
443.874
445.038
444.123
444.454
444.030
445.921
443.221
443.777
440.929
442.153
445.224
443.298
442.808
444.329
443.494
444.759
443.032
442.594
442.426
443.799
443.755
443.102
442.296
443.604
442.758
443.794
443.710
443.874
445.206
443.144
442.958
443.038
444.599
442.846
443.978
444.465
443.104
443.640
443.606
444.738
442.543
443.273
442.213
441.597
441.651
442.999
442.917
443.399
444.504
442.284
445.024
444.530
444.195
446.896
444.312
445.539
444.626
443.104
443.905
445.572
443.500
444.660
443.632
440.328
442.627
444.230
443.996
443.609
444.541
444.030
446.987
442.891
444.097
444.205
445.697
442.872
446.224
444.664
445.439
445.589
446.449
445.378
445.871
444.966
444.118
444.129
445.198
443.951
443.406
444.573
443.798
446.103
444.025
443.655
441.926
445.412
443.883
443.336
445.188
445.481
443.052
442.997
444.714
444.827
445.095
442.593
443.594
444.375
445.754
445.432
442.420
442.687
442.123
445.689
444.396
444.073
444.871
443.642
443.695
440.565
441.815
443.454
446.966
442.822
443.592
443.029
442.583
444.786
444.897
444.010
442.679
442.687
443.511
446.351
446.319
445.211
444.505
444.283
446.685
443.001
446.720
446.892
446.861
445.503
445.457
444.933
445.179
444.039
441.412
443.553
443.783
443.600
442.721
442.161
442.416
443.103
444.641
445.826
442.091
442.503
444.216
444.634
442.628
446.049
444.388
445.760
443.368
443.475
443.853
442.601
443.158
442.666
444.103
445.618
445.074
444.681
444.488
442.980
445.181
446.545
444.183
443.983
443.941
444.034
442.566
442.857
441.672
444.010
442.860
442.739
442.768
440.775
442.055
442.010
444.114
444.088
443.181
446.407
444.579
443.235
441.584
443.323
446.864
444.806
444.742
444.968
445.373
443.481
445.830
447.165
445.704
446.272
444.946
445.004
444.168
444.968
443.190
444.055
442.687
442.911
444.050
445.280
445.735
444.382
445.127
441.445
445.075
444.396
443.814
443.857
443.760
445.212
445.689
445.252
444.850
445.446
442.850
442.761
443.603
445.716
443.263
443.628
443.420
442.970
444.331
448.344
444.296
445.661
444.327
443.776
441.736
444.299
443.521
444.363
443.058
443.334
442.246
444.276
442.327
445.000
442.670
445.064
446.349
445.721
446.532
446.367
444.118
444.625
444.894
444.997
443.585
445.165
443.757
444.320
445.029
443.522
441.173
443.063
442.514
445.702
445.421
445.364
445.628
444.132
445.457
444.686
442.130
442.919
443.684
444.874
444.773
443.369
444.923
446.271
444.764
445.138
445.544
445.053
446.107
444.391
443.775
446.303
444.143
444.431
445.509
446.001
448.177
447.069
444.193
444.385
445.437
446.216
447.084
443.435
441.965
444.564
444.572
443.171
443.520
444.100
445.490
444.605
444.659
442.689
443.884
445.307
444.290
445.063
443.457
444.490
445.071
446.515
443.756
444.844
441.987
443.821
444.043
445.325
446.298
444.586
443.290
443.126
442.712
442.479
443.286
443.775
443.605
444.514
444.122
443.216
443.957
444.812
444.361
443.127
443.180
443.665
444.808
443.773
445.915
442.624
444.557
444.829
444.179
443.648
442.677
445.507
443.205
443.678
443.327
443.695
444.431
442.253
444.020
444.127
442.369
444.620
443.594
444.423
444.815
443.622
442.791
446.611
442.946
442.804
443.781
441.473
443.913
441.839
443.956
443.827
444.394
445.471
445.287
445.382
443.880
442.795
442.901
444.316
443.897
446.324
443.679
445.771
445.646
445.329
444.926
445.267
444.691
444.546
445.169
440.733
443.297
442.184
444.215
444.121
442.327
442.013
442.841
442.776
446.651
445.895
445.896
445.003
448.275
446.943
445.236
445.129
442.591
443.276
443.629
445.131
445.875
443.323
444.410
443.427
445.341
445.300
443.125
442.775
444.206
443.736
444.864
446.157
443.749
444.202
444.680
442.938
444.800
447.122
446.175
444.274
446.953
445.175
444.549
445.591
445.275
444.256
445.586
443.268
443.696
445.693
443.833
446.708
445.240
444.093
442.735
444.260
442.515
443.400
442.774
443.279
446.070
445.327
444.416
444.375
443.537
443.726
441.971
445.082
443.430
443.179
446.046
445.206
444.878
444.911
442.647
442.902
444.336
444.203
447.196
444.960
445.467
443.528
442.013
444.866
443.457
442.667
443.545
444.488
442.194
442.836
444.113
445.687
447.630
445.143
445.749
445.980
444.024
443.756
442.531
444.486
445.136
444.631
444.017
443.272
443.369
443.281
441.683
442.290
443.202
443.113
444.880
445.071
445.459
444.390
444.430
443.650
444.167
444.347
444.075
442.156
443.088
444.728
442.452
442.481
443.621
445.548
444.286
441.262
443.202
446.189
445.720
443.429
443.620
444.415
445.152
445.927
444.707
444.354
444.765
445.548
444.812
444.009
442.687
443.651
442.552
444.948
444.826
442.513
445.233
443.092
443.950
444.065
444.021
443.322
442.829
443.778
444.631
444.765
445.797
446.293
444.724
444.586
444.641
446.224
444.232
443.202
445.373
441.217
443.783
445.547
444.964
444.013
443.347
443.690
443.753
443.985
447.080
444.936
444.227
441.967
443.082
446.174
445.527
444.695
445.167
444.897
443.046
443.783
445.558
442.698
441.997
442.147
444.300
445.915
443.673
445.672
443.235
443.936
444.781
444.358
444.787
444.601
443.590
443.540
447.704
445.203
445.587
443.385
446.375
443.532
445.513
446.917
445.655
445.880
444.348
445.825
445.755
445.839
446.648
444.792
442.847
444.201
444.840
444.155
442.692
444.425
443.520
444.297
441.983
443.701
444.011
444.484
445.064
443.748
442.639
442.089
446.271
444.320
443.896
442.893
444.166
440.246
442.850
444.316
443.088
444.053
443.983
444.479
444.462
444.724
443.643
444.858
445.366
442.989
445.255
443.065
443.246
443.447
445.610
444.713
443.431
445.389
444.260
443.691
445.166
445.476
443.392
445.241
443.580
443.966
443.778
444.562
442.454
443.862
442.072
442.487
441.972
444.783
444.922
444.453
445.941
443.254
445.199
442.703
442.538
442.234
444.515
445.704
445.729
445.877
447.865
444.902
442.661
443.664
444.241
445.722
445.120
444.080
444.389
444.189
447.972
445.455
444.921
443.890
443.786
445.643
444.358
446.129
444.836
444.142
444.615
445.226
443.099
444.932
446.356
445.345
444.345
443.836
443.467
443.303
443.766
447.470
444.421
443.667
444.740
445.576
443.185
445.373
445.699
443.788
443.588
443.491
443.971
444.362
444.427
444.304
445.695
444.062
444.362
442.530
441.528
444.355
443.357
442.672
443.452
444.088
443.397
444.834
445.303
443.831
446.606
444.428
446.134
444.890
444.292
445.914
444.717
443.488
444.210
443.678
444.097
443.601
444.790
442.835
444.038
444.430
443.662
443.387
444.672
443.125
445.420
445.267
445.011
445.492
441.272
443.372
443.935
445.320
444.077
444.176
444.908
445.897
444.098
443.614
443.593
442.901
442.822
442.661
443.618
445.601
443.856
443.039
441.929
442.931
445.545
442.153
443.596
445.745
443.100
444.285
442.224
443.464
445.434
444.273
445.175
445.478
445.405
446.134
440.570
443.647
441.973
442.492
444.942
446.226
444.548
444.788
443.298
443.958
445.749
444.496
446.256
442.860
441.699
444.473
443.286
444.984
447.119
443.425
443.335
441.469
445.605
443.576
445.592
445.338
441.893
442.077
442.256
443.392
442.942
443.894
445.465
441.994
444.813
443.473
445.312
443.497
444.720
443.367
443.482
445.244
445.310
443.394
444.097
442.181
441.600
441.826
444.107
446.014
447.200
444.349
444.592
442.935
441.781
442.144
441.673
442.259
442.346
444.887
443.400
444.960
443.654
445.718
446.358
445.464
441.980
444.410
443.511
441.276
444.477
445.550
447.358
445.510
445.269
443.388
445.183
444.784
446.808
444.171
442.802
442.961
443.085
442.923
443.485
445.647
444.349
446.326
445.125
445.719
441.221
441.335
441.812
444.823
443.444
443.231
445.138
443.905
445.602
443.893
443.941
443.205
443.678
445.512
444.962
444.369
446.526
445.918
442.531
446.282
443.689
444.618
444.282
444.321
446.241
443.094
443.256
446.732
443.687
443.627
446.303
443.367
444.629
443.659
443.216
444.182
441.037
442.714
443.101
443.315
444.144
445.394
444.349
444.027
442.757
444.865
445.232
443.739
444.275
443.119
446.874
444.995
444.048
442.175
440.413
442.975
444.943
445.272
443.076
442.372
442.660
443.994
445.469
444.167
443.093
443.959
446.097
445.078
445.451
443.383
444.760
443.467
441.704
440.576
443.695
442.770
442.982
445.870
442.960
443.682
444.726
444.400
444.046
445.132
446.031
445.351
445.650
443.735
445.667
443.925
445.639
444.305
444.312
444.879
442.881
443.964
442.461
443.674
444.421
445.284
443.967
443.753
443.529
445.932
444.442
445.652
443.762
443.967
445.908
444.287
442.661
444.290
441.885
442.844
441.868
443.862
443.071
445.096
443.526
442.954
445.700
444.850
441.774
443.844
443.567
442.586
443.396
446.710
445.979
442.981
444.674
441.436
443.147
444.343
442.500
444.680
444.244
445.582
442.575
444.823
442.170
442.284
446.817
445.470
443.921
444.863
445.182
446.024
444.973
444.066
443.444
443.465
443.801
441.865
443.025
444.006
443.885
447.696
443.464
443.307
443.980
445.773
443.693
444.822
444.619
445.086
445.253
444.167
444.852
443.539
445.234
445.243
444.586
445.447
443.791
444.358
445.799
444.470
443.671
443.615
442.264
440.813
444.433
443.951
441.794
443.431
443.023
445.335
443.611
444.876
443.415
443.621
445.619
442.436
443.423
443.405
443.940
442.662
444.164
441.832
443.670
444.202
444.290
443.855
443.173
444.449
444.102
444.132
447.107
444.298
443.442
445.721
443.310
444.531
444.795
443.251
444.367
444.347
443.409
441.698
442.295
442.235
443.026
443.417
445.262
442.506
444.002
444.590
444.907
442.077
445.059
445.060
445.098
443.319
444.334
442.552
441.147
442.852
444.268
443.599
445.732
442.482
445.242
446.780
443.700
445.076
443.386
446.647
447.135
445.695
442.746
444.633
446.467
446.440
443.942
445.301
443.590
443.048
444.672
445.568
445.218
444.556
445.141
443.902
442.579
441.752
443.464
441.772
443.376
443.383
444.666
441.542
444.595
443.803
444.977
443.086
446.556
442.975
442.284
443.362
444.093
442.888
442.965
442.991
445.128
445.552
444.002
443.500
444.578
444.024
443.318
442.688
442.212
443.337
444.898
444.437
445.803
443.826
446.232
446.484
444.703
442.684
444.229
444.662
444.392
443.212
446.082
444.856
446.155
444.654
443.289
445.383
442.430
444.034
441.768
443.525
444.058
442.021
442.676
443.176
443.321
442.550
444.543
444.716
444.162
443.459
443.578
443.379
443.451
442.649
444.483
447.109
443.258
442.614
444.962
444.837
442.158
444.213
444.780
444.212
445.101
444.543
445.092
444.402
442.120
442.511
442.678
442.608
444.050
446.061
445.643
443.343
443.939
446.288
444.750
445.764
445.410
441.909
443.287
443.378
442.439
442.601
442.436
442.663
442.866
444.125
442.918
442.508
444.988
446.412
447.314
446.179
444.558
444.887
440.758
444.193
442.563
443.758
446.043
445.674
446.030
444.322
446.027
444.978
442.838
444.405
444.705
443.600
442.733
445.204
445.728
444.617
444.798
445.389
444.459
445.950
443.511
443.382
443.727
444.633
443.617
444.494
444.319
445.021
444.998
445.384
445.169
445.587
443.496
443.196
443.408
445.905
443.433
443.243
442.696
445.878
444.962
443.513
444.130
441.918
443.256
442.878
442.683
441.836
444.902
445.412
442.022
442.651
443.115
441.755
444.447
445.604
445.627
443.293
445.701
444.835
444.291
443.479
444.629
443.618
445.129
444.832
441.906
445.021
442.990
443.414
445.128
444.383
445.091
445.245
444.047
442.754
442.004
441.986
443.061
443.042
446.818
444.679
441.470
443.783
441.990
443.264
442.255
441.261
443.688
442.999
444.338
442.751
444.775
444.200
445.495
445.844
442.240
443.099
445.019
444.957
443.930
444.632
443.197
441.545
444.275
446.539
444.434
443.836
444.067
442.682
446.456
445.935
443.960
445.455
445.484
444.485
445.326
444.544
442.329
444.096
443.129
442.360
445.034
443.201
445.162
444.306
445.479
444.597
441.039
442.977
446.734
445.077
445.000
444.593
444.811
446.134
443.548
444.675
446.284
445.923
443.900
445.596
446.168
443.031
444.008
442.534
441.111
442.683
442.533
444.690
444.637
443.728
444.637
444.831
444.053
441.731
445.937
446.157
444.986
444.934
444.781
445.086
445.247
445.497
443.144
445.462
446.235
447.680
444.958
446.436
445.408
443.945
443.827
444.992
445.249
442.099
445.431
444.332
443.951
443.593
444.784
443.790
443.110
444.870
443.115
444.883
443.836
443.465
445.447
445.441
443.821
445.515
443.786
448.234
446.107
445.377
444.447
443.479
442.694
444.798
443.605
445.853
445.451
441.668
442.891
445.425
445.430
446.096
445.644
442.738
443.825
443.868
444.749
444.494
444.510
445.682
445.136
446.421
444.288
444.125
444.723
443.434
445.476
444.110
445.662
443.746
445.039
445.168
446.428
445.094
445.506
444.876
445.926
444.866
443.772
445.006
442.746
443.855
443.586
443.981
445.488
445.315
443.228
442.854
443.314
443.228
443.326
443.269
445.343
442.689
441.993
444.561
444.977
443.683
445.169
447.488
445.803
445.222
446.524
444.181
445.027
445.897
443.639
442.732
447.533
445.150
442.372
445.731
443.897
442.173
443.473
444.349
443.285
442.359
443.709
442.090
444.290
445.451
443.743
445.038
444.857
445.846
442.444
444.142
444.549
444.654
443.007
445.002
443.189
445.932
444.315
446.953
443.578
446.736
444.500
445.893
444.724
445.617
444.968
441.741
444.306
445.140
446.602
446.401
445.288
448.903
446.306
443.185
441.601
446.821
447.181
445.715
446.227
446.062
443.530
446.958
445.385
446.300
444.624
446.017
446.084
444.278
444.691
446.977
444.924
444.476
444.208
444.383
444.637
443.830
444.112
443.356
445.163
445.712
444.963
447.136
445.401
443.923
445.793
443.973
444.924
443.776
446.094
445.536
444.332
444.504
443.420
443.130
445.570
447.636
447.586
444.431
446.121
445.149
445.535
444.833
442.830
446.750
446.520
442.692
445.293
444.447
446.458
442.786
445.929
444.558
445.365
444.715
444.509
442.997
446.039
443.100
443.679
443.540
442.615
444.104
444.516
443.759
443.784
442.934
443.107
445.083
444.390
443.254
445.121
441.727
442.675
443.383
441.062
444.046
443.676
445.420
444.502
445.213
445.734
445.115
444.996
444.961
441.364
442.151
445.291
445.925
442.525
445.459
444.331
445.334
443.726
444.133
444.582
445.651
445.255
443.536
445.194
444.867
442.865
442.126
442.939
444.982
444.759
444.390
442.504
444.191
444.407
444.423
445.831
442.312
443.298
442.062
443.501
444.577
443.060
444.267
447.397
443.336
445.497
444.304
444.255
445.030
444.023
444.778
441.802
445.215
445.340
443.887
444.780
444.438
447.220
446.394
443.622
444.060
445.383
444.686
443.536
444.826
444.028
446.626
442.525
442.520
444.692
445.255
444.431
442.515
442.991
445.065
441.143
444.125
443.787
445.126
446.425
444.384
441.665
443.471
442.250
444.130
445.880
443.666
443.169
443.170
445.092
443.696
443.259
444.279
441.747
442.934
442.882
444.438
445.036
444.561
443.492
443.674
443.917
443.612
443.684
443.299
445.100
447.811
445.961
444.528
443.336
443.947
442.902
444.260
444.328
445.631
445.021
446.016
443.486
444.088
446.248
443.507
445.753
444.950
445.579
446.166
445.403
444.031
447.366
445.367
445.350
443.579
442.218
443.968
444.946
446.364
443.976
446.453
444.793
445.510
446.646
445.373
444.144
443.184
446.653
443.913
445.350
444.517
443.143
441.941
443.181
442.276
443.302
445.526
444.188
445.759
443.238
441.270
444.786
442.883
443.488
444.826
443.615
443.428
444.439
442.744
443.895
446.046
446.078
444.850
445.465
444.188
443.127
445.036
443.347
444.692
443.296
444.558
444.644
445.951
447.789
447.003
446.637
446.835
444.656
445.050
445.053
444.583
443.517
443.869
446.132
443.840
445.197
443.983
441.858
442.866
443.382
445.501
445.105
445.394
446.881
446.437
447.948
447.693
444.488
444.541
446.589
445.552
443.779
443.884
445.855
444.553
444.088
444.519
445.066
441.394
445.048
445.502
443.170
444.387
444.290
444.063
446.404
444.482
443.365
440.724
442.811
440.061
442.786
441.869
442.248
444.690
443.273
444.490
443.607
442.514
444.819
444.829
442.762
443.535
445.326
445.469
444.495
444.666
445.173
445.012
445.202
445.642
444.305
445.179
443.036
444.832
443.813
445.771
446.759
446.109
445.850
444.408
443.370
442.185
443.365
443.143
442.766
444.243
444.926
444.859
444.284
445.274
445.306
444.192
446.579
445.868
445.125
445.844
445.580
445.235
446.231
444.751
443.422
445.571
444.996
446.959
444.167
444.896
443.897
445.086
445.323
443.981
446.723
442.910
443.680
444.520
444.433
445.072
447.639
444.488
445.721
447.145
443.058
442.518
444.071
445.046
445.921
445.843
445.479
446.230
446.428
442.401
444.350
442.973
443.440
443.698
443.047
445.718
444.572
442.452
444.845
444.810
442.192
440.777
442.104
441.914
442.693
443.448
445.296
445.566
443.691
444.023
442.921
443.542
444.699
442.242
443.185
446.138
444.862
444.932
443.775
443.922
444.595
442.090
443.245
444.027
441.110
443.523
444.751
444.582
444.859
443.589
444.265
444.058
444.540
445.116
446.174
446.614
445.640
444.531
443.843
441.994
444.238
442.387
443.665
443.988
444.775
444.442
445.032
445.639
445.546
442.595
443.963
444.432
443.649
444.144
445.131
443.963
444.587
441.220
442.355
442.258
442.854
442.638
443.209
443.594
443.672
442.656
441.385
444.380
445.550
444.739
444.797
444.537
442.986
444.378
443.211
442.364
444.696
443.609
446.255
445.300
446.262
446.950
446.234
445.621
443.962
443.229
445.563
445.024
444.978
444.521
444.543
444.020
443.460
444.014
443.519
444.596
441.836
442.643
444.079
447.196
444.599
442.778
445.982
447.126
447.001
444.907
444.557
442.685
444.212
443.212
443.720
444.306
442.829
442.745
442.565
442.741
446.527
446.282
444.581
445.836
447.325
447.004
445.002
444.426
444.900
444.589
443.437
445.092
443.712
445.729
443.690
443.153
443.147
445.123
443.906
446.586
442.149
441.532
444.601
444.875
445.155
443.496
445.576
444.320
446.308
441.951
444.484
444.149
446.575
444.423
443.434
442.256
441.385
441.790
442.950
444.115
443.587
442.420
442.507
443.267
444.038
446.570
444.382
444.145
443.943
444.508
442.905
444.959
445.940
444.473
440.953
441.648
443.518
441.223
444.937
444.337
442.885
445.816
444.140
445.182
445.402
443.681
445.921
445.341
443.875
444.032
443.539
445.011
443.196
445.590
444.142
445.606
445.832
444.087
444.295
441.971
445.703
444.983
442.346
444.025
443.458
443.203
445.383
445.470
445.991
445.502
445.616
446.815
444.216
443.662
443.640
443.117
445.651
443.553
441.102
441.642
444.396
442.297
442.017
444.428
442.991
445.753
444.284
443.736
444.881
444.540
444.629
443.744
442.849
444.889
447.272
444.281
447.038
445.570
445.319
443.569
444.769
443.768
443.866
445.549
446.024
444.748
445.691
444.517
445.190
445.569
442.649
444.261
444.772
443.599
444.189
443.310
443.537
445.708
442.038
444.622
442.581
445.195
446.143
446.323
443.205
444.127
444.355
446.472
443.997
442.468
442.800
445.202
446.655
444.190
443.657
444.644
443.634
444.403
446.621
446.356
444.769
445.018
446.163
445.274
443.640
441.345
442.387
443.043
443.644
444.176
444.993
444.521
443.623
444.672
443.157
444.025
444.147
444.540
444.496
444.418
445.810
446.190
444.464
444.436
441.549
443.223
442.064
444.262
445.157
444.521
442.388
445.269
443.979
444.917
444.017
444.349
445.027
444.590
443.943
445.504
443.875
444.597
442.951
443.537
444.365
444.571
448.482
445.002
445.636
444.235
442.691
446.395
443.505
445.212
442.754
445.003
445.794
443.930
446.571
442.672
442.899
443.978
443.649
445.188
444.735
444.588
443.525
444.634
444.782
444.963
445.203
443.597
441.753
444.473
443.368
444.082
444.580
444.907
441.635
444.258
443.212
443.583
444.966
443.439
442.845
444.490
445.246
443.617
446.001
445.033
444.088
444.971
444.903
444.833
443.020
445.830
444.364
444.867
444.783
444.991
444.144
443.309
444.539
444.262
444.773
445.529
444.146
444.026
445.669
445.260
446.443
443.886
442.268
444.666
442.225
446.612
443.936
445.399
445.783
447.997
446.295
445.000
448.194
445.555
445.976
446.441
445.617
443.525
445.191
446.284
444.944
445.038
447.580
444.336
444.012
444.815
445.893
447.082
446.917
445.801
443.055
442.528
443.687
444.687
444.096
443.825
445.390
443.932
444.179
443.593
444.234
444.215
443.980
442.200
442.174
442.129
445.365
442.797
443.613
446.342
443.270
446.250
444.315
444.979
444.585
447.340
444.064
445.258
445.169
442.797
443.912
446.232
444.126
442.357
443.903
443.406
443.881
444.120
441.564
445.070
442.211
441.907
444.057
444.178
443.748
445.278
447.286
445.241
445.303
444.417
444.905
446.098
446.231
442.788
445.662
446.101
446.647
444.320
442.983
443.849
443.273
446.995
444.729
445.917
445.783
445.933
445.076
447.020
446.104
446.981
444.246
442.659
443.885
443.161
443.555
446.765
443.221
442.063
443.471
441.858
444.974
443.647
445.572
447.327
444.163
442.596
444.580
443.724
442.282
442.041
442.467
443.543
443.377
443.639
447.060
444.957
444.317
444.805
445.483
445.326
444.993
444.294
443.797
442.720
443.005
442.617
444.988
444.082
444.729
444.876
442.019
443.148
444.511
445.570
445.431
445.263
445.748
442.499
444.125
444.946
446.144
445.941
445.189
446.956
446.067
444.496
445.549
444.441
446.726
446.746
443.892
444.397
447.527
447.769
446.419
445.351
445.545
445.096
445.320
445.604
443.962
443.841
443.691
445.218
441.571
445.717
445.167
445.525
445.198
446.009
446.940
445.784
447.919
447.792
447.385
447.199
446.598
447.936
448.081
446.409
445.108
443.940
443.467
444.962
447.508
446.328
446.951
447.943
445.956
445.736
447.165
448.751
443.927
444.873
446.418
444.215
446.851
446.181
446.208
445.571
447.860
446.291
443.918
447.059
445.894
448.487
447.447
447.005
444.423
444.855
447.190
446.638
446.797
445.409
446.285
447.792
447.857
446.647
446.429
448.999
448.736
447.717
447.897
447.178
448.216
447.048
446.097
448.465
444.703
447.323
448.236
445.048
445.082
446.632
446.387
447.291
445.536
445.462
448.395
447.300
448.448
447.064
444.815
447.022
445.644
445.002
447.546
446.684
448.244
446.606
446.605
447.259
447.080
447.083
447.214
446.779
446.364
447.907
448.480
446.561
446.312
449.315
446.795
447.241
447.618
445.995
446.006
445.710
447.271
444.511
448.258
447.131
448.756
446.387
446.712
445.648
447.330
444.764
447.304
447.441
447.073
446.517
447.610
449.381
446.265
446.281
445.872
448.237
449.083
446.834
448.423
445.840
448.151
448.340
447.017
446.303
446.586
448.429
448.849
448.671
447.477
448.172
448.514
448.427
444.681
449.903
447.035
446.632
449.572
448.139
446.048
446.253
447.209
446.846
447.524
447.549
447.508
448.865
448.841
444.819
448.246
445.214
445.730
446.934
447.822
447.599
447.731
447.522
448.093
447.774
445.037
448.497
445.467
444.813
446.889
447.157
448.130
446.393
445.708
447.134
447.483
447.240
446.829
447.827
451.583
449.642
449.255
448.494
448.070
447.343
448.000
446.815
447.609
447.093
447.343
446.408
446.060
447.667
445.368
445.203
445.371
446.099
447.266
446.732
445.589
444.932
446.723
446.353
444.129
447.101
446.323
449.355
445.445
446.110
446.205
447.931
449.114
448.456
447.085
449.466
446.897
446.043
446.038
446.156
444.417
447.854
447.968
444.561
447.867
447.381
447.808
445.797
447.171
449.985
446.012
446.392
447.121
448.695
447.989
447.234
448.116
446.561
446.558
447.320
445.491
446.419
446.424
445.482
446.222
448.322
447.250
448.225
446.922
447.426
445.597
446.084
447.894
445.536
447.363
446.605
448.144
448.827
445.903
446.094
445.448
445.739
445.360
447.417
445.115
448.065
446.538
443.877
446.221
447.177
446.796
445.297
447.634
446.170
448.279
445.639
448.615
448.921
446.473
448.787
448.766
450.059
448.658
447.286
446.405
449.038
448.607
446.052
445.521
443.877
443.977
446.289
446.443
447.405
447.601
446.432
446.062
447.188
445.943
447.319
445.841
448.393
449.288
445.760
445.767
444.259
445.230
447.348
446.515
447.942
449.717
447.969
448.280
447.464
447.925
447.420
447.331
448.314
446.737
448.696
447.771
448.355
445.604
447.504
445.193
447.958
448.639
445.825
447.189
445.436
448.050
444.636
447.059
448.040
445.559
444.514
445.528
447.028
447.312
446.363
448.668
448.344
448.744
449.785
447.123
446.743
449.570
449.443
446.963
449.735
448.475
443.470
446.839
445.633
446.222
446.335
448.547
446.988
447.333
445.879
446.253
447.927
445.515
444.552
445.788
449.481
446.612
449.111
448.434
447.735
444.408
445.598
448.328
446.447
446.386
445.048
446.845
446.323
446.963
445.615
448.063
446.640
446.392
446.304
445.607
446.703
448.808
446.277
446.051
447.891
447.328
449.010
447.995
446.513
445.274
443.839
445.799
443.867
443.420
447.042
444.092
443.976
446.222
448.605
447.680
449.128
447.972
449.115
447.596
447.845
448.888
446.077
448.395
448.148
448.574
447.774
445.973
448.074
447.938
446.874
447.235
447.464
446.386
444.994
447.198
443.947
444.411
446.133
446.860
448.031
447.464
449.253
445.729
444.571
444.431
445.145
446.678
446.244
446.747
449.542
447.301
445.495
445.661
446.390
448.190
448.799
446.669
446.880
449.166
447.161
449.313
449.601
447.528
450.091
448.637
449.158
448.280
447.639
447.861
449.047
448.722
445.700
446.274
448.246
445.988
444.477
447.134
445.765
445.765
447.921
446.114
447.955
448.749
449.069
447.723
448.450
446.421
449.257
450.791
447.948
446.587
446.950
445.854
446.854
447.803
448.535
448.204
450.493
449.433
449.022
447.482
447.963
448.318
448.511
447.400
448.064
446.209
446.758
446.739
448.412
444.339
447.205
448.232
449.770
445.959
447.522
446.413
446.568
447.681
