447.603
447.841
449.123
448.778
451.023
449.613
450.563
448.993
450.026
449.491
450.551
450.050
449.481
446.469
446.673
447.310
449.075
447.904
447.878
448.947
448.258
446.930
450.205
448.344
448.157
448.847
450.609
451.553
450.208
449.878
448.556
449.241
446.308
446.625
451.159
449.393
448.220
448.649
445.967
448.481
449.670
448.114
450.417
452.558
449.444
449.279
450.152
448.507
448.494
447.927
449.485
448.611
449.893
452.129
451.637
449.185
449.133
446.032
448.116
448.203
448.716
450.805
448.200
448.857
448.881
449.318
447.167
449.131
448.646
448.241
448.288
448.101
448.719
448.094
449.466
446.656
450.215
448.948
446.641
448.735
448.642
448.755
449.662
449.190
450.111
446.209
449.388
447.184
447.225
447.256
447.828
447.979
445.918
446.210
448.012
448.052
450.440
447.749
448.352
447.487
449.817
449.138
450.387
449.148
449.018
447.377
449.827
446.586
447.275
448.289
448.477
448.083
450.100
451.637
448.705
446.851
449.046
449.093
449.368
449.111
449.076
447.060
448.171
446.791
450.003
449.211
447.723
448.125
448.982
448.234
449.589
449.669
446.569
449.247
449.266
447.763
449.473
448.147
447.733
448.760
449.461
448.863
447.573
447.245
446.801
448.110
449.515
446.750
447.841
449.330
448.154
448.934
447.099
445.270
447.575
446.319
448.803
448.616
450.391
448.674
447.745
448.972
448.540
448.585
449.192
445.535
448.369
446.935
449.998
450.754
450.573
449.532
450.259
451.256
449.559
448.313
445.748
447.656
449.145
450.583
448.640
446.530
448.654
447.452
448.144
449.709
449.971
447.584
450.604
449.210
449.638
450.660
448.171
449.774
451.361
450.922
451.869
451.179
452.328
453.151
450.627
450.803
450.860
452.007
450.087
450.293
447.925
453.379
453.950
451.813
451.594
449.815
448.581
448.758
449.954
447.149
446.010
447.306
450.224
451.597
450.413
448.784
448.674
450.383
449.773
451.396
450.335
451.548
451.348
450.327
449.285
451.068
446.839
448.293
452.957
449.323
449.229
449.444
450.309
448.923
448.431
447.489
451.282
448.583
446.230
451.011
448.660
450.519
450.427
447.690
448.174
452.608
451.060
452.298
447.530
450.918
450.102
447.454
446.343
448.434
447.123
449.720
446.322
445.723
445.453
449.389
450.377
447.738
448.840
449.944
447.010
446.118
449.312
447.700
449.079
449.250
448.194
450.660
450.190
448.320
449.790
449.703
448.800
449.919
451.752
452.420
449.268
448.434
448.803
450.175
452.462
449.049
450.788
451.836
450.910
448.259
448.475
450.245
450.851
450.153
450.811
449.095
448.320
448.541
448.880
448.540
448.697
448.471
448.327
449.445
450.792
452.689
451.637
451.101
447.654
449.706
447.137
448.955
450.156
449.700
449.370
451.169
449.134
451.140
452.269
453.444
450.092
449.059
447.499
449.277
452.247
452.638
448.560
449.916
450.703
450.586
452.709
452.535
453.423
450.299
451.088
451.067
452.044
451.915
451.055
451.037
451.075
449.037
449.865
450.431
449.778
448.049
447.628
450.187
450.546
450.800
449.235
451.275
448.735
451.475
447.762
448.686
449.563
446.957
450.103
447.851
448.685
449.515
448.712
449.616
448.606
450.088
449.321
447.917
449.521
449.981
449.854
449.015
446.676
448.818
449.511
449.759
450.403
449.324
449.264
450.276
448.777
451.790
451.113
449.582
448.658
449.958
448.533
449.831
451.158
445.889
449.025
448.015
449.988
451.001
450.583
448.868
449.001
448.561
449.271
451.386
448.796
450.962
453.159
449.296
450.727
452.449
451.479
453.614
452.351
451.705
449.360
451.529
451.507
453.455
451.339
453.518
450.194
446.420
448.824
447.266
449.623
450.463
449.154
451.276
450.832
448.459
449.909
449.289
451.822
450.224
450.176
451.094
450.642
451.035
448.876
448.774
451.535
451.225
452.254
450.535
450.767
451.979
450.826
448.317
450.065
448.950
448.253
449.149
452.469
448.899
450.487
449.202
447.602
450.075
449.500
450.925
452.450
449.127
449.735
449.808
449.041
450.709
447.757
449.566
449.154
449.648
450.867
449.332
449.296
447.569
450.478
450.363
450.477
449.635
450.199
450.590
449.117
449.282
450.594
448.230
449.046
450.822
449.317
449.960
449.848
448.948
449.491
450.467
449.430
450.567
449.217
446.066
447.592
449.756
448.128
447.018
448.795
448.299
448.881
449.383
449.291
447.862
451.575
449.212
449.041
447.788
449.952
448.151
449.114
450.667
448.050
448.106
448.743
449.356
448.744
449.762
448.707
449.106
449.978
452.779
452.044
451.679
450.542
449.596
449.279
451.842
448.816
450.059
449.893
448.479
451.518
448.607
448.584
449.356
447.472
450.114
448.281
447.985
449.788
448.381
449.159
448.201
450.839
451.354
452.162
449.523
450.714
451.665
449.852
450.614
450.875
451.501
454.373
451.567
451.672
450.605
450.770
449.726
448.912
450.697
451.323
449.316
451.896
450.203
449.147
449.459
451.992
450.293
450.952
448.269
449.863
449.342
449.484
449.180
450.138
449.618
451.038
451.215
448.781
449.419
450.832
449.545
448.842
449.317
450.754
453.602
452.179
452.242
449.567
449.532
454.616
450.230
448.710
452.156
451.788
450.786
452.170
454.456
451.333
450.966
450.347
452.127
450.280
449.143
448.632
451.031
449.265
452.236
452.323
449.662
450.157
451.040
450.417
448.904
448.734
448.917
450.424
449.973
448.806
448.706
448.667
449.121
447.571
450.068
449.414
450.225
449.604
452.111
449.625
449.868
449.757
448.650
449.965
450.243
450.424
450.496
449.193
449.030
448.075
450.557
449.420
448.483
450.008
449.806
450.903
448.713
448.570
447.075
450.527
448.568
449.962
448.625
447.357
448.392
451.616
449.854
448.977
450.736
453.049
452.269
452.879
451.958
454.167
450.198
452.271
447.257
447.236
450.107
448.109
447.932
450.609
451.616
452.203
448.941
449.871
452.865
450.180
452.839
449.923
450.659
451.392
448.351
449.624
448.351
449.836
447.968
450.037
450.304
449.387
448.799
449.618
450.204
449.792
448.139
450.157
448.355
448.800
449.890
448.656
449.896
449.512
449.971
450.743
452.414
452.506
451.093
450.803
449.389
450.218
450.405
450.655
451.707
449.881
449.977
450.602
450.736
452.259
453.077
452.177
449.167
450.599
450.055
451.887
449.976
452.226
450.095
449.802
450.379
450.888
448.442
451.029
453.024
450.868
449.696
450.135
451.816
452.108
452.119
448.046
447.343
449.225
448.881
451.129
450.013
451.132
449.390
451.111
448.920
450.420
448.836
450.272
450.099
449.849
449.040
450.235
448.494
448.222
448.912
448.190
449.447
451.556
452.141
449.749
452.214
450.930
449.089
450.370
451.021
454.388
451.333
455.164
453.669
450.617
452.607
454.466
453.702
453.399
450.600
451.639
452.913
452.718
454.233
449.743
449.913
451.435
450.951
449.606
451.414
452.969
454.061
453.464
456.059
453.442
452.434
450.447
452.237
452.592
452.994
451.175
448.299
451.405
452.245
449.569
450.357
450.130
450.464
452.087
452.083
450.118
453.073
448.322
452.030
453.401
451.844
450.496
450.964
452.704
449.160
450.868
451.187
451.435
452.741
451.167
451.469
450.065
450.627
451.486
449.811
450.149
452.797
450.382
451.960
455.939
450.012
452.547
451.511
452.932
453.374
450.385
452.494
451.238
451.844
452.614
452.290
451.815
450.309
454.665
452.408
453.060
451.724
449.612
449.503
450.941
452.572
452.168
450.417
449.064
448.214
449.353
451.657
448.737
450.780
449.678
448.455
447.184
450.053
451.081
450.535
448.562
448.636
449.980
450.916
450.147
451.577
449.554
450.567
449.928
449.333
452.267
449.303
449.534
448.685
450.417
449.883
450.679
449.123
450.014
449.561
452.096
450.133
448.333
448.440
449.109
450.627
449.430
449.111
448.945
448.162
449.486
450.658
452.621
449.676
452.126
451.404
449.341
449.515
449.868
450.270
452.366
451.112
452.282
450.528
449.126
450.386
450.191
452.671
451.166
449.919
450.445
451.193
452.137
454.135
450.549
449.881
450.343
451.909
449.480
450.703
450.065
447.927
449.002
450.328
448.567
449.759
448.733
450.643
450.652
448.300
450.243
448.692
451.348
448.171
449.734
451.355
452.686
452.869
450.792
451.771
452.449
450.847
449.240
449.123
450.090
446.992
450.729
452.137
450.824
447.507
447.374
449.341
452.136
451.742
450.035
448.933
450.250
448.977
452.639
451.026
450.306
451.140
451.549
451.068
452.727
451.114
451.607
450.280
449.862
449.572
449.848
449.528
448.013
450.352
449.140
450.174
449.807
447.740
448.185
446.205
449.912
448.566
448.544
448.976
451.580
450.186
449.915
449.725
450.919
451.942
449.980
447.784
449.247
449.040
448.275
448.864
450.794
449.874
451.541
450.421
447.842
451.826
451.108
449.998
450.395
450.292
447.524
450.952
449.447
451.197
449.335
449.945
451.502
451.165
449.602
448.067
448.899
449.425
449.074
447.956
446.709
449.148
449.486
449.232
450.389
450.001
451.578
450.242
452.124
451.310
452.038
452.276
451.020
451.327
451.038
452.334
451.111
450.836
447.790
448.359
451.231
449.421
447.982
448.980
450.384
450.815
451.004
450.056
450.139
448.402
447.970
450.923
452.623
450.063
448.134
446.205
448.787
450.201
450.906
449.074
447.343
450.301
450.192
447.572
448.504
446.882
447.889
450.531
450.066
446.711
446.227
447.643
447.720
447.291
445.562
447.367
446.362
446.267
448.774
448.791
450.940
447.137
445.302
445.629
446.358
446.821
448.729
447.594
450.406
446.937
446.942
447.620
446.518
447.141
448.357
447.820
447.705
446.505
447.470
447.016
446.748
446.330
450.344
448.010
447.768
448.957
448.901
447.977
448.712
448.496
448.148
448.095
448.737
446.699
449.136
445.776
449.369
451.936
450.693
451.043
451.148
448.901
450.651
447.523
446.667
447.786
449.264
448.821
448.012
449.364
448.146
448.437
449.000
450.133
449.887
449.621
449.815
450.592
451.164
450.058
452.586
452.095
450.246
454.619
454.156
454.743
451.841
452.133
449.534
450.386
451.722
448.784
449.459
451.454
452.446
452.459
451.733
453.294
450.984
450.889
448.987
450.677
449.772
449.222
451.493
452.890
451.906
448.689
451.634
448.588
449.957
449.905
451.315
451.709
452.112
451.905
451.474
451.630
452.367
448.804
451.827
450.470
452.562
451.440
451.690
450.748
452.177
451.387
449.627
448.748
449.666
449.177
451.219
450.642
452.352
449.925
454.070
450.693
447.090
448.603
447.521
448.652
448.861
448.749
449.705
448.812
449.363
451.338
450.164
450.757
449.625
451.291
450.560
451.288
450.613
449.059
451.141
451.301
450.941
451.870
451.312
450.794
450.255
447.839
449.782
449.919
449.930
450.810
447.921
448.919
451.381
451.183
448.730
449.482
450.387
451.335
452.687
452.843
450.145
451.049
453.017
453.017
451.749
451.168
448.671
450.308
451.534
452.057
449.868
450.296
449.375
449.855
450.062
450.885
449.306
451.149
451.937
449.935
450.574
450.915
449.989
449.231
449.750
449.581
451.791
450.121
449.714
448.696
448.187
449.862
450.278
451.466
450.827
448.135
449.225
446.822
449.979
448.174
446.462
448.713
448.820
449.376
448.722
451.365
448.147
450.788
448.909
446.759
451.273
450.994
449.264
450.082
450.905
448.868
450.089
450.378
450.022
450.786
449.729
450.943
451.068
452.515
450.926
450.280
449.016
449.788
449.938
448.692
450.061
450.075
447.784
445.795
449.684
447.654
448.335
448.488
446.856
447.658
446.106
449.129
449.990
448.211
448.641
450.333
447.801
449.877
449.755
449.270
446.671
449.570
449.555
447.366
447.914
446.655
449.469
448.889
448.779
448.201
448.359
445.577
447.154
447.313
444.926
448.634
448.036
447.288
449.043
449.293
447.721
448.556
449.219
449.917
447.815
447.340
447.378
447.692
447.902
448.835
448.366
447.008
446.432
446.357
447.055
449.133
445.324
446.240
450.153
445.639
447.298
448.245
449.937
447.746
446.922
446.373
447.578
444.519
446.541
448.666
448.096
447.294
449.025
447.728
446.542
450.135
449.696
448.365
448.913
450.256
449.407
449.637
450.871
448.472
449.686
449.305
446.922
447.378
447.362
446.015
449.650
449.004
448.892
449.293
448.363
444.931
447.357
446.787
448.655
448.629
449.632
448.716
449.806
447.954
448.249
448.554
446.024
448.193
447.523
449.500
446.635
447.930
449.782
449.580
447.380
446.566
446.426
448.495
448.918
447.552
449.163
449.249
449.121
447.767
450.415
450.703
446.759
447.299
447.213
447.651
446.474
449.225
446.387
445.223
447.987
447.620
452.193
449.677
450.682
446.836
448.102
446.346
448.124
450.789
450.479
447.274
447.155
447.365
448.495
449.029
445.986
447.804
448.315
444.698
448.171
445.900
449.087
443.296
446.500
446.997
449.412
448.545
447.087
446.025
447.920
447.621
448.089
448.009
448.023
448.925
446.770
447.327
444.855
445.479
447.647
449.338
447.432
446.274
448.428
449.675
447.481
447.001
446.119
447.412
447.702
445.831
445.293
447.619
445.581
447.827
447.776
446.622
446.114
445.820
446.486
446.650
448.439
450.076
446.439
446.902
446.196
446.939
449.134
445.814
446.325
447.171
449.173
447.880
448.473
449.961
448.729
447.637
447.923
448.357
448.383
447.748
446.965
445.356
448.718
448.560
451.703
448.344
450.224
449.262
449.204
450.434
450.177
448.691
448.913
446.293
449.409
447.920
448.011
448.876
446.745
448.495
447.596
446.322
450.744
448.883
448.056
449.328
446.387
447.698
450.556
449.067
449.998
450.416
448.419
446.117
445.135
448.779
447.605
446.850
446.498
446.494
449.895
446.311
446.604
444.509
446.245
447.479
444.636
446.424
444.787
447.542
447.394
447.952
447.773
448.041
448.161
449.058
448.568
447.723
448.394
447.173
449.652
447.024
446.720
448.688
449.693
448.624
450.077
447.577
446.309
449.117
445.664
448.022
447.641
448.378
449.586
447.453
448.880
452.311
447.506
449.699
449.616
448.725
451.684
450.272
449.058
448.797
448.935
450.371
450.744
448.721
447.713
450.157
449.255
449.613
447.452
449.268
447.963
449.149
449.820
450.421
449.442
446.289
449.381
446.447
447.808
447.655
447.009
447.394
447.810
448.544
449.625
449.079
446.336
449.327
447.224
445.817
447.061
447.392
450.235
448.135
451.336
449.807
451.631
447.634
448.620
449.299
448.698
449.145
449.336
448.898
447.939
448.415
447.574
447.646
450.076
447.854
447.504
447.486
449.123
445.971
450.497
449.909
449.892
448.322
447.576
449.278
449.772
448.644
449.142
447.761
448.366
448.619
448.722
448.160
448.288
447.999
449.091
449.060
452.920
451.576
450.277
449.065
450.953
451.558
450.108
449.594
451.985
451.152
451.501
449.826
449.603
449.381
448.132
448.799
449.824
450.178
450.294
450.611
449.904
449.228
448.767
447.416
448.353
450.043
450.146
449.694
447.743
449.114
447.782
448.580
447.819
449.397
449.658
448.512
451.436
448.749
447.133
449.407
448.052
449.735
448.483
451.696
447.365
448.746
449.702
450.405
450.053
450.644
448.238
449.366
450.495
449.281
448.598
448.520
451.499
448.721
449.219
450.137
448.723
448.063
447.877
447.659
447.627
447.657
447.202
448.738
448.675
448.237
448.059
448.806
447.884
447.343
448.096
448.386
448.563
448.653
447.394
448.535
446.831
449.406
447.499
447.733
448.566
451.011
448.846
447.974
448.500
446.468
448.363
447.859
445.513
449.888
447.944
448.347
448.723
446.574
449.500
451.695
448.525
447.733
449.923
451.656
447.507
447.917
447.370
449.024
450.747
448.469
448.976
447.521
448.331
448.473
448.585
449.104
447.337
443.529
448.583
448.592
448.426
447.847
446.477
446.942
448.674
448.825
448.747
449.788
448.427
447.770
448.191
448.422
447.089
447.606
448.108
449.556
449.836
449.771
449.723
448.208
447.889
447.714
449.954
448.372
450.050
449.788
449.825
448.299
447.416
451.040
449.761
447.767
446.299
450.278
446.345
447.394
446.430
450.205
448.377
448.174
447.686
446.808
446.054
446.179
446.022
447.199
447.154
445.514
449.093
449.536
449.166
447.898
446.979
449.067
449.117
447.113
449.056
448.222
450.533
446.927
449.466
453.005
449.868
446.455
447.887
448.708
448.053
448.251
446.604
446.693
445.542
448.071
448.090
448.882
447.180
447.768
449.786
449.526
448.682
448.688
448.572
448.355
448.562
447.885
448.782
448.408
448.468
448.488
448.579
448.780
448.068
447.208
447.634
448.118
445.998
447.567
449.968
449.880
450.321
448.693
448.977
451.020
447.355
447.699
449.844
448.017
448.188
449.559
449.845
449.129
448.681
450.051
448.184
450.184
450.405
449.901
448.244
450.911
450.455
450.362
450.657
446.057
447.194
449.285
448.997
448.095
449.259
449.659
448.815
448.443
448.136
450.969
448.716
448.722
449.976
448.882
450.684
449.911
447.646
448.956
449.785
448.129
446.648
449.929
450.019
448.823
451.648
450.546
452.010
448.751
448.215
447.512
448.942
447.846
451.572
451.558
451.744
449.877
451.025
449.038
449.584
449.146
448.934
448.276
450.340
449.065
447.778
449.905
447.859
449.303
449.542
449.130
450.406
449.523
450.381
449.266
448.964
450.164
451.472
449.917
450.921
450.721
447.691
449.256
448.766
449.584
449.429
448.252
448.193
445.910
449.916
450.073
450.562
450.404
450.973
449.957
451.991
449.531
450.314
450.281
452.109
449.214
450.504
451.273
449.730
451.064
453.733
450.188
451.256
450.318
450.103
449.640
449.939
449.316
449.190
452.575
453.541
451.785
450.277
449.817
449.867
452.368
452.825
450.426
449.951
452.662
450.182
452.850
453.668
452.607
450.769
452.217
451.177
452.291
451.492
450.618
450.887
451.301
449.448
448.026
449.255
451.684
452.137
451.710
449.876
447.768
450.003
448.820
449.214
448.930
450.561
451.293
449.600
451.434
450.086
450.886
451.767
450.694
450.641
451.256
449.602
451.385
450.419
450.020
450.028
451.402
451.605
453.290
451.294
449.661
452.136
453.586
449.804
452.231
450.788
449.466
450.652
449.969
449.601
450.372
451.156
449.271
452.884
452.524
450.951
450.604
453.725
453.089
451.581
452.353
452.622
453.333
452.914
450.321
453.506
451.582
448.170
452.248
453.590
452.228
452.656
452.854
451.510
450.718
453.399
452.653
452.104
449.024
453.044
453.334
453.710
451.729
451.390
451.732
452.674
451.389
451.565
452.740
453.152
451.145
451.251
451.529
451.849
452.947
453.175
452.152
451.621
450.894
452.227
451.261
451.033
451.315
453.239
450.593
450.764
451.567
451.921
451.956
451.729
450.090
450.373
449.672
451.443
450.470
449.083
451.816
452.438
453.910
452.446
452.317
450.654
448.213
449.593
448.827
450.058
448.740
450.305
452.881
450.685
448.991
450.058
449.453
451.064
451.160
449.076
452.420
451.985
452.082
451.171
452.105
451.935
453.718
449.791
453.054
450.190
449.792
449.562
449.754
450.140
451.050
448.354
451.278
452.070
451.472
448.932
452.305
449.170
451.599
453.834
450.772
449.853
449.670
448.958
448.443
449.166
450.833
449.746
449.654
449.841
446.791
447.892
450.744
449.128
447.765
447.034
449.936
448.943
451.008
450.874
451.348
449.069
448.478
449.277
448.000
448.244
449.052
450.823
452.527
450.185
451.429
451.715
449.914
449.610
451.297
449.917
450.168
449.573
451.253
450.251
449.628
448.266
447.829
452.959
450.109
452.548
452.035
450.145
450.701
448.707
449.419
448.403
451.799
449.307
448.993
449.760
451.271
450.911
450.977
451.856
449.681
448.898
448.591
450.158
450.674
449.224
449.861
451.345
450.417
449.858
449.303
447.412
448.784
447.461
447.768
450.650
449.574
448.257
448.494
447.901
447.858
449.819
448.361
449.805
450.667
451.480
451.643
451.597
451.634
452.074
448.993
450.466
451.320
451.446
450.823
450.957
450.527
448.798
449.491
450.793
449.918
449.177
451.329
448.234
449.231
447.592
449.946
450.907
450.110
450.823
451.428
449.813
450.367
450.889
451.832
453.344
450.915
447.045
450.971
447.095
448.739
451.923
446.949
451.082
448.979
448.355
449.890
449.068
450.208
451.406
450.419
450.261
448.419
449.970
449.258
449.496
451.215
450.310
449.973
451.692
454.080
451.071
450.435
452.415
452.560
452.451
451.199
452.517
451.531
451.353
452.062
450.170
451.246
451.202
450.535
451.574
450.934
452.318
451.194
452.672
451.853
451.694
452.325
450.362
453.294
452.854
451.536
454.678
452.760
452.708
451.922
453.292
453.016
451.830
452.746
451.727
453.086
452.138
453.036
451.613
454.502
455.822
451.886
454.685
453.136
452.468
452.651
453.546
453.475
452.354
452.301
452.507
452.955
452.463
452.114
453.089
453.097
452.179
452.026
451.669
448.705
450.599
452.335
450.303
449.130
448.931
450.400
448.562
447.601
451.593
448.048
448.281
449.112
448.961
451.063
449.968
450.324
452.753
452.081
453.486
452.195
449.878
450.898
450.286
449.966
450.983
450.522
449.528
449.563
447.348
450.562
450.975
452.067
449.605
450.831
450.378
448.246
448.816
450.665
451.620
448.704
450.760
450.809
452.035
450.517
450.519
451.911
452.084
450.400
450.652
451.145
449.911
447.944
449.929
448.622
448.111
449.689
451.794
450.125
451.484
448.686
451.527
450.832
449.771
450.606
450.639
449.205
449.085
451.036
448.076
449.673
452.219
450.549
449.243
446.353
448.875
450.701
452.147
447.877
447.246
450.275
449.602
449.348
451.431
451.762
450.340
449.525
450.321
447.818
448.644
448.997
449.320
450.809
453.577
452.306
453.277
451.459
450.096
449.236
449.643
449.970
450.693
449.997
449.997
450.329
452.056
452.133
451.066
451.660
451.507
453.880
447.880
447.504
450.315
448.838
449.303
448.007
447.048
448.047
447.663
450.352
449.951
448.900
449.683
449.985
451.092
449.905
451.065
451.583
449.276
450.960
449.743
453.030
450.673
449.613
448.905
448.090
450.292
451.565
451.549
449.108
449.922
451.007
450.322
447.844
450.168
451.687
450.573
450.344
447.812
448.421
449.745
448.165
449.795
447.058
451.122
449.770
449.820
449.068
448.557
449.018
449.954
449.012
450.484
450.584
449.689
449.993
449.328
446.229
448.928
449.172
449.746
449.626
448.734
448.682
449.652
448.816
447.632
447.831
448.607
447.552
448.793
448.144
449.565
448.127
450.055
449.240
449.503
447.926
448.168
451.862
449.400
447.616
446.920
450.106
449.678
447.442
447.317
449.223
449.022
448.899
449.653
447.548
448.161
447.510
451.446
449.421
450.261
450.497
449.421
447.728
448.945
450.143
450.926
448.650
446.698
446.490
448.679
449.042
448.982
447.598
447.424
451.303
449.617
446.299
447.246
449.351
449.659
450.481
450.001
450.075
448.975
450.084
449.627
449.636
450.050
450.730
451.725
448.726
449.332
448.011
448.143
451.882
449.025
451.651
449.730
449.740
448.870
448.308
449.198
447.352
449.040
449.707
451.188
450.468
450.172
451.869
451.960
448.864
448.069
449.135
449.596
450.281
449.346
450.537
448.587
449.644
451.462
451.009
449.119
448.189
448.893
449.682
448.854
449.196
450.303
448.225
449.037
450.330
450.306
450.728
450.737
447.067
448.959
448.068
448.772
449.362
445.902
446.205
446.707
447.150
447.719
450.626
448.584
449.501
449.572
446.999
451.618
451.034
452.218
449.566
449.424
451.359
447.428
446.074
447.092
448.931
449.337
446.407
447.118
448.216
448.238
447.923
446.732
448.021
448.021
447.108
447.826
448.018
447.899
448.804
448.113
449.588
449.705
447.035
448.486
449.841
448.935
451.203
446.328
447.067
446.783
445.304
446.527
447.235
447.094
449.531
449.123
449.362
450.374
447.503
449.915
447.103
449.225
452.260
449.804
450.759
449.678
447.826
450.236
447.039
447.700
447.431
448.407
447.996
448.479
451.422
448.308
447.247
449.675
450.409
449.797
450.022
447.905
451.075
450.943
452.938
453.850
452.459
451.497
451.042
451.582
449.538
451.123
450.862
449.169
450.796
451.798
451.264
450.647
451.952
450.688
452.567
452.778
451.746
452.696
451.422
454.057
452.309
454.020
452.672
453.972
454.695
453.804
452.002
451.602
453.051
454.293
451.789
450.122
452.815
452.522
453.304
453.350
454.276
452.167
453.397
456.429
453.583
451.814
453.285
450.538
452.433
451.792
453.226
450.834
452.210
449.535
450.217
450.135
451.902
450.981
453.773
451.244
451.627
452.967
453.338
453.726
454.441
450.616
452.935
453.279
452.717
455.688
453.764
452.961
452.916
450.368
451.208
449.940
450.379
451.957
452.341
453.525
451.485
448.536
449.516
450.975
450.332
452.168
449.591
451.560
451.389
452.765
451.142
451.890
452.134
453.350
454.170
451.883
453.687
452.786
453.382
451.322
453.848
450.791
452.497
453.574
452.874
454.169
453.406
454.690
455.009
450.725
450.175
454.494
450.468
453.650
450.508
451.907
454.875
449.214
451.678
451.470
450.178
449.430
451.969
449.963
449.514
449.745
449.491
449.489
450.809
451.194
450.915
452.407
450.633
449.153
451.065
449.429
449.176
451.137
452.647
449.588
451.419
452.024
453.351
454.699
450.262
452.136
453.769
452.028
450.946
453.635
451.269
452.944
452.564
450.766
450.106
450.437
450.077
450.475
453.509
450.537
450.534
451.606
450.521
449.804
451.675
452.811
450.931
452.785
451.023
452.852
450.126
450.897
452.298
449.091
452.930
451.241
453.062
450.255
452.184
451.744
450.538
453.120
453.999
453.754
454.281
452.268
452.313
450.553
450.793
450.169
452.761
453.734
451.031
451.552
451.844
451.870
453.293
452.951
452.803
450.163
451.497
451.320
451.080
453.449
449.161
448.279
449.222
450.544
452.819
451.777
451.602
450.722
451.028
451.107
450.530
449.751
449.412
448.933
450.486
449.314
452.540
452.509
451.990
451.804
450.902
449.555
450.225
451.018
449.348
451.262
449.499
450.159
450.088
448.874
448.319
449.564
452.502
452.428
453.075
449.810
450.902
448.424
450.712
452.423
450.085
450.861
450.745
450.257
449.179
448.731
446.791
448.126
450.906
449.260
448.707
450.147
450.155
451.554
447.656
449.616
448.944
447.296
446.157
451.802
447.282
448.212
449.632
451.030
451.274
450.695
450.489
451.896
449.581
452.439
450.562
453.545
451.744
450.345
450.548
449.501
451.264
451.212
451.891
451.302
451.384
450.701
450.805
450.017
450.327
451.012
449.062
449.981
450.629
450.272
452.633
450.767
451.224
449.502
450.046
450.262
449.618
449.857
451.347
451.724
452.701
451.995
450.693
449.785
451.941
452.109
450.420
453.565
451.883
451.612
450.393
450.667
448.877
450.788
450.989
452.466
451.890
453.412
451.066
451.373
453.247
450.746
451.698
453.595
451.408
454.844
450.071
448.860
450.469
452.683
453.296
451.884
452.190
450.290
450.115
449.596
450.351
452.598
449.899
449.274
450.898
450.541
446.857
448.681
449.761
449.020
450.333
450.691
447.470
450.231
450.992
449.562
448.192
450.258
450.230
451.089
449.344
451.658
451.074
449.728
450.929
451.991
453.033
451.960
452.987
450.748
450.559
450.857
450.320
450.074
449.754
450.357
450.994
450.370
450.098
450.356
451.172
450.977
450.604
449.787
449.690
448.213
448.500
454.103
453.428
452.378
448.427
452.006
452.621
451.370
452.545
450.299
449.893
450.592
450.858
452.592
451.784
449.355
450.200
451.166
451.462
450.715
450.428
450.681
448.190
449.157
450.276
451.747
452.495
449.911
448.747
449.975
451.612
447.672
451.453
450.876
450.362
451.923
452.863
450.641
450.296
449.339
449.866
451.675
448.888
448.644
447.526
452.336
450.317
449.330
451.146
452.022
451.972
451.003
450.997
449.957
451.468
451.516
450.531
449.607
451.091
451.490
452.716
451.824
451.827
450.936
454.101
453.650
453.640
449.016
450.802
449.814
453.047
451.184
450.120
451.078
451.703
452.180
450.800
453.412
450.957
450.472
453.044
451.600
450.837
453.122
450.100
450.467
450.268
451.485
452.653
451.620
452.032
451.017
451.005
451.550
450.814
448.319
448.757
451.210
450.918
449.788
452.236
448.555
448.704
448.203
450.429
449.392
450.522
451.006
450.545
449.168
452.371
451.218
449.520
450.423
448.116
450.275
449.698
452.373
451.701
452.096
449.950
449.261
452.514
451.011
448.614
450.679
451.161
450.615
448.520
448.788
451.517
453.125
449.178
452.240
449.603
450.772
449.466
449.195
449.309
449.099
446.648
449.114
448.965
449.261
449.923
449.297
448.669
449.196
448.805
449.111
448.055
449.035
449.147
449.932
449.939
447.861
448.043
447.459
448.054
450.666
449.399
449.909
449.785
451.409
450.559
451.778
450.122
449.858
447.675
449.982
451.938
452.518
452.917
452.806
453.499
450.499
449.963
448.316
449.408
451.430
450.309
451.971
450.384
450.343
449.774
450.764
449.001
451.387
452.117
450.538
450.629
448.541
450.497
452.887
451.032
451.252
451.380
452.446
451.962
449.324
450.526
451.914
453.019
452.339
452.352
451.650
451.641
450.729
451.959
453.192
453.539
452.234
450.989
450.288
448.068
449.348
450.579
450.381
449.020
447.549
451.927
448.881
451.073
449.158
448.657
449.252
448.547
450.080
446.994
445.421
450.094
448.527
449.014
449.086
447.520
448.231
450.586
451.457
450.783
449.421
449.218
451.784
447.974
448.986
450.487
449.248
448.175
448.850
448.678
450.268
448.460
450.095
447.545
448.284
446.561
447.932
448.610
447.987
447.956
449.114
447.547
448.441
447.367
449.384
448.793
447.968
449.063
446.631
447.325
448.762
448.924
449.329
450.925
450.116
450.108
449.496
449.931
451.793
450.934
448.597
451.587
449.173
449.528
448.639
448.984
449.315
449.773
448.613
449.451
450.250
448.556
450.736
448.208
449.213
452.512
452.919
449.290
450.635
449.864
450.659
450.504
448.663
447.716
448.515
452.591
452.201
451.547
449.957
451.767
448.928
449.412
449.695
449.966
448.341
448.112
450.564
448.213
448.171
449.468
448.916
446.715
446.768
448.376
447.735
449.435
448.894
452.270
451.540
449.085
450.251
449.236
448.916
450.571
447.620
446.783
448.895
448.132
449.063
449.778
447.746
447.627
448.322
449.248
449.259
447.881
449.988
448.478
446.627
447.007
447.887
447.611
447.584
448.323
447.426
446.424
446.716
446.157
447.219
447.055
449.750
448.969
447.549
447.269
446.554
447.401
445.399
448.210
448.550
448.041
448.591
447.438
447.880
448.381
450.713
447.738
448.916
449.657
448.152
448.941
447.287
446.536
447.009
446.618
450.017
448.374
446.455
448.146
448.200
449.673
449.145
448.746
446.338
445.316
448.398
449.345
448.225
449.753
449.203
448.703
449.882
449.746
448.697
448.091
448.611
447.717
448.361
449.828
447.163
446.632
446.443
447.995
449.014
446.835
449.746
447.811
446.295
447.756
446.320
445.833
448.566
447.246
447.977
449.274
449.946
449.678
449.282
446.729
443.623
446.731
447.373
446.882
447.871
448.651
449.174
447.190
446.851
447.947
450.280
448.401
448.359
449.273
449.859
447.957
448.467
449.803
450.421
450.613
450.750
447.890
449.167
446.719
446.243
449.313
448.034
447.538
449.635
448.237
447.597
449.249
446.659
446.936
450.265
451.095
450.230
450.761
451.114
450.006
450.299
447.550
447.604
446.244
448.532
450.741
446.944
449.083
449.781
450.737
448.783
448.558
449.435
450.856
450.570
452.588
450.919
448.840
448.473
447.808
448.146
449.041
447.441
449.623
448.016
448.070
450.035
449.400
450.954
449.207
447.173
447.096
447.401
448.763
449.176
448.049
451.809
447.415
452.165
450.059
449.628
450.914
449.326
451.472
451.066
453.663
451.295
449.561
450.735
450.036
451.511
453.145
450.919
450.275
450.801
450.593
451.039
449.423
450.435
449.933
448.803
449.921
450.035
451.392
450.857
450.394
449.097
452.221
450.516
451.956
449.815
450.878
451.619
452.937
450.088
449.547
449.912
452.981
452.894
450.500
449.403
448.926
449.818
448.475
449.259
451.349
448.930
453.464
450.710
451.137
451.669
451.742
451.332
451.793
449.621
449.468
450.169
450.460
450.850
451.031
452.206
448.870
448.788
451.646
449.428
451.127
449.203
450.657
453.584
449.304
450.058
451.180
452.060
450.617
451.434
452.676
452.456
452.092
453.977
452.007
452.730
450.894
453.415
451.360
447.978
446.321
451.253
452.656
450.324
451.371
451.251
449.460
450.846
449.737
450.203
450.542
453.685
448.866
450.827
449.559
451.156
452.447
452.156
450.149
449.108
448.246
450.243
453.091
451.628
451.262
454.583
453.068
452.275
452.319
450.874
449.719
450.987
451.693
451.148
452.699
452.849
450.506
449.727
449.454
450.329
453.134
448.912
449.767
448.778
448.830
450.341
453.132
455.005
452.645
453.877
450.783
449.088
451.981
448.938
452.441
452.161
451.240
448.641
447.493
449.719
450.342
449.808
449.197
448.916
447.808
450.463
449.926
448.830
449.791
450.526
450.963
451.502
446.745
453.639
451.597
449.795
448.821
452.014
449.357
448.804
449.818
450.375
449.497
451.526
450.453
449.306
450.126
447.283
447.748
448.565
447.446
448.426
447.523
445.904
445.679
447.987
447.949
446.336
448.407
446.476
446.852
446.342
445.193
448.250
448.168
448.088
448.305
447.173
447.621
448.123
449.514
449.618
448.422
448.833
449.825
448.268
449.620
447.222
450.492
449.092
448.283
449.926
450.473
449.825
450.896
451.236
450.037
449.367
448.441
448.535
451.164
448.762
449.788
448.865
450.243
450.061
451.734
449.899
450.023
451.937
451.868
451.738
450.218
452.265
450.244
449.973
450.699
448.992
451.677
449.017
448.182
448.004
447.076
447.844
447.975
449.059
447.762
448.645
447.368
447.652
448.744
449.398
449.789
450.774
449.771
449.405
448.616
449.263
448.766
448.665
448.040
444.511
451.037
450.681
448.944
449.333
446.679
446.245
448.310
446.252
448.751
446.852
446.833
448.158
448.714
445.651
446.078
446.773
447.038
446.807
447.013
447.801
448.704
447.894
446.340
444.677
448.325
449.217
448.284
448.613
447.947
445.709
449.009
447.994
448.907
448.922
446.250
448.072
449.693
445.762
446.227
450.911
448.150
450.157
449.456
449.505
451.743
451.191
450.250
450.730
450.721
451.477
448.573
450.866
448.638
449.875
449.675
452.104
449.537
449.546
448.682
449.060
451.213
449.989
447.393
449.419
447.956
450.950
449.494
448.955
450.064
449.701
448.131
450.400
449.088
447.208
446.983
448.753
450.261
448.827
448.750
448.026
450.389
451.053
449.083
450.363
448.910
451.262
450.914
449.733
447.597
450.231
448.142
449.845
450.212
449.222
452.290
449.457
449.167
450.377
449.277
450.763
449.855
452.572
449.580
449.080
446.805
448.097
448.812
448.588
449.654
448.802
449.430
448.294
449.345
447.991
449.039
450.195
450.029
452.495
450.518
450.751
449.743
448.344
448.959
450.659
451.469
446.830
449.386
448.110
447.583
447.313
447.739
444.469
448.441
449.804
450.975
447.942
449.517
451.152
448.906
447.354
448.643
450.639
451.376
451.378
449.440
448.078
449.410
448.567
451.223
450.360
447.237
449.999
451.032
448.670
449.023
452.489
451.459
451.262
447.937
449.416
448.582
451.194
449.863
448.589
448.569
449.708
449.587
449.176
450.163
448.679
447.850
449.353
447.036
448.859
449.764
451.000
449.877
450.655
451.417
449.260
450.440
450.550
450.459
447.712
444.940
449.721
448.473
449.304
447.363
445.220
448.950
448.049
449.847
450.498
448.611
450.117
450.281
449.288
450.172
448.640
449.125
449.043
450.837
451.063
448.729
452.399
448.281
449.248
446.292
445.920
448.817
448.176
448.554
447.141
448.261
449.756
448.198
447.580
449.458
449.113
447.960
448.457
448.351
449.011
448.876
448.425
448.273
446.165
447.820
449.630
448.647
446.992
447.369
448.290
447.377
446.497
446.561
446.398
448.925
448.394
448.708
446.418
450.607
452.913
448.391
451.334
447.157
450.994
449.544
448.555
449.730
451.300
451.477
452.163
449.995
450.856
449.629
448.689
449.223
448.118
448.241
448.477
450.050
446.546
447.719
447.801
445.951
444.726
447.524
447.257
447.035
446.797
447.687
444.746
449.240
448.619
448.600
449.735
446.580
448.637
446.097
448.094
446.787
448.179
449.806
448.824
446.826
448.631
448.031
448.211
448.420
448.932
447.750
449.687
446.821
446.999
446.637
446.154
446.900
448.729
448.400
445.191
448.230
446.687
447.253
447.435
447.536
448.830
447.921
449.223
448.038
445.583
448.879
447.598
448.314
447.889
448.163
447.699
448.724
447.129
451.440
446.853
447.012
449.499
449.486
448.951
448.305
449.801
452.548
451.310
449.021
449.000
448.556
449.826
451.184
452.585
451.525
450.651
452.289
449.386
450.768
450.089
451.810
447.756
452.224
450.889
448.914
452.035
448.846
448.816
448.866
449.792
451.417
449.785
448.284
449.445
449.442
449.200
448.776
450.359
448.986
447.191
450.907
448.567
449.284
450.479
449.729
447.160
450.602
448.002
446.292
447.599
446.429
447.675
449.844
452.476
447.607
450.341
447.983
448.368
449.374
451.039
449.840
448.051
447.066
448.576
447.279
447.498
449.361
450.778
448.082
448.450
447.634
447.522
447.866
446.203
448.009
448.352
447.532
449.818
447.341
446.343
447.614
446.300
451.084
450.155
448.572
447.917
450.159
448.598
450.722
450.393
450.240
448.863
450.891
450.414
450.792
450.522
451.591
451.216
450.248
453.834
451.305
449.392
450.916
451.784
453.011
452.769
450.938
451.355
453.276
450.470
448.182
451.137
448.876
451.444
449.724
450.812
452.009
450.164
450.474
449.910
450.832
451.549
447.996
450.106
446.315
446.935
449.477
448.529
447.840
448.836
449.955
450.831
450.213
449.768
451.661
450.897
450.092
451.331
451.686
448.849
448.579
451.053
449.513
450.815
448.070
449.088
451.531
446.176
447.532
449.263
448.112
450.102
449.304
450.617
450.708
448.564
451.247
451.337
450.759
449.168
448.141
449.806
451.179
449.717
451.105
450.734
450.236
447.852
449.158
449.533
447.935
450.900
450.764
452.261
451.834
452.070
452.463
449.712
447.196
448.751
448.833
448.471
447.610
446.958
447.801
447.941
448.688
447.319
448.581
449.265
450.688
450.442
450.228
449.336
451.496
450.188
449.044
448.265
450.290
449.204
451.288
452.596
450.334
449.996
451.025
450.142
450.042
449.499
449.176
447.251
447.515
451.592
447.511
451.454
452.765
451.811
451.493
449.151
451.472
450.072
450.934
451.592
449.082
452.343
449.068
450.164
450.488
448.509
449.255
447.177
448.826
449.976
450.903
449.711
449.869
451.490
449.179
449.098
448.167
450.670
451.217
450.866
448.976
449.878
449.442
450.356
451.179
450.063
451.292
451.796
450.982
451.502
454.713
449.070
452.960
452.409
449.880
452.249
451.250
452.962
453.416
451.465
450.736
453.197
452.582
453.711
452.982
452.177
452.915
450.459
449.393
451.693
450.216
451.665
450.239
450.909
450.727
451.773
452.341
450.672
449.995
451.959
450.688
453.022
452.371
451.922
452.862
453.333
452.550
451.361
453.616
451.648
452.706
451.321
450.528
452.487
452.287
451.415
452.714
452.079
449.569
451.179
449.725
453.719
451.578
450.614
451.355
452.126
453.266
452.580
451.893
452.409
452.450
450.494
452.050
448.284
449.929
451.499
448.661
447.385
451.389
450.802
452.744
449.913
449.966
452.520
450.608
450.042
450.295
450.202
451.449
452.998
451.054
451.155
450.642
450.303
450.992
451.952
450.526
449.917
451.040
452.508
455.577
452.452
454.314
454.251
453.299
450.320
452.496
453.380
450.863
451.327
450.212
449.852
450.871
450.898
449.815
450.566
450.687
453.052
449.130
449.922
451.280
453.239
451.489
453.148
451.661
451.028
453.167
452.441
453.088
451.145
451.095
451.229
453.498
453.632
453.393
451.925
450.312
452.280
451.816
451.356
451.378
452.196
452.496
452.896
454.193
449.543
450.048
450.018
448.961
449.688
453.333
449.151
451.050
451.400
450.423
450.855
451.500
448.082
448.388
449.259
451.702
451.590
454.908
452.561
453.275
455.591
449.682
450.862
450.075
450.292
450.079
451.226
453.729
453.946
450.826
450.324
451.891
451.318
450.438
451.600
450.386
453.822
453.043
452.052
450.986
453.336
452.044
450.985
450.321
451.641
454.469
453.728
450.377
449.832
450.988
453.148
455.101
452.483
452.395
448.427
448.579
447.998
450.502
450.969
448.779
452.672
450.175
450.599
449.965
450.224
449.370
452.524
450.989
450.820
451.294
452.255
451.572
450.441
450.973
451.282
449.610
451.196
453.117
450.667
449.659
451.554
449.909
450.380
451.912
449.922
449.689
450.686
450.018
448.430
449.751
449.049
451.827
452.726
452.291
447.639
449.926
449.901
453.995
450.241
451.221
452.676
450.629
451.211
449.050
450.781
451.689
450.651
451.441
448.715
453.037
448.855
451.095
453.911
452.090
450.893
451.395
453.127
450.171
451.752
451.053
450.435
449.885
447.502
449.187
448.902
448.137
450.886
449.289
449.625
450.126
449.227
448.780
447.672
449.555
450.424
451.661
449.944
449.905
450.739
449.781
450.312
450.173
449.617
450.171
449.507
450.009
449.384
450.959
450.318
450.728
449.875
448.613
449.890
449.774
450.428
449.452
449.552
451.465
450.829
448.981
451.012
453.318
449.265
451.213
449.132
449.599
450.774
448.791
450.746
446.650
446.463
448.793
448.096
449.054
451.061
449.114
449.179
448.335
449.441
447.327
449.593
449.686
448.372
448.596
447.837
447.810
445.960
446.242
445.925
447.924
446.764
447.432
447.120
447.889
449.755
447.905
449.871
452.103
450.045
448.030
448.007
448.343
447.281
450.019
449.047
451.022
451.529
451.007
448.590
446.804
447.895
447.334
448.820
448.417
449.027
447.368
448.649
447.971
448.420
448.897
449.125
450.039
449.656
448.714
448.498
451.235
449.650
447.568
448.137
448.689
449.218
452.550
451.258
449.996
447.260
449.597
449.853
450.743
451.443
450.426
449.222
451.338
449.947
451.705
451.193
451.683
449.729
451.970
451.598
450.983
453.995
450.178
451.225
451.652
452.549
451.656
452.258
451.078
450.087
451.659
451.664
450.086
450.678
452.274
451.647
450.819
453.200
453.465
453.222
451.030
452.246
453.232
449.620
451.082
450.651
452.806
451.370
450.692
450.320
449.570
450.555
452.225
452.018
450.829
449.914
449.147
449.429
447.381
451.498
448.417
452.464
449.323
450.208
450.653
449.634
450.437
447.734
445.175
447.689
447.880
447.537
447.854
449.208
447.816
450.139
448.981
447.001
449.436
448.278
449.682
447.665
448.899
448.242
446.858
446.782
447.712
447.093
448.988
446.916
450.920
447.086
448.721
450.674
449.964
448.231
449.122
448.271
448.342
447.986
445.812
446.274
448.137
447.510
449.520
447.406
449.711
450.005
449.694
449.192
451.091
449.355
449.053
448.694
449.466
448.794
447.445
450.197
451.411
451.505
452.425
452.389
450.967
450.275
449.647
450.499
444.902
446.651
448.882
448.032
448.195
449.614
450.783
448.692
450.275
448.938
449.456
449.326
446.602
449.080
448.556
449.194
448.279
450.369
