449.617
448.310
447.243
445.502
446.587
448.677
447.436
450.505
450.162
446.623
450.789
449.086
448.970
448.211
449.940
450.106
447.636
448.026
448.552
449.956
447.835
449.097
450.890
447.389
449.174
451.084
452.707
448.917
451.478
451.596
449.387
449.008
447.772
449.049
449.236
450.758
448.679
449.248
448.225
450.213
451.282
450.307
449.538
452.952
452.760
451.142
450.700
448.369
450.819
448.141
450.310
450.008
450.829
450.722
450.817
449.892
450.354
449.649
450.026
450.550
448.725
453.589
453.972
449.305
451.028
449.608
449.073
449.707
448.857
449.601
449.150
448.412
448.698
448.291
447.931
448.522
447.907
448.650
449.999
449.740
449.661
446.640
449.097
449.524
450.609
448.816
450.218
451.574
450.848
449.896
450.785
448.750
446.163
446.538
448.031
447.888
451.261
450.289
449.865
447.784
448.678
450.334
452.123
452.800
451.851
448.700
450.704
448.078
448.569
452.540
450.662
449.949
448.406
449.135
449.635
450.174
450.250
451.004
450.427
449.461
451.072
448.270
449.960
448.663
451.105
449.580
452.289
450.401
452.081
454.617
450.547
453.006
451.013
450.159
447.790
448.601
448.995
448.872
446.545
447.947
451.701
451.658
450.841
451.175
450.339
452.161
449.420
448.601
448.202
450.203
449.696
449.460
448.950
447.899
447.488
451.371
449.582
450.848
450.972
450.516
449.614
449.049
449.226
448.507
451.862
449.755
451.938
449.122
448.181
453.884
452.668
450.261
447.883
449.609
447.979
448.179
448.959
448.809
448.324
450.599
448.584
448.614
448.451
449.022
449.283
449.467
450.438
447.058
448.224
450.867
449.837
450.989
449.182
449.989
449.602
450.398
451.857
453.351
452.693
451.126
448.614
449.746
450.028
452.668
451.274
450.533
446.786
452.306
450.734
450.426
449.103
446.499
447.665
448.990
449.382
449.772
448.398
449.615
451.283
452.362
449.612
448.769
449.760
450.675
448.365
449.374
446.842
447.728
448.725
446.792
448.491
450.399
446.555
447.955
448.989
451.126
449.905
449.438
449.681
448.697
448.055
449.996
447.953
447.709
447.798
450.189
450.082
451.485
450.087
447.717
447.431
447.827
447.832
451.449
447.439
450.784
451.422
449.522
451.344
450.732
449.898
449.744
449.491
449.978
449.130
451.991
451.483
449.034
451.117
450.657
448.200
448.987
448.993
449.529
451.803
449.748
448.735
447.260
448.863
447.854
449.972
451.224
450.921
451.442
451.001
451.616
448.827
449.757
449.638
449.142
450.869
449.312
451.656
453.547
452.535
452.026
449.443
450.043
452.291
450.016
451.082
450.100
446.599
446.123
448.194
451.738
450.388
451.879
449.652
451.528
451.803
450.635
448.250
449.889
448.823
450.060
447.771
451.860
450.318
447.964
450.386
450.365
449.643
449.179
448.698
451.735
448.692
447.220
448.439
449.159
450.809
451.286
448.178
448.518
449.331
447.674
448.917
449.337
450.208
448.149
449.788
449.045
450.458
450.432
448.539
451.122
449.896
448.299
447.453
448.540
447.625
448.307
449.335
448.855
451.224
451.197
450.113
451.236
450.634
449.340
447.783
449.327
447.868
444.881
447.700
448.226
447.077
448.412
450.147
447.619
448.994
446.780
449.183
447.274
448.143
450.751
448.975
451.326
448.472
448.952
448.648
449.616
452.364
450.266
449.013
451.276
449.343
450.448
448.326
448.978
446.505
450.167
446.419
449.806
450.336
447.974
451.748
448.187
448.323
450.692
451.886
449.812
449.254
450.504
449.820
452.087
449.049
451.173
451.118
448.351
449.374
449.898
452.970
452.315
448.214
449.748
449.377
448.361
450.416
449.973
448.389
447.837
449.403
447.452
447.757
448.066
447.228
449.401
449.163
448.874
447.348
450.652
447.876
449.457
452.021
448.490
450.580
449.404
452.718
451.875
449.250
446.746
448.413
450.374
447.646
449.603
449.878
454.550
452.530
449.516
450.762
447.620
450.701
450.337
450.884
448.804
449.480
450.237
447.171
448.552
449.897
449.495
449.149
448.187
449.071
450.546
448.042
447.861
447.188
448.901
448.552
450.488
452.264
450.062
449.743
447.595
451.591
449.186
450.638
449.832
449.679
449.025
448.830
448.523
450.599
449.519
449.971
449.742
451.207
452.838
450.663
449.999
448.080
450.600
446.366
447.613
449.183
449.079
449.220
448.974
450.630
447.973
450.277
449.689
449.358
449.478
448.428
448.969
451.484
448.100
448.736
447.192
447.325
446.729
446.922
446.386
446.942
448.143
446.491
449.388
450.803
449.914
448.657
447.664
448.834
451.484
450.979
449.986
450.066
450.483
448.585
448.991
449.400
448.706
450.143
446.921
450.913
450.553
448.550
450.270
450.147
449.271
450.010
449.295
449.679
447.672
449.694
448.849
448.377
448.126
451.267
449.972
449.741
450.300
448.477
449.534
449.939
450.337
451.838
449.940
451.654
451.157
449.985
449.880
448.475
447.833
449.517
448.755
449.229
449.404
448.390
450.353
449.797
448.560
449.602
448.354
448.542
449.186
448.616
449.054
448.226
450.703
450.437
450.866
446.474
450.903
448.543
448.159
449.938
451.697
449.889
447.469
451.513
448.067
448.518
450.311
450.893
446.923
446.992
447.990
448.778
446.761
447.725
448.615
447.726
447.632
449.628
448.074
449.412
446.755
448.641
448.530
449.761
450.202
450.681
451.283
451.319
450.561
452.056
450.991
450.072
449.936
450.255
451.394
449.401
450.885
450.913
452.610
449.977
449.723
447.826
448.252
448.290
450.821
449.140
448.083
450.692
448.189
449.192
448.559
447.631
446.968
451.054
448.617
447.642
449.955
450.586
448.158
450.528
447.955
447.960
449.886
449.145
450.542
451.667
448.450
450.610
451.427
449.487
448.705
449.744
448.844
447.962
449.175
450.743
451.081
452.243
452.248
450.935
446.823
448.233
448.887
448.694
448.968
447.010
449.059
448.900
450.305
448.980
447.655
446.366
448.482
446.827
448.414
449.075
449.108
448.674
449.731
450.835
448.526
450.612
449.793
449.619
447.887
449.404
447.728
449.436
448.027
450.016
447.178
449.539
448.641
448.550
448.992
446.645
449.486
451.007
449.722
448.704
449.629
453.136
448.682
450.920
451.012
451.053
450.391
450.603
450.654
447.123
448.273
450.235
448.263
448.232
449.363
451.768
449.799
451.498
450.329
452.029
449.409
450.439
448.640
450.245
447.729
448.699
451.500
451.963
451.389
449.625
449.950
449.048
452.286
448.856
449.564
450.235
448.411
451.898
448.374
450.531
448.073
450.155
445.485
449.235
448.646
449.521
450.030
449.931
451.209
450.096
450.307
452.651
451.077
449.978
451.683
451.347
451.162
452.802
450.910
450.595
450.373
450.757
449.850
451.643
451.249
450.461
449.914
451.815
451.723
450.831
451.061
450.537
448.945
451.722
449.865
451.073
451.338
450.561
451.794
448.507
449.511
450.965
449.859
450.721
449.882
452.728
451.572
450.453
450.071
450.737
449.562
450.464
449.515
450.365
450.591
449.523
448.596
449.672
450.371
449.129
449.621
452.680
451.219
451.766
449.745
449.588
448.970
448.996
451.970
451.225
450.178
449.400
449.785
451.031
450.314
449.108
449.842
452.896
450.793
448.778
448.664
449.720
451.681
452.156
451.438
450.210
450.781
447.873
450.960
453.218
449.605
450.158
448.493
449.316
451.042
451.256
450.887
449.856
448.950
450.778
451.737
449.357
448.103
453.182
451.678
452.366
450.723
450.137
451.383
451.030
451.499
449.302
449.953
448.072
449.307
449.547
452.078
450.985
453.170
451.010
452.706
449.830
449.924
451.716
448.649
447.781
450.424
449.206
448.450
449.477
450.986
448.723
449.446
446.809
446.855
447.871
447.063
451.077
447.774
447.981
449.180
449.361
449.236
448.755
449.651
450.825
448.158
448.110
449.576
447.459
448.364
450.576
450.787
449.511
450.757
450.031
450.118
451.640
450.158
450.314
449.696
449.696
450.526
448.691
446.476
448.649
450.428
450.494
451.270
448.717
448.379
450.937
453.969
451.419
450.581
449.288
448.731
448.676
453.760
452.210
449.612
450.002
453.297
448.934
449.756
452.190
449.438
451.443
449.290
450.601
448.779
448.882
450.664
448.567
448.574
449.092
450.211
449.870
448.196
448.948
449.252
449.160
448.333
448.203
449.158
450.442
452.864
451.909
451.481
450.826
446.247
449.230
447.359
447.036
446.208
448.281
449.250
447.632
449.612
447.334
449.922
448.527
448.066
450.924
449.356
449.037
449.524
448.696
448.660
451.618
449.416
450.771
449.074
449.057
449.268
450.239
450.295
450.633
448.540
452.616
451.668
451.029
450.124
448.693
446.760
450.073
451.415
446.863
447.291
449.682
450.774
450.904
452.769
450.635
451.217
451.135
448.707
450.835
449.450
449.325
449.479
450.048
450.818
452.906
450.769
448.695
449.990
452.132
449.895
449.678
449.535
449.769
448.040
449.833
452.551
450.712
452.105
451.210
451.352
451.035
450.755
450.614
447.902
450.217
450.874
447.709
449.091
452.570
449.520
452.472
452.974
452.812
451.984
447.320
451.116
451.495
450.603
450.877
451.138
450.391
450.272
449.711
450.933
450.698
450.988
451.796
451.912
446.682
451.750
450.478
450.473
449.224
449.866
448.710
451.468
448.724
450.334
450.683
448.258
451.421
450.517
448.575
449.818
449.782
448.759
448.279
449.284
449.171
448.489
450.914
448.683
447.914
449.340
448.025
448.514
447.379
449.226
449.052
447.701
449.206
448.884
448.895
447.504
450.541
448.935
449.691
448.731
446.852
449.196
450.135
450.102
449.193
448.339
447.611
448.292
448.906
452.905
450.002
449.022
448.428
449.282
449.585
450.582
452.282
449.246
447.860
451.473
450.128
448.516
450.446
452.017
449.554
450.397
451.857
448.214
450.332
449.413
450.997
450.491
450.541
448.755
448.515
449.190
447.847
450.535
449.564
449.176
451.444
451.528
448.780
449.105
450.619
448.408
448.876
449.043
448.829
449.446
448.892
451.771
449.785
449.679
449.654
450.828
450.917
450.957
454.034
450.903
452.183
451.877
450.285
449.492
449.146
450.558
450.569
450.438
450.168
449.130
448.735
450.180
451.723
449.039
450.369
452.338
452.669
451.432
448.227
451.243
449.455
451.883
448.523
449.241
451.421
450.764
450.611
449.846
450.668
452.130
450.382
450.609
451.456
451.592
452.838
450.275
450.181
450.069
452.115
450.792
450.987
451.821
448.474
449.662
447.379
449.206
448.267
448.774
448.499
447.168
448.189
448.572
447.419
446.779
451.111
448.584
449.422
447.818
447.282
448.926
449.287
449.685
448.687
446.339
447.073
450.510
451.870
449.758
451.832
449.095
447.236
450.601
451.192
448.790
448.897
449.256
450.513
448.775
447.918
448.298
447.946
448.488
448.855
450.638
449.423
451.212
450.588
449.078
447.233
449.546
450.012
448.588
450.707
451.267
452.089
452.674
451.205
451.225
452.303
448.821
446.547
447.466
447.462
452.221
450.240
453.544
451.359
452.449
450.065
451.027
449.783
450.868
452.481
450.344
450.394
446.524
449.196
450.785
451.886
449.544
447.976
448.182
453.150
451.963
448.820
448.595
447.330
450.040
449.391
449.140
450.614
450.222
450.580
449.062
450.994
448.857
448.456
451.401
450.376
449.940
447.610
448.728
449.756
452.022
450.577
446.600
450.611
450.764
447.893
449.451
451.693
450.413
449.884
453.404
451.064
450.010
450.850
451.621
453.375
450.418
449.486
448.284
447.630
450.780
450.484
448.118
447.083
447.712
448.909
447.950
451.230
448.910
449.469
448.907
448.007
448.658
450.848
451.654
449.190
451.270
450.351
450.724
450.784
448.303
448.375
448.252
447.342
451.765
452.085
451.261
451.364
449.449
448.018
448.969
450.168
449.937
449.782
446.992
447.674
448.717
448.933
449.531
450.039
449.812
448.159
447.672
449.408
451.435
450.079
450.807
450.288
451.637
450.729
450.592
450.420
451.677
449.790
449.422
449.635
450.848
449.906
450.606
449.841
447.127
448.795
448.830
450.773
448.928
450.920
450.335
446.380
447.761
447.817
449.199
450.710
448.583
448.781
449.083
447.703
449.176
448.781
451.682
453.581
450.362
449.308
451.274
450.361
450.356
450.021
450.526
450.404
449.142
450.297
450.700
451.990
448.601
450.409
449.625
450.946
447.857
451.269
449.003
448.281
449.989
451.423
453.230
449.638
450.758
451.181
452.218
450.350
451.185
449.962
451.374
450.878
450.262
449.615
447.368
449.716
449.949
450.680
446.511
450.354
450.975
451.292
451.763
450.557
451.712
450.858
449.025
451.404
452.442
449.668
448.494
450.485
448.524
451.858
449.082
449.159
447.132
449.369
449.441
453.086
451.665
453.944
450.891
451.604
448.556
449.349
450.426
450.193
449.206
451.616
450.594
447.997
451.457
449.884
449.894
450.653
450.881
447.183
449.831
447.204
445.461
447.235
450.962
453.210
450.817
448.967
449.830
450.085
449.995
449.715
448.735
447.568
450.759
449.526
450.246
450.571
448.941
450.157
451.233
449.646
449.548
447.552
451.137
450.033
447.748
448.563
448.671
450.419
447.892
448.912
448.615
448.689
451.566
449.434
448.294
447.282
447.052
447.948
447.621
449.285
451.294
450.430
450.095
448.201
448.236
450.201
447.976
448.377
450.517
451.611
448.922
448.633
449.439
451.208
448.913
447.083
449.790
451.507
450.229
449.424
450.556
450.077
450.080
451.292
447.899
452.056
448.168
449.129
449.470
448.644
447.747
448.372
448.958
452.164
448.046
448.494
449.620
448.667
453.478
450.832
449.777
452.335
449.501
451.130
450.071
448.496
451.274
453.264
448.538
452.726
450.083
450.645
449.574
447.425
452.025
449.063
449.384
450.296
450.007
453.453
450.562
451.073
451.063
449.642
451.304
448.426
450.496
450.924
450.083
448.898
450.334
449.916
450.755
452.444
450.598
450.025
450.196
452.577
451.500
449.121
447.928
448.437
449.548
450.161
448.633
452.217
448.310
445.980
448.722
447.696
449.836
449.100
448.280
450.096
449.166
448.159
453.645
451.218
451.990
451.836
448.537
448.583
450.892
451.164
450.608
449.573
448.883
451.726
450.984
450.420
449.441
449.028
447.875
448.622
448.810
447.030
448.938
450.127
450.419
450.161
449.777
450.034
450.073
449.069
449.945
449.727
449.712
449.183
450.350
450.769
451.813
450.037
447.524
451.257
449.345
448.762
447.182
449.708
450.539
449.158
448.467
449.235
452.101
450.464
450.877
449.732
448.173
451.315
449.291
448.783
450.506
450.392
451.548
452.163
450.126
448.071
450.890
452.029
448.414
448.964
447.130
448.906
448.625
447.213
445.725
447.730
447.991
448.455
450.032
449.246
451.037
451.237
449.476
451.406
452.286
450.795
449.163
449.793
453.353
450.865
449.434
451.077
450.258
447.603
449.798
451.139
450.878
451.947
453.426
452.446
453.215
450.493
450.950
452.193
451.540
451.299
451.736
449.398
449.295
450.058
450.779
449.154
451.162
449.382
450.168
449.808
453.387
449.112
450.323
449.356
450.520
451.336
451.970
450.251
450.701
446.857
448.085
448.763
447.195
448.650
449.233
448.204
450.518
449.046
450.381
448.981
451.393
448.467
447.688
449.550
447.888
448.955
447.941
449.010
450.217
451.548
451.372
450.489
452.400
448.972
447.321
450.133
449.219
450.619
448.410
447.586
448.409
450.070
448.629
446.877
446.366
446.837
449.592
450.286
451.639
450.860
453.266
446.436
451.167
450.984
449.451
448.738
449.159
449.119
450.291
447.105
448.570
449.917
447.649
447.303
447.651
447.770
448.822
450.167
449.658
450.453
451.121
449.007
449.794
449.989
452.670
449.222
449.035
450.344
450.380
451.245
449.399
449.221
447.279
445.957
449.157
446.764
447.576
447.474
446.812
449.595
448.839
449.184
448.591
448.977
450.888
448.744
450.257
450.037
449.311
448.156
448.985
448.400
448.088
449.415
448.151
448.131
449.525
451.268
451.741
449.368
448.961
446.632
449.177
450.592
449.105
450.694
449.070
449.802
448.506
448.777
449.363
449.479
447.327
446.958
449.323
449.708
450.203
449.150
451.869
452.326
450.952
449.453
447.205
447.083
449.411
451.388
450.047
452.305
449.268
452.364
448.714
449.566
448.996
448.415
450.689
451.296
449.766
448.714
449.092
448.598
446.612
446.872
447.008
447.784
449.174
450.735
451.185
450.266
448.808
448.902
449.986
447.204
449.036
450.429
450.332
449.340
449.573
450.359
451.011
450.571
449.611
450.326
450.123
451.324
448.976
449.067
449.127
450.710
449.435
449.040
448.189
447.736
447.672
452.048
448.378
450.015
449.477
453.137
450.936
449.723
450.706
450.855
452.868
452.198
448.938
453.181
450.615
451.195
454.143
452.655
451.768
449.872
452.272
450.060
451.971
451.307
452.247
452.650
449.792
449.265
446.193
452.048
451.050
449.762
451.341
451.558
449.782
449.348
452.499
449.706
450.001
451.711
452.523
451.464
451.758
450.755
448.690
451.509
448.877
450.175
450.721
450.293
450.832
450.839
451.271
447.492
448.081
448.419
451.984
450.148
452.585
449.878
450.697
449.468
448.592
450.320
451.389
452.504
450.369
449.430
448.197
449.745
449.607
448.266
448.909
449.846
450.448
448.185
449.603
449.430
450.805
449.092
448.404
449.626
451.141
452.919
448.470
450.979
451.958
449.294
447.301
450.096
450.034
449.010
450.096
450.604
449.268
451.137
450.709
448.758
445.181
449.485
450.380
449.365
447.522
447.686
448.185
451.559
451.403
451.308
452.001
450.981
447.584
449.761
449.162
448.546
448.788
450.570
448.158
449.916
449.498
450.350
450.817
449.952
448.857
448.829
448.875
449.663
451.074
451.479
449.970
448.687
448.658
450.867
450.068
450.328
449.759
449.047
449.145
452.570
451.289
449.505
450.204
449.922
450.204
450.355
449.927
448.564
447.578
446.400
449.620
449.639
449.777
451.230
450.811
447.601
445.118
448.703
449.169
452.063
450.235
452.688
450.435
451.016
452.125
450.045
449.511
448.639
448.377
448.732
450.120
449.482
447.781
448.296
447.325
448.069
448.269
451.017
454.033
449.293
448.846
449.443
452.214
449.944
453.257
450.629
448.580
451.224
450.735
450.696
449.066
449.188
449.688
448.295
448.412
443.460
447.840
449.861
449.411
449.149
450.133
450.731
448.208
449.391
450.766
453.130
451.570
450.982
452.460
453.500
452.951
451.485
449.110
448.687
450.225
451.548
450.905
451.634
450.425
452.633
449.954
450.692
453.096
449.460
447.551
450.561
450.243
452.406
450.354
447.747
448.913
448.848
448.078
448.798
450.534
453.382
451.745
448.883
449.324
450.421
448.792
451.226
450.667
450.549
450.387
449.143
452.657
451.293
448.785
449.815
450.011
449.204
449.523
449.034
450.301
449.321
449.703
448.814
451.479
450.069
448.653
448.462
447.459
447.009
449.599
449.375
448.312
449.519
451.419
450.594
448.651
448.419
449.820
447.349
449.875
450.137
451.805
450.956
452.486
450.456
453.341
448.658
450.186
449.344
452.140
449.009
448.114
448.556
450.594
448.916
450.781
448.381
448.119
449.187
448.575
448.135
450.269
447.946
449.657
450.408
450.059
450.234
448.641
449.148
449.071
448.588
448.570
451.133
448.690
449.018
448.481
450.466
449.128
449.801
447.454
449.408
449.870
447.883
449.145
451.150
450.130
446.822
447.020
449.685
449.939
451.444
449.142
450.033
451.435
449.492
449.284
451.634
450.903
448.515
449.587
450.911
450.973
450.480
449.681
450.057
449.434
449.498
448.369
452.856
450.721
451.357
446.844
449.491
450.865
448.972
449.401
449.675
450.087
448.792
452.004
449.651
453.109
454.489
451.327
451.652
450.769
448.951
449.812
448.112
450.264
449.703
449.111
450.445
447.891
449.554
450.464
449.702
448.731
448.399
447.323
449.724
448.662
449.224
449.165
448.440
448.773
449.707
448.282
447.066
448.541
447.654
448.469
451.032
450.835
450.453
449.542
451.710
450.497
448.080
450.903
449.967
448.920
447.221
449.109
447.702
448.254
449.713
451.448
449.352
450.857
447.209
450.316
450.499
447.209
446.310
450.972
449.219
450.275
450.303
449.759
450.436
450.336
450.781
450.945
448.465
448.824
450.846
448.671
450.075
448.363
450.411
449.093
448.057
450.373
450.600
452.872
451.991
450.829
450.896
448.304
448.877
450.602
449.748
452.035
453.108
453.827
452.072
451.723
450.707
449.903
449.996
448.478
450.858
449.324
450.768
449.755
446.899
448.217
448.428
450.968
451.280
451.156
449.326
449.179
451.046
449.268
450.805
449.776
448.580
449.931
450.663
448.830
448.974
449.159
450.718
450.906
449.586
451.752
447.976
449.720
452.217
448.169
447.001
446.545
447.861
450.275
450.193
448.108
447.382
448.438
449.450
450.351
450.497
451.776
449.994
449.740
450.705
447.726
449.135
450.983
451.953
450.780
451.609
451.259
453.334
450.256
451.972
452.989
449.715
450.784
449.663
449.850
450.269
450.262
449.998
449.862
449.284
450.281
451.702
450.866
449.229
451.235
451.410
450.986
454.107
450.527
448.807
450.445
451.719
451.644
452.103
451.645
450.820
451.869
446.252
448.515
449.364
448.803
447.232
450.079
449.383
449.106
446.974
450.972
450.444
449.376
448.568
448.373
449.201
452.155
449.308
452.959
450.479
450.582
449.724
449.656
448.629
446.969
447.004
447.670
447.600
449.598
452.086
451.789
452.526
451.873
451.926
452.291
448.950
451.107
451.038
450.326
450.175
449.184
450.053
449.988
449.436
450.888
449.455
448.168
448.666
452.352
452.954
449.927
449.329
449.662
450.241
451.981
451.877
451.263
449.669
450.737
450.578
450.876
452.285
452.132
450.411
451.584
454.314
452.551
454.286
449.930
452.964
449.110
451.117
449.091
451.215
452.476
454.150
451.710
451.211
452.800
452.439
453.030
453.599
452.034
451.914
450.047
448.360
449.484
450.906
450.732
451.057
450.891
447.418
446.657
449.288
449.139
448.535
450.907
451.767
452.023
451.365
452.080
450.680
451.764
452.809
452.264
450.556
449.311
448.883
450.066
448.946
450.478
450.802
452.509
451.649
449.671
450.184
450.800
450.462
450.528
449.635
452.172
448.985
450.683
454.130
447.763
452.307
453.204
451.411
453.768
451.550
451.799
450.747
450.056
450.789
452.320
451.025
450.286
453.465
449.644
450.342
448.088
451.688
449.994
451.418
452.056
449.547
450.449
449.177
450.286
451.678
450.311
452.020
450.319
448.539
447.951
450.153
450.284
452.061
451.029
452.486
449.965
451.309
452.223
450.899
451.449
449.765
448.957
448.729
449.625
451.255
451.963
451.838
450.617
450.119
450.064
448.971
446.008
449.314
449.673
449.616
450.692
450.035
448.966
450.614
451.165
449.964
449.306
448.228
448.722
450.423
449.848
446.625
449.240
448.194
449.563
447.866
448.425
449.715
451.333
450.228
449.984
451.959
449.979
447.732
448.410
450.344
451.295
453.237
452.960
449.757
449.819
447.219
448.941
449.342
450.227
451.793
450.450
451.832
451.324
451.000
451.001
450.022
450.300
453.288
451.588
448.821
450.867
448.431
451.117
452.204
450.639
447.990
450.371
449.439
450.185
447.161
450.353
450.667
449.731
451.042
450.105
450.806
449.353
450.238
450.887
452.864
452.543
451.033
450.150
450.129
452.633
450.210
452.653
451.717
448.502
451.803
450.831
450.756
450.014
450.291
450.030
449.648
448.768
449.350
452.381
449.349
451.170
450.770
449.362
450.591
450.663
452.079
449.890
449.327
450.657
448.321
450.962
448.836
448.899
449.847
449.643
450.518
450.959
450.361
449.758
451.547
451.671
452.223
450.743
450.903
450.322
451.216
450.694
450.263
451.085
447.845
448.297
447.541
451.126
451.447
450.897
449.931
450.136
450.570
447.987
448.704
448.344
450.858
450.793
452.575
449.705
449.138
448.610
449.076
449.161
451.528
452.288
450.309
449.730
449.578
450.392
452.480
450.539
450.197
450.127
451.256
451.005
450.100
450.654
449.475
448.518
451.319
451.054
451.021
450.097
448.718
449.585
451.296
453.624
451.200
450.709
451.445
452.085
449.597
450.843
450.664
450.239
448.647
449.643
452.397
450.331
449.963
450.427
449.920
451.482
450.802
451.291
451.404
450.414
452.302
450.963
452.165
450.016
450.820
447.639
449.794
449.099
451.918
452.286
450.891
450.644
449.208
448.848
449.033
450.385
449.490
451.830
452.329
451.925
453.567
451.961
450.457
451.171
449.876
451.247
449.187
450.857
452.990
450.853
449.287
449.396
449.515
450.302
451.456
450.861
451.360
451.855
453.370
453.392
454.991
455.714
454.209
453.377
455.298
453.436
456.041
454.124
449.557
453.068
453.090
454.485
452.328
453.047
451.378
451.844
455.054
454.832
452.449
450.822
450.805
453.635
451.413
451.303
450.638
452.097
454.556
452.236
450.025
449.856
452.326
451.116
450.989
450.270
453.893
454.136
454.432
455.419
455.480
451.921
452.792
453.378
454.211
451.295
452.254
455.580
454.195
453.528
453.808
454.019
454.147
453.728
453.190
450.793
450.182
452.829
451.010
450.111
448.884
451.631
450.368
451.520
451.177
452.292
453.304
453.257
453.391
452.609
455.389
453.910
451.164
452.178
453.226
452.243
454.906
454.617
453.787
452.258
453.085
455.231
454.874
453.449
453.698
452.147
454.974
452.781
451.479
453.916
452.931
456.185
456.953
450.049
452.805
453.134
453.342
455.079
453.633
453.166
453.102
452.772
452.188
453.912
455.870
452.518
453.191
453.036
454.999
453.179
455.462
454.935
452.552
455.151
453.940
453.518
454.043
453.287
453.683
450.935
452.172
454.574
452.607
455.378
452.236
452.295
453.109
452.019
452.819
453.644
456.175
453.427
452.430
454.165
452.136
452.223
452.828
454.668
450.680
451.406
452.893
453.653
454.653
450.647
450.524
452.364
453.821
454.264
452.387
456.141
453.479
450.923
453.460
453.055
452.825
453.248
450.644
452.077
453.225
453.770
451.443
451.902
451.369
452.013
452.321
454.316
454.132
450.485
453.045
453.711
452.138
451.878
451.734
448.463
450.966
454.572
454.267
455.099
450.313
453.130
449.437
450.930
449.154
450.453
450.732
451.938
449.718
451.824
452.449
449.274
450.324
449.695
451.041
450.696
451.662
451.971
452.887
449.296
449.945
449.473
450.052
449.704
450.562
450.798
450.946
450.639
447.983
449.425
449.030
452.110
453.845
450.745
452.409
451.199
452.057
449.879
452.249
449.753
450.077
450.484
450.732
452.451
452.731
451.502
449.127
450.270
451.466
450.697
451.147
449.608
448.652
453.225
450.587
451.791
452.199
450.228
451.483
452.356
449.819
449.722
450.657
450.035
449.504
451.477
449.842
447.754
448.248
448.766
450.584
448.978
451.498
452.046
451.597
449.971
450.114
448.522
449.352
452.126
451.584
448.850
448.830
447.619
448.101
449.737
450.072
451.535
451.497
450.359
451.643
450.662
450.395
453.046
454.596
451.394
452.183
451.915
451.297
449.461
450.360
449.871
452.151
450.460
449.521
449.138
447.964
446.801
447.006
446.189
448.163
450.607
450.582
446.186
447.634
448.808
451.001
447.841
450.435
448.984
446.134
448.276
450.204
449.385
449.926
449.533
450.420
449.974
452.480
452.492
450.648
449.215
449.215
450.767
448.761
449.832
450.055
449.223
451.422
450.497
451.313
448.575
449.625
450.192
450.345
449.314
447.411
447.979
451.028
449.666
451.549
451.706
450.704
452.052
450.173
452.271
449.970
449.829
451.091
449.798
449.739
448.441
446.172
448.621
448.651
450.413
449.154
450.118
450.383
447.492
449.971
449.278
450.077
449.932
449.343
450.212
450.911
451.285
447.386
450.192
449.916
451.230
449.980
450.163
452.196
450.020
450.041
451.209
450.472
450.059
450.332
447.852
451.297
450.960
451.452
449.917
452.112
451.008
451.693
451.921
449.994
450.634
450.354
449.864
447.844
447.675
448.752
450.289
451.321
452.289
452.078
451.104
451.759
452.957
450.332
454.768
450.920
452.362
449.428
450.221
449.218
449.647
449.496
449.721
451.452
452.004
450.986
451.555
450.790
451.060
448.785
449.501
451.383
450.874
450.965
450.891
449.784
449.804
448.832
450.791
450.357
449.655
448.557
450.158
450.267
450.524
451.017
450.493
450.188
450.976
448.126
449.747
451.445
450.314
450.766
450.175
449.577
449.701
450.879
449.575
451.686
446.727
449.051
447.751
449.233
449.515
448.834
449.851
448.538
449.483
450.377
449.745
449.435
450.484
450.599
449.172
449.034
450.642
446.821
447.841
451.457
450.325
451.589
450.698
450.318
449.898
450.301
448.664
450.768
451.047
450.294
448.189
450.439
449.628
447.967
449.799
448.431
450.511
450.884
450.212
450.453
452.149
448.769
449.623
447.543
449.939
450.133
450.807
449.733
448.799
449.671
449.868
449.755
447.793
448.069
447.556
451.159
448.465
451.010
449.829
450.032
451.357
448.695
448.493
451.518
448.410
449.692
451.437
452.294
454.211
452.065
452.088
452.975
450.990
450.256
450.902
451.659
452.504
450.811
455.035
452.198
452.907
453.719
451.806
453.274
451.278
450.638
449.444
450.652
450.969
449.787
450.545
449.205
454.626
451.284
453.278
452.095
452.334
450.544
451.077
448.440
448.760
450.522
450.122
449.995
449.093
448.886
451.432
450.356
450.906
449.104
451.143
449.850
449.301
449.834
448.831
448.815
450.305
449.394
450.820
448.905
450.643
447.112
449.698
449.155
451.356
449.844
449.559
451.822
450.187
452.340
451.173
449.901
446.422
447.223
450.818
446.968
450.212
452.273
451.682
452.316
448.088
447.390
449.187
448.566
450.282
450.171
447.844
448.149
448.053
451.002
452.272
449.979
450.586
449.065
451.188
445.625
446.329
447.491
447.175
450.583
451.009
449.240
450.553
450.310
450.691
450.671
450.712
453.137
449.758
448.618
449.301
448.073
448.613
449.841
453.188
452.442
449.054
450.631
449.526
449.495
449.115
450.569
447.053
450.117
449.270
450.612
452.817
452.613
450.175
450.301
451.374
452.081
451.133
450.112
451.765
449.289
449.071
451.375
450.814
448.147
447.268
449.904
449.433
446.830
450.177
450.328
450.795
452.807
451.946
450.460
451.891
452.633
451.919
452.967
451.761
448.743
452.070
454.012
451.396
450.129
449.360
450.950
447.893
449.530
450.252
447.487
448.749
448.030
448.557
450.362
447.713
449.885
451.531
450.725
450.093
449.493
451.203
452.304
450.200
448.600
449.308
450.130
450.142
448.196
447.462
447.539
451.114
446.691
450.149
451.737
452.625
449.809
452.815
449.318
450.155
449.888
448.075
450.686
450.174
450.351
450.382
450.350
452.149
451.012
448.754
447.465
449.581
447.716
447.819
451.727
450.946
451.018
452.780
452.786
453.352
450.028
450.427
449.836
448.661
450.488
450.286
450.993
451.389
451.958
451.455
450.031
449.508
450.319
450.644
452.240
452.034
453.048
452.506
451.237
448.914
451.322
450.929
451.698
450.596
449.973
449.871
449.652
450.573
447.907
448.401
450.011
451.098
451.903
449.095
454.326
451.391
450.470
449.180
447.951
452.256
451.856
450.774
451.302
451.133
450.138
448.050
449.643
448.255
451.824
450.512
448.464
452.115
452.406
449.372
451.653
453.110
449.589
448.449
450.012
448.604
449.711
448.486
449.281
452.523
451.611
452.124
450.392
450.215
449.736
451.499
447.536
447.973
450.031
451.107
449.138
449.692
451.311
451.138
450.823
451.212
448.658
448.043
450.450
453.107
448.057
448.793
449.637
451.179
450.360
450.773
452.596
453.208
452.135
451.872
450.609
451.867
448.775
449.787
450.063
451.210
449.224
450.070
448.268
449.669
450.372
451.355
451.470
449.781
449.551
450.410
449.503
449.776
449.167
449.724
453.339
453.023
452.645
451.629
450.861
451.704
450.785
452.773
450.068
451.579
450.852
449.692
451.499
449.711
453.556
452.717
450.091
450.464
449.906
450.380
450.369
452.026
452.208
451.575
451.701
449.121
451.659
451.618
449.671
449.667
448.091
449.760
450.234
449.855
449.852
448.365
449.769
449.428
449.671
449.511
447.999
449.845
450.105
447.918
448.700
447.855
452.496
447.816
449.863
449.469
447.082
450.631
450.595
450.557
449.729
449.458
446.826
447.443
446.914
450.029
449.879
450.435
447.083
451.485
450.716
448.081
449.800
449.170
448.648
450.904
451.400
451.096
451.288
451.479
450.701
450.131
452.023
448.837
449.072
450.045
451.824
452.050
452.485
451.883
454.143
455.332
455.109
449.294
451.416
449.683
452.351
452.435
449.834
451.819
453.110
450.598
453.272
452.004
454.680
452.032
453.417
450.561
452.910
452.198
455.063
453.625
454.686
451.666
451.521
448.702
451.438
452.571
452.157
449.739
451.316
451.762
450.237
450.091
448.536
448.469
450.646
450.378
449.697
450.083
450.264
451.584
452.360
449.112
450.311
449.122
446.553
448.043
448.071
450.636
452.353
452.915
453.031
451.483
451.553
450.296
449.425
449.818
449.844
450.631
449.791
449.730
451.350
450.290
450.415
450.394
448.747
449.545
450.428
448.883
449.012
449.072
448.563
449.500
450.623
449.092
449.956
446.583
449.685
447.993
449.815
448.626
450.963
450.258
446.746
450.269
451.867
451.607
453.061
450.756
449.999
450.139
450.771
448.159
451.110
449.747
449.364
448.056
448.332
447.746
447.389
448.183
447.894
450.227
450.417
449.839
449.605
447.164
448.859
446.971
447.452
450.019
450.393
448.607
449.632
447.903
449.374
447.906
449.817
449.154
447.445
451.490
449.264
450.073
448.156
449.718
451.396
452.389
453.519
447.888
450.415
451.275
450.307
450.071
446.999
451.200
449.785
450.947
450.475
450.531
451.309
452.068
452.013
451.659
451.462
452.271
454.040
451.312
451.291
451.865
451.688
450.759
452.146
452.505
451.204
452.443
453.115
450.122
454.062
451.183
453.610
452.154
451.285
451.200
450.428
450.415
451.223
450.879
451.377
454.445
451.656
449.168
453.852
451.754
450.348
449.533
450.529
453.868
452.770
448.819
450.932
450.925
448.354
449.276
449.193
451.044
448.928
448.698
446.604
447.434
446.237
446.986
448.018
446.595
447.669
449.333
448.890
447.668
446.282
446.357
445.238
448.290
448.885
449.722
449.686
452.363
450.980
452.016
446.940
449.391
450.127
448.458
448.749
449.254
448.512
452.274
450.413
448.957
448.620
448.628
447.581
448.478
449.942
448.881
451.519
450.990
449.602
447.788
450.104
447.978
448.962
449.540
448.442
450.657
449.918
448.762
450.112
450.425
450.753
448.686
451.023
449.429
449.677
447.680
448.300
448.513
449.833
448.661
451.397
449.901
448.489
447.179
449.281
447.158
450.773
449.572
447.104
448.538
448.925
449.950
450.825
451.586
450.643
450.654
450.209
450.494
450.140
446.492
446.716
451.191
450.995
449.655
450.218
452.234
451.774
451.120
452.800
452.303
452.935
449.500
446.191
447.388
445.930
448.595
450.223
451.236
451.438
450.856
450.336
448.964
448.760
449.050
450.744
451.671
449.990
449.719
447.757
448.109
447.800
449.746
450.799
451.851
449.149
451.598
451.424
450.363
450.024
448.356
446.931
450.650
452.743
453.089
451.185
451.878
451.748
450.409
450.240
451.750
452.046
453.619
452.475
450.746
448.556
451.528
451.019
454.858
449.910
448.772
454.342
452.219
450.346
450.455
453.300
451.240
453.010
450.065
449.286
452.688
451.894
449.591
447.754
449.983
450.767
452.143
450.263
449.288
449.778
448.179
449.006
449.113
448.370
452.189
450.567
448.741
450.050
451.834
451.187
449.893
449.729
450.723
449.284
449.308
449.448
449.496
452.052
450.372
448.266
447.964
447.885
448.458
447.764
447.030
449.878
449.895
447.760
451.221
449.243
449.387
446.828
449.406
449.455
451.247
450.551
448.216
450.609
447.487
450.317
449.008
448.338
450.083
451.123
450.143
452.851
452.095
451.863
449.857
449.805
449.822
449.939
451.767
448.814
447.897
452.224
450.827
448.328
451.455
451.823
450.262
450.259
451.133
450.825
452.122
450.106
448.712
448.612
450.339
447.956
447.053
449.493
450.660
454.394
452.466
452.749
452.578
454.071
450.103
449.912
448.021
451.723
452.375
452.306
449.351
450.123
452.908
451.013
451.504
449.935
450.058
451.248
450.519
447.630
447.031
447.977
450.121
448.908
451.016
448.874
449.783
450.111
451.620
448.537
451.313
451.140
450.195
451.321
450.773
452.517
452.194
452.358
450.830
451.755
451.962
448.429
447.487
449.176
450.485
448.361
449.102
450.821
450.792
448.837
449.428
450.688
449.837
450.741
450.920
451.309
451.035
449.242
451.649
449.271
451.014
450.455
451.795
452.319
450.070
452.555
452.693
447.738
449.604
449.594
449.404
449.360
450.365
450.313
450.748
449.606
452.130
449.266
448.476
450.757
451.882
451.912
449.586
451.284
453.336
452.090
451.194
453.091
450.699
451.331
449.742
451.539
450.339
449.947
449.201
449.596
451.184
448.616
450.271
451.926
451.676
450.442
447.424
450.453
447.678
449.798
449.512
446.933
452.401
451.394
449.889
450.143
449.619
450.987
450.118
449.451
452.845
450.318
449.592
450.157
451.122
452.395
451.063
450.886
450.278
448.629
446.140
449.004
445.967
447.295
448.074
450.411
450.106
451.301
450.972
452.068
450.213
451.038
450.656
450.982
451.505
449.867
449.932
447.336
447.662
450.738
449.137
447.436
451.365
449.490
450.822
450.031
449.993
450.541
448.754
447.791
448.496
447.760
449.764
447.650
448.458
449.929
449.136
447.822
451.098
450.284
450.746
452.885
451.587
449.892
449.456
449.960
448.744
447.605
450.036
450.516
448.550
451.554
450.584
447.335
448.788
451.245
449.303
450.278
449.160
448.442
449.971
449.319
448.528
451.054
448.026
449.250
446.670
448.914
450.481
450.199
451.919
450.129
453.747
452.149
450.783
448.072
448.017
449.357
450.202
448.549
450.478
449.639
450.277
450.674
451.880
451.146
452.324
452.711
450.870
449.861
451.023
451.706
448.671
450.167
448.596
451.015
449.094
449.457
451.742
448.013
446.760
447.118
448.753
449.985
449.176
450.013
449.469
450.773
451.250
453.544
453.192
450.823
447.558
448.021
451.370
449.041
450.448
447.175
450.169
450.209
449.785
449.082
454.561
452.273
453.468
452.019
451.932
451.666
452.993
447.436
446.705
446.882
448.305
450.782
449.184
449.978
448.472
447.193
448.007
450.824
452.753
451.046
452.764
451.509
450.053
449.926
449.121
450.032
449.808
449.542
447.830
448.399
448.774
450.163
448.334
449.320
449.160
449.729
448.735
450.771
446.754
449.248
450.034
450.416
447.155
448.940
450.045
450.131
449.392
446.430
448.001
448.883
452.681
451.979
448.898
450.632
448.042
450.864
450.015
451.462
450.892
448.277
451.495
448.418
448.993
450.111
448.542
450.951
449.369
449.922
449.139
449.834
449.621
448.808
450.302
450.866
448.449
447.432
448.029
447.692
450.020
448.264
449.205
447.773
451.766
449.607
450.523
450.623
449.833
450.502
450.309
451.847
450.008
450.223
448.670
450.952
448.344
450.681
446.819
449.732
450.364
450.725
449.973
450.444
449.594
450.776
452.060
450.517
449.075
448.735
448.665
449.766
449.270
449.584
446.784
449.309
449.594
450.435
446.550
450.784
449.191
447.888
450.970
447.873
448.481
447.523
448.160
446.639
446.380
449.682
448.344
448.060
448.835
447.439
449.197
451.569
454.276
452.913
450.538
453.093
451.539
451.620
450.606
450.661
452.323
450.554
452.321
447.280
449.438
451.378
448.671
444.542
450.756
449.484
452.031
451.972
450.204
452.197
449.780
448.670
449.891
449.816
451.493
450.551
449.016
448.589
449.312
447.083
446.825
448.021
447.291
448.624
450.381
447.409
451.550
450.949
452.317
452.196
450.194
448.219
452.094
452.044
449.383
450.131
448.026
447.158
448.019
449.077
446.519
448.703
451.336
450.993
449.889
450.577
449.520
451.134
450.125
449.300
450.987
449.896
452.298
450.926
450.424
450.377
449.887
447.966
451.373
451.505
450.827
449.561
448.371
450.356
452.516
452.535
449.915
450.617
451.486
451.782
452.321
449.395
452.178
450.483
450.165
449.040
452.075
447.249
450.355
451.949
451.964
449.173
451.072
448.999
449.460
448.784
450.008
448.844
451.746
453.230
454.212
451.142
448.233
446.484
449.133
449.809
447.801
452.445
452.035
449.032
450.982
449.441
450.673
450.432
451.151
453.206
449.274
450.857
449.202
450.132
452.162
451.612
451.347
449.510
449.427
451.366
452.523
451.999
451.941
450.607
450.468
452.419
451.116
450.226
450.617
449.395
449.912
449.168
451.411
451.134
449.356
452.507
451.946
450.457
451.991
449.772
448.317
449.721
449.407
447.111
450.859
451.648
451.515
452.130
447.695
449.286
449.999
449.508
450.336
449.550
451.583
449.980
449.119
450.723
452.082
448.852
449.923
448.946
450.245
449.129
450.973
452.521
450.399
450.273
452.984
452.538
451.385
450.818
453.477
452.943
451.495
450.777
449.352
450.575
450.776
451.429
452.059
449.259
452.324
452.003
453.877
449.548
451.839
448.934
448.992
452.449
452.769
450.974
450.028
453.308
451.880
453.626
453.522
448.428
451.092
450.049
450.115
448.704
449.856
449.590
448.786
448.587
449.948
448.187
447.488
449.340
448.483
452.065
450.182
449.774
450.724
449.798
452.390
448.968
447.944
449.870
449.917
449.347
449.278
450.956
452.462
451.946
451.561
450.937
450.348
450.309
450.149
451.273
452.200
454.138
453.247
451.011
453.532
450.979
453.451
450.291
451.965
451.440
449.499
452.628
450.416
448.833
450.957
449.046
450.803
456.304
452.844
452.560
450.567
450.436
447.623
450.192
451.865
452.532
451.452
450.939
452.170
449.371
450.205
447.317
451.409
450.874
449.889
448.722
451.232
450.381
448.260
449.620
449.306
448.608
448.415
449.794
450.397
449.396
451.373
449.407
452.164
449.997
451.475
448.524
445.363
448.616
450.272
449.813
450.415
451.447
453.157
453.788
450.306
449.428
449.777
450.398
448.730
447.783
446.971
449.930
451.442
448.245
449.404
450.535
453.427
448.481
449.254
450.238
451.646
448.992
449.227
449.431
449.706
447.668
447.901
450.208
452.234
449.113
448.220
451.848
449.234
451.226
450.281
453.580
451.585
451.230
449.161
450.859
451.638
450.917
451.694
451.118
449.176
450.341
450.600
452.013
450.316
447.293
450.022
447.762
448.321
450.028
450.756
451.184
450.157
449.122
450.524
449.510
448.991
447.380
448.674
450.869
451.941
450.525
451.696
448.528
451.612
452.275
450.289
449.220
450.620
449.182
445.964
446.677
447.585
449.904
449.335
446.721
448.926
446.724
448.968
447.623
448.276
448.383
450.154
448.689
447.731
447.364
448.291
451.254
448.984
447.638
448.590
448.996
450.235
449.675
450.138
449.411
447.882
448.487
450.288
450.496
452.256
450.167
451.466
450.064
450.598
450.368
450.027
448.143
446.079
448.881
450.275
449.896
448.913
448.283
448.774
448.030
448.863
450.672
447.303
447.864
448.391
449.356
449.177
450.288
451.370
452.643
451.917
450.228
447.830
451.901
451.928
451.288
452.738
451.894
450.406
450.313
450.360
448.830
449.626
450.292
448.955
450.360
448.258
449.807
452.267
449.927
450.702
448.980
450.153
449.382
449.063
450.259
450.292
446.711
447.428
448.611
