477.071
477.267
480.096
476.789
473.263
471.982
473.184
476.050
472.946
474.731
477.564
479.406
479.923
480.484
481.320
482.317
483.110
483.227
483.145
484.440
477.282
476.730
475.540
474.650
474.986
479.440
481.388
480.441
479.480
478.355
481.278
481.032
481.757
476.871
478.389
474.372
472.938
475.938
472.357
475.771
477.211
475.944
477.717
479.870
478.473
477.255
477.453
476.644
478.803
477.085
475.530
473.105
474.668
474.411
476.135
472.565
475.197
475.930
475.563
470.264
474.176
475.621
474.005
470.687
470.506
476.370
473.262
472.585
475.962
476.843
476.380
474.576
478.232
478.622
477.486
480.009
475.861
478.398
478.951
476.208
475.909
478.489
476.281
475.897
477.544
473.858
473.056
473.094
474.065
475.827
480.791
478.081
476.212
474.012
482.198
480.681
481.090
481.740
484.438
477.589
476.427
480.031
480.963
483.814
479.591
476.055
478.101
476.912
477.549
478.253
476.027
476.669
475.617
475.390
473.941
473.470
479.367
473.968
476.018
475.296
478.273
474.608
473.176
477.542
477.629
474.742
472.561
473.623
474.535
477.177
473.033
473.903
472.062
473.703
473.396
472.086
476.391
478.167
474.245
474.899
477.903
477.412
475.177
473.894
470.703
473.254
473.223
472.411
471.909
473.177
476.035
474.737
476.461
471.890
473.032
473.303
470.416
474.019
475.709
470.936
470.932
475.523
471.196
471.790
476.573
475.585
474.767
475.406
475.999
478.195
475.139
477.620
475.762
476.485
471.276
471.950
470.714
467.651
468.072
471.588
471.044
469.009
470.554
470.555
472.997
472.237
472.689
470.269
472.811
473.398
473.076
474.522
469.004
471.012
472.093
474.176
477.483
474.194
473.926
471.106
471.295
473.937
471.981
473.527
471.321
472.922
471.508
475.153
475.395
473.317
477.152
474.969
475.094
472.176
476.364
477.851
479.010
473.699
477.023
477.918
478.962
477.129
479.826
479.550
475.524
477.427
479.528
478.784
482.382
477.479
477.330
479.220
478.325
478.806
481.125
477.842
479.483
480.755
481.750
481.898
478.320
483.371
481.750
480.412
478.014
479.438
479.127
480.438
480.299
477.228
477.562
480.231
478.219
481.169
477.069
480.675
479.972
475.530
477.090
477.315
475.269
476.175
473.596
474.978
472.921
473.871
475.468
473.424
476.339
472.215
473.147
472.030
472.632
475.407
478.633
476.881
473.120
470.847
467.149
471.399
471.897
474.899
476.282
472.557
474.510
471.875
471.436
471.421
473.760
476.613
478.468
474.001
472.718
476.162
473.887
475.352
476.048
477.875
476.831
477.463
475.760
474.622
474.744
474.109
473.890
473.798
474.289
472.659
472.739
473.249
473.361
472.773
470.156
471.622
469.831
476.377
477.175
480.628
477.174
480.503
480.536
479.271
475.925
474.659
484.296
485.917
481.066
478.732
478.338
478.534
478.091
479.120
475.541
477.519
479.091
480.474
478.873
479.978
480.852
478.439
480.614
479.377
478.773
480.010
480.294
479.747
481.781
477.845
479.336
478.452
475.111
472.562
472.369
475.800
477.274
476.901
476.563
476.153
479.367
478.080
474.977
474.109
474.903
475.025
474.062
469.234
471.304
475.057
475.879
478.615
472.216
473.304
473.436
475.128
477.203
477.360
474.153
474.280
473.040
473.869
474.540
471.897
471.281
473.287
471.563
474.568
474.014
475.842
473.294
477.119
475.581
479.325
477.969
476.448
475.143
476.988
477.983
475.920
475.643
478.086
480.403
477.566
478.610
476.161
478.895
479.209
480.650
477.619
477.814
478.353
478.425
478.211
479.275
479.752
478.166
479.990
477.564
477.428
480.306
475.248
475.592
479.143
477.414
475.150
478.698
475.135
480.754
479.298
479.597
481.418
475.201
480.660
479.480
474.611
478.247
476.905
477.654
475.836
476.566
475.624
470.725
474.473
477.292
476.490
476.714
475.603
475.561
478.765
477.239
473.348
475.471
474.421
474.051
473.064
474.507
473.655
475.697
476.298
473.464
476.071
478.921
472.249
474.532
473.342
474.791
470.971
472.185
469.868
468.839
473.147
475.452
474.025
471.655
470.464
470.386
466.106
468.684
470.677
473.670
469.340
470.703
471.791
466.343
466.653
470.020
466.268
466.703
469.778
468.400
468.615
471.070
469.610
472.103
475.255
470.145
476.903
474.737
473.134
471.103
470.040
468.066
472.678
473.735
472.248
471.580
474.203
468.253
472.781
470.671
469.243
470.326
470.638
473.164
470.592
471.166
473.806
474.458
469.839
471.483
473.092
472.411
472.905
472.973
473.118
474.910
472.501
471.971
473.295
473.189
477.301
472.421
473.298
471.445
472.684
469.273
471.149
473.344
475.035
472.145
474.420
475.683
473.960
473.172
473.352
473.732
475.585
475.525
472.160
472.863
473.279
474.496
475.196
474.115
473.492
474.682
473.944
473.399
475.527
475.519
475.155
476.451
478.243
475.491
475.429
476.041
479.672
477.857
478.219
478.953
473.270
474.726
478.327
478.750
478.046
480.504
479.479
476.682
475.995
475.853
477.840
478.304
480.236
475.334
476.862
479.292
478.429
478.166
478.496
479.603
478.710
480.527
479.535
479.744
478.002
476.047
474.784
476.448
472.964
471.102
475.675
475.911
477.512
478.069
480.847
474.852
473.072
475.235
479.027
478.096
477.523
478.271
474.084
474.251
478.450
476.115
475.549
477.320
475.350
477.796
477.741
476.829
479.229
484.929
482.205
481.286
479.654
478.617
477.287
477.674
480.537
478.434
477.143
476.601
479.649
473.932
477.071
477.498
477.577
479.406
480.972
478.906
474.642
474.926
476.887
478.191
480.299
480.592
480.093
479.422
479.533
482.629
478.319
479.034
480.862
483.263
484.635
485.916
486.332
483.412
485.635
483.849
483.180
482.562
484.205
486.347
483.988
485.978
487.720
485.776
483.247
486.428
481.789
480.878
482.147
480.535
485.786
486.976
485.588
482.115
481.425
483.590
482.686
485.928
486.438
486.550
485.416
484.948
483.210
483.535
483.594
483.645
483.655
486.829
489.859
488.184
489.146
488.462
487.194
487.353
485.601
486.456
485.528
481.136
482.304
482.049
480.311
482.870
485.721
482.178
483.385
482.098
483.115
483.849
483.406
482.440
481.443
479.886
480.274
480.115
482.789
483.638
482.129
482.518
480.755
481.131
479.764
482.155
479.650
482.182
478.565
479.266
478.176
477.174
476.960
475.627
476.443
481.142
482.040
482.450
480.967
480.237
482.557
480.026
484.321
484.770
482.563
485.284
481.906
486.356
483.534
481.115
480.503
481.727
479.749
482.670
480.605
482.372
482.306
482.674
485.964
487.089
481.406
482.055
480.925
482.428
483.271
487.564
484.231
483.745
486.048
485.625
486.084
486.797
485.261
485.555
485.019
488.231
486.467
488.459
487.353
486.218
484.786
485.737
484.808
484.585
481.498
481.478
482.804
481.222
482.248
482.209
484.487
484.610
484.103
483.155
483.274
484.927
484.019
481.177
481.247
481.245
480.480
484.213
480.541
476.679
479.089
484.467
482.634
483.245
484.483
483.763
485.699
487.843
486.690
486.511
486.982
486.932
490.692
490.281
489.105
488.915
489.760
491.471
486.369
487.386
486.300
488.284
490.245
488.814
487.931
489.662
490.693
495.944
491.600
490.248
490.535
489.071
489.054
490.829
483.584
485.661
485.958
488.328
491.358
489.672
489.800
487.554
485.985
486.570
486.343
487.549
487.635
492.317
488.516
488.961
489.377
487.843
489.386
489.849
491.936
492.222
492.726
490.547
492.521
489.209
489.574
491.869
497.002
490.952
493.262
493.312
493.514
495.688
497.356
491.362
491.055
493.365
492.184
492.614
494.821
491.167
490.598
492.082
491.768
494.184
488.638
486.648
485.747
489.731
488.316
485.128
482.999
482.672
484.485
483.073
482.616
481.898
481.312
480.419
479.838
481.378
481.667
479.772
481.372
480.374
482.012
482.871
482.482
485.702
484.469
482.753
483.489
481.920
476.999
478.880
482.016
483.100
484.725
481.921
481.983
485.820
482.356
484.189
484.690
483.867
481.575
482.120
485.937
483.174
479.232
477.564
482.524
480.581
480.663
478.391
478.634
481.765
482.478
484.541
484.443
485.945
483.833
481.794
478.878
479.471
478.575
480.394
479.064
478.820
482.217
482.459
478.062
478.370
476.522
480.220
478.828
479.994
478.695
480.609
479.639
479.689
481.053
480.006
475.612
477.128
478.213
479.798
477.714
478.422
479.457
481.577
479.892
480.613
479.270
476.455
478.485
481.133
478.573
477.489
478.605
479.493
476.112
476.959
481.264
485.176
483.730
481.980
484.686
484.139
486.477
487.789
485.677
485.153
480.023
485.089
482.603
482.244
483.783
485.882
487.501
490.568
487.719
482.165
481.207
479.676
482.261
483.667
484.611
483.191
481.889
480.399
480.179
480.121
484.235
478.871
482.418
481.224
480.275
482.596
484.539
484.757
481.919
481.640
483.656
478.773
478.322
479.930
479.775
477.917
478.295
479.784
480.615
483.602
484.618
482.605
482.332
481.739
480.531
482.028
485.700
486.232
484.338
486.537
486.917
484.368
485.277
482.561
486.641
483.000
484.679
483.459
485.491
482.104
479.081
484.589
485.582
482.098
483.014
484.697
485.341
482.753
484.362
482.754
483.252
481.320
480.932
480.370
482.711
483.023
481.648
484.789
484.333
482.551
484.264
480.928
482.381
481.020
478.492
481.663
480.504
479.937
479.896
478.231
477.470
474.483
475.393
478.037
476.826
481.149
480.247
481.348
479.953
485.192
481.447
483.233
482.576
480.829
479.793
480.578
485.003
486.458
487.762
492.098
487.243
485.770
489.053
485.007
487.044
485.519
485.981
489.367
489.303
495.010
492.755
492.286
489.611
490.585
488.958
490.133
492.422
492.272
492.094
491.808
491.105
491.934
493.459
492.821
488.945
491.739
489.094
491.984
493.086
493.230
491.357
493.292
489.570
493.361
492.135
488.516
490.228
489.133
487.306
491.737
484.959
486.756
487.201
485.960
493.489
491.185
489.242
489.420
487.702
488.873
490.779
489.928
488.172
486.527
487.354
487.976
484.782
483.815
482.983
486.606
484.063
486.766
484.366
486.141
487.261
483.664
484.480
482.386
484.940
480.692
478.932
477.243
480.338
481.120
481.093
481.293
480.194
479.745
478.018
478.681
478.336
480.991
481.656
478.180
481.973
482.235
480.235
478.106
478.422
482.275
481.249
483.438
478.550
481.727
484.476
482.752
483.622
483.028
479.152
479.422
479.145
475.969
476.068
477.345
477.723
480.055
477.649
479.010
481.327
477.074
477.037
478.136
478.216
481.535
484.966
486.030
478.806
480.665
478.835
476.314
478.210
477.901
477.344
474.839
479.772
479.143
481.305
478.239
476.559
478.306
481.428
477.530
477.112
477.945
476.077
482.272
480.535
478.863
482.141
480.116
480.279
479.639
480.135
478.910
480.047
482.742
479.809
482.477
480.902
479.955
479.059
481.488
480.748
482.153
482.605
479.908
480.521
479.552
482.318
480.979
480.909
476.033
477.807
479.114
480.459
480.492
479.673
480.397
481.146
477.379
477.921
477.123
479.679
480.506
481.757
481.316
479.636
480.639
481.817
479.341
479.010
479.747
482.585
479.193
481.216
477.312
476.446
476.424
474.726
471.443
477.521
477.177
475.137
474.960
475.678
477.249
475.869
476.626
473.989
477.815
476.039
475.208
477.290
476.517
475.487
474.676
477.936
476.597
477.953
474.543
478.454
479.869
478.394
476.536
476.754
475.942
473.680
475.691
474.526
473.514
474.300
476.929
473.550
475.540
473.129
473.738
474.356
473.440
473.389
472.118
472.776
471.450
470.426
474.256
475.263
476.119
476.358
477.438
475.774
476.436
478.301
478.665
479.177
482.092
480.608
485.194
483.492
484.531
482.941
481.856
480.750
484.090
481.785
480.983
479.795
480.207
481.504
477.542
480.250
480.124
480.008
482.175
480.922
480.305
481.843
480.939
479.332
478.148
478.447
482.704
479.290
481.156
479.417
480.661
482.989
474.911
475.530
478.800
478.412
480.921
482.459
483.194
485.997
483.476
480.685
479.777
479.330
482.104
480.557
479.822
479.009
477.284
478.941
481.647
477.692
482.333
480.815
477.886
479.903
478.106
479.675
478.831
478.661
479.908
478.789
479.680
479.207
482.551
480.454
482.838
481.835
482.970
478.451
481.785
475.296
478.733
477.348
485.430
482.866
483.953
486.397
485.636
486.428
487.413
487.582
486.767
483.012
488.001
486.482
484.782
482.279
489.679
488.571
486.339
481.692
482.487
481.111
485.376
481.524
485.091
484.354
484.284
484.420
483.431
485.087
482.191
480.226
478.015
481.637
479.053
478.081
476.227
476.025
477.501
475.262
481.354
482.045
485.197
483.262
481.183
480.861
481.884
485.572
479.157
478.416
478.005
479.236
477.395
482.229
481.687
479.728
481.535
476.502
475.767
476.599
478.135
475.517
477.395
479.944
480.172
480.186
478.303
477.285
479.658
478.497
480.496
476.281
477.797
478.017
475.418
475.786
476.147
476.251
477.554
479.168
476.697
475.161
475.043
473.457
472.261
474.149
477.471
480.400
480.543
477.097
477.165
479.836
478.419
481.921
478.082
478.723
475.922
477.143
478.014
473.602
476.456
481.295
478.077
480.425
478.163
477.733
480.914
477.919
477.301
476.696
477.641
476.399
479.955
478.973
480.223
478.961
478.748
479.485
480.495
480.500
479.372
478.950
480.209
480.609
481.841
480.068
479.297
478.783
479.635
481.229
481.139
479.411
481.010
480.112
480.369
478.977
482.938
481.134
479.737
481.353
476.948
474.144
480.465
477.646
477.054
480.645
479.721
478.039
475.244
476.907
477.064
477.348
477.359
479.010
479.691
481.961
481.062
480.640
480.394
474.685
477.862
476.087
476.373
473.215
473.714
476.601
473.720
473.732
472.939
475.139
476.756
478.922
480.655
479.256
477.098
477.583
477.078
479.221
480.751
479.655
480.064
476.438
477.980
478.368
485.346
480.025
483.504
479.860
479.168
480.090
479.217
481.193
484.003
485.420
485.009
483.112
483.606
484.020
486.668
486.888
488.762
485.319
483.692
483.765
480.299
480.146
481.912
483.679
484.087
482.078
485.160
480.863
479.881
480.723
482.501
482.722
483.208
482.811
483.463
481.968
482.276
482.637
485.546
485.104
487.126
486.388
486.830
487.683
486.743
483.691
483.088
478.273
481.373
481.712
484.404
478.766
483.832
483.429
486.646
482.868
485.680
485.834
483.379
483.375
482.089
486.272
485.222
484.668
483.903
483.730
483.991
482.429
482.231
482.495
484.005
487.409
485.385
484.896
484.779
483.075
487.492
482.213
482.642
484.132
484.196
482.763
484.727
486.141
483.352
488.390
487.008
485.338
483.838
482.652
482.172
482.900
482.095
483.203
485.155
483.892
482.243
480.886
480.131
482.271
477.717
477.853
480.896
480.053
476.452
476.803
479.205
477.482
478.232
479.100
482.642
481.577
479.867
482.427
480.553
474.693
477.131
476.110
477.491
479.684
480.065
479.106
478.055
480.793
477.703
477.983
481.273
480.037
484.005
482.085
483.660
481.169
481.264
480.712
483.747
483.533
484.897
484.637
484.802
485.502
483.205
481.902
483.021
481.786
480.884
481.311
483.564
480.731
481.387
481.908
480.899
481.172
484.000
479.864
480.142
483.082
488.538
481.729
483.784
482.232
485.269
485.236
485.980
482.188
485.453
481.235
482.972
479.956
480.691
485.737
485.843
484.483
483.627
486.161
485.269
488.727
492.102
490.742
490.657
493.522
490.147
487.926
488.888
488.171
491.372
487.707
489.591
489.037
488.105
488.660
488.877
488.149
489.185
491.049
489.227
489.502
490.236
491.059
488.264
487.499
486.757
489.757
487.977
486.151
488.790
490.585
489.215
486.346
486.908
484.929
490.275
489.215
492.558
491.570
491.832
490.272
489.208
486.677
485.588
486.282
488.638
486.107
484.892
483.180
483.518
480.398
478.688
479.582
478.105
482.129
482.950
485.930
481.829
486.501
482.764
481.100
478.706
479.074
476.965
475.892
478.994
477.073
476.162
480.300
476.470
476.568
475.889
477.197
475.395
479.710
475.028
478.695
479.439
478.280
478.169
477.747
479.586
475.693
476.862
478.214
476.662
475.284
477.151
475.240
477.010
476.427
474.387
478.587
478.321
478.185
478.565
479.447
478.506
473.038
477.326
478.425
477.019
477.151
477.184
479.902
476.302
477.043
476.982
479.228
476.783
481.588
479.957
477.535
481.114
480.496
482.713
481.003
476.416
480.200
477.901
477.634
479.249
477.633
480.164
477.988
477.792
476.645
476.235
477.998
479.180
478.238
480.562
479.798
478.200
479.154
479.597
480.230
477.548
478.815
477.202
480.511
480.538
478.867
479.987
479.020
485.189
479.946
482.858
484.598
486.420
486.540
485.721
484.938
485.653
485.865
484.975
483.088
483.015
483.790
487.236
483.258
483.357
484.534
484.604
482.832
482.390
487.454
484.299
489.247
486.774
488.216
485.839
485.829
485.770
482.794
486.074
483.953
487.137
489.371
488.363
486.813
487.745
486.054
479.798
481.869
482.097
482.422
483.033
482.399
480.243
481.361
480.184
483.820
484.058
488.577
487.087
484.517
484.293
481.090
482.705
481.208
482.158
484.651
482.289
483.921
483.261
483.248
483.102
483.664
481.927
483.532
478.551
480.492
483.066
481.024
484.107
483.811
486.339
484.901
486.254
485.217
484.517
485.449
488.188
486.493
487.384
487.797
488.965
485.105
486.069
486.846
487.152
487.183
485.115
484.543
489.066
484.794
482.647
486.854
487.580
483.567
486.658
487.588
484.000
490.156
484.805
485.964
486.477
481.143
484.256
484.496
484.685
481.302
485.423
485.898
487.789
491.356
485.183
484.948
484.872
488.246
490.065
489.751
485.935
487.296
486.029
485.501
490.285
488.091
488.237
491.105
490.261
492.411
493.687
487.754
488.336
489.281
486.405
487.133
482.918
485.292
489.019
489.560
486.036
485.310
485.831
484.987
485.287
488.310
489.175
487.641
486.520
489.672
488.201
487.804
485.697
485.607
487.130
491.583
489.366
488.932
490.593
491.080
487.574
485.232
485.733
490.107
489.697
486.597
489.250
489.192
490.966
488.559
488.783
487.143
487.981
487.650
488.864
487.619
487.215
490.235
488.846
489.332
491.082
494.001
495.463
492.615
496.332
492.405
488.407
491.307
493.420
493.758
491.046
491.296
493.215
497.148
495.437
496.473
497.751
492.960
492.651
495.787
498.645
497.926
494.783
490.887
491.310
491.594
492.910
496.333
492.756
490.317
489.534
491.634
490.219
489.816
489.071
487.614
489.367
494.170
488.875
487.432
488.100
488.304
486.566
489.074
487.714
487.847
487.107
488.467
494.317
489.407
491.467
489.785
491.899
488.881
489.114
489.243
486.102
486.309
490.526
489.355
486.523
489.402
487.589
484.750
491.213
490.627
490.201
486.234
489.149
489.494
490.931
484.817
488.878
486.150
489.424
489.201
487.624
488.959
489.375
489.072
484.985
485.788
484.456
484.012
484.255
481.668
488.101
488.825
487.562
489.253
485.368
483.445
482.531
486.503
485.571
488.115
486.168
487.532
484.217
485.859
485.521
486.446
482.386
486.923
486.336
483.984
485.810
486.818
483.800
489.325
486.498
486.007
481.809
483.776
488.673
484.056
484.572
483.640
484.726
481.861
480.737
484.360
487.403
490.208
489.288
486.226
482.171
482.530
482.441
482.654
478.664
478.330
477.455
477.539
479.738
481.466
486.311
480.197
481.516
483.268
481.224
481.801
479.818
478.494
479.521
477.435
475.484
473.123
478.327
474.533
476.626
474.675
475.498
474.037
473.776
474.747
474.321
479.723
475.544
475.468
477.928
477.409
476.811
478.024
481.144
476.473
479.484
477.084
479.237
482.096
480.523
481.727
484.757
482.953
480.708
479.369
476.762
478.161
480.267
480.308
485.298
484.434
481.135
483.128
477.310
479.332
477.950
483.519
476.671
476.846
474.725
476.323
479.349
479.936
480.237
480.150
480.986
484.429
481.190
481.820
481.017
479.730
478.587
479.255
479.111
477.959
475.014
479.517
478.015
478.239
475.383
480.336
481.213
476.716
474.847
476.891
478.993
478.925
477.003
476.437
477.879
473.205
472.859
475.646
473.401
475.923
479.998
480.549
479.859
477.429
480.298
482.982
480.985
482.153
483.750
483.456
481.569
481.479
477.984
479.244
478.493
481.926
478.644
477.007
475.347
478.282
475.409
472.351
475.740
474.498
475.000
472.352
472.651
473.464
474.546
471.995
470.020
470.155
467.890
472.427
473.489
472.432
474.229
469.554
472.707
473.842
472.603
469.945
471.395
471.861
471.158
470.116
470.421
469.698
468.799
471.258
470.007
472.584
472.959
475.247
476.613
475.905
476.992
473.394
474.447
473.967
473.564
471.657
475.082
474.219
474.621
476.160
478.339
477.866
474.340
476.352
478.329
474.178
475.018
474.630
475.545
477.731
473.785
476.701
472.916
474.225
475.307
481.042
478.138
476.323
475.930
475.192
473.371
474.252
473.472
474.916
477.710
476.445
473.734
474.100
476.398
476.663
477.455
477.553
480.242
477.098
474.113
476.993
477.021
479.710
479.452
481.188
480.388
479.212
476.306
476.350
476.398
476.300
476.089
479.237
477.681
476.242
475.913
476.256
478.390
478.946
478.049
477.980
478.039
476.594
477.615
478.474
475.315
477.384
475.144
475.374
476.938
476.644
476.330
478.932
479.301
479.287
481.217
481.389
481.800
481.414
482.113
482.337
480.138
479.937
479.812
476.479
477.303
476.514
475.472
477.837
480.316
478.280
477.740
477.368
476.335
481.740
482.402
477.786
477.427
480.388
478.244
479.428
479.595
482.557
481.293
483.588
482.366
481.012
481.906
483.541
480.206
484.234
482.322
479.287
477.922
476.275
478.673
481.768
480.083
476.142
481.981
479.942
480.697
480.912
483.496
483.161
478.872
483.581
480.957
482.024
482.695
480.280
483.788
481.099
477.770
476.120
475.844
479.325
478.212
476.100
478.267
479.496
480.246
478.063
479.454
479.315
481.577
482.253
480.827
477.725
481.978
481.332
480.831
481.340
480.736
480.809
479.096
480.996
481.068
480.431
475.691
478.414
478.717
473.393
472.755
477.050
478.560
474.509
473.364
474.393
476.349
473.888
479.491
477.399
476.690
478.395
478.299
478.094
479.318
479.902
479.593
482.059
479.913
480.229
481.090
477.864
479.465
477.642
480.898
479.145
475.123
479.984
476.439
480.617
478.003
479.326
476.302
476.948
482.064
481.046
480.601
480.617
482.078
481.268
481.660
482.108
481.769
479.776
483.324
484.255
485.724
485.840
483.593
480.045
479.170
481.818
484.431
482.431
481.738
487.912
483.895
482.854
480.623
480.500
485.127
482.445
482.016
480.517
484.927
484.447
485.985
484.557
482.225
485.475
484.040
483.453
488.366
485.570
482.638
480.545
479.623
480.205
479.265
481.296
482.694
485.054
483.214
484.372
482.378
480.942
478.847
477.819
481.612
479.784
483.767
480.361
482.118
480.889
481.299
481.348
480.329
483.640
481.868
479.853
481.028
483.015
482.105
482.706
479.253
481.796
482.770
480.278
478.144
475.913
478.933
480.575
480.316
479.247
479.415
480.507
480.233
481.258
478.697
481.387
478.218
476.730
474.841
475.560
476.589
475.801
475.256
477.413
475.084
476.476
478.995
474.078
477.295
479.982
480.218
476.580
479.426
477.236
480.179
476.819
480.510
477.308
477.453
479.217
475.583
476.694
473.868
476.936
473.588
476.164
478.545
474.848
478.049
476.751
481.028
476.514
476.765
478.013
475.000
477.467
476.456
474.206
473.627
473.416
475.109
474.720
474.786
474.685
473.093
475.740
477.802
477.349
478.422
478.075
474.638
476.492
477.094
476.490
474.685
475.126
475.510
477.278
477.024
480.662
478.016
477.667
478.111
474.099
476.303
475.027
477.284
478.187
475.381
477.573
475.355
476.299
477.696
476.652
477.974
482.450
477.886
477.114
478.590
478.394
477.896
475.563
477.756
477.764
478.329
481.021
478.361
480.866
478.457
480.037
481.988
484.376
481.500
480.790
478.115
478.170
478.389
478.932
477.182
477.815
476.542
477.202
475.154
473.887
473.738
474.622
474.019
474.288
474.202
470.356
472.848
472.374
474.119
473.659
474.218
474.799
472.271
470.966
472.309
473.313
476.743
472.925
475.365
472.468
475.194
476.646
474.203
475.101
478.487
477.845
478.314
476.938
474.240
477.189
476.620
477.037
475.016
471.884
475.003
472.854
477.207
478.283
476.071
477.009
477.477
477.161
475.304
473.979
473.596
476.339
474.872
478.093
473.812
475.707
474.458
474.112
473.295
476.261
476.817
476.761
473.405
474.518
478.678
477.124
478.607
474.059
476.475
474.433
473.352
474.776
473.506
473.803
472.129
475.197
478.318
472.724
473.238
472.087
472.515
477.406
475.072
474.943
474.930
477.703
476.913
478.444
475.144
475.379
475.501
474.608
475.575
477.143
478.247
479.221
478.417
480.766
477.330
474.864
478.060
479.714
479.454
477.385
478.114
478.861
476.591
473.492
476.032
477.602
480.238
475.503
478.770
478.511
481.323
481.936
478.668
476.844
476.866
478.481
478.664
474.254
475.999
477.689
474.935
477.505
475.613
476.939
476.443
477.106
476.533
476.996
475.953
474.455
476.664
480.065
477.331
475.547
478.399
478.912
480.196
479.297
477.341
476.328
480.141
478.363
477.890
477.306
481.020
478.601
479.329
477.201
478.257
479.081
479.119
479.295
476.423
480.529
477.596
480.870
481.143
478.812
479.334
477.732
477.526
477.863
477.686
476.993
476.780
476.634
473.445
477.879
474.753
477.126
479.241
479.334
480.602
477.894
477.965
477.659
479.228
478.596
475.998
475.428
474.680
475.242
476.219
481.863
480.892
480.905
477.337
482.654
477.038
480.776
480.137
479.486
478.241
478.107
477.099
477.421
478.959
478.118
479.660
478.730
478.658
480.024
478.931
477.624
479.140
476.430
480.348
477.570
477.191
477.829
476.544
476.676
477.332
480.859
480.310
481.427
482.304
481.813
482.621
480.348
481.462
485.296
488.440
486.507
486.114
485.123
482.580
485.180
479.644
484.046
485.540
485.980
483.770
484.653
483.129
483.312
483.579
483.280
481.366
480.192
479.831
482.091
477.384
475.792
476.628
477.039
480.173
478.404
476.732
480.456
480.989
476.883
478.407
477.703
477.714
474.483
477.257
479.939
474.773
476.946
475.519
476.868
476.901
479.169
475.821
474.791
480.467
474.438
479.594
476.240
479.169
478.642
476.995
478.636
478.223
478.211
479.996
480.768
478.493
480.059
478.726
480.112
481.350
478.070
481.107
477.510
479.592
479.164
480.714
480.319
479.556
474.708
477.266
474.110
475.956
476.528
479.927
479.153
481.354
477.353
478.139
476.689
478.217
475.582
478.383
475.437
479.831
475.176
476.577
474.040
474.260
475.690
476.857
474.997
478.862
473.902
475.927
481.609
478.520
475.392
478.745
483.175
483.159
481.105
484.350
482.915
481.326
482.127
479.704
481.515
479.834
478.110
480.771
480.021
479.102
475.306
476.430
479.229
477.982
476.245
476.586
476.161
479.060
481.034
482.092
472.838
474.414
479.569
479.013
478.289
479.356
475.932
475.243
473.523
476.079
475.179
476.283
476.014
477.674
478.605
477.999
477.886
476.958
477.334
475.929
475.322
472.746
474.739
476.376
476.807
479.849
477.021
476.343
476.970
476.165
477.429
476.934
480.262
479.332
478.352
482.347
482.421
478.443
480.700
481.686
477.767
478.156
480.376
478.648
477.182
475.422
474.368
477.444
476.166
473.919
477.050
475.848
471.513
475.383
477.812
478.414
475.629
476.560
478.016
476.852
476.794
473.449
474.132
477.951
476.472
475.872
478.623
476.762
477.051
477.207
475.786
475.764
474.339
473.944
475.969
478.279
476.322
474.359
478.941
477.607
474.036
476.523
477.734
479.920
480.811
481.216
477.619
476.627
478.477
474.539
473.224
478.352
476.499
475.629
476.102
478.224
475.107
478.647
479.808
478.774
478.398
473.773
476.289
477.918
483.675
476.553
476.034
479.966
474.458
476.587
474.945
475.810
478.650
479.201
479.208
481.827
483.164
482.206
483.471
482.729
480.255
481.234
482.065
483.188
482.659
481.632
479.156
482.832
480.926
484.336
481.815
480.472
479.975
478.926
482.334
482.922
482.996
483.468
483.921
483.704
487.033
484.833
484.248
482.539
481.489
486.036
480.125
482.840
476.658
477.841
477.867
479.457
483.194
482.834
482.093
477.515
480.429
482.770
474.543
481.436
479.639
477.716
477.557
476.889
481.030
478.624
479.361
476.257
475.409
474.963
475.720
475.676
474.841
473.644
476.591
478.900
480.337
477.616
480.042
474.449
472.973
473.299
476.973
477.718
476.191
473.809
477.581
477.408
476.876
476.070
476.600
473.724
476.154
476.587
477.342
478.060
476.234
477.644
478.268
478.281
478.534
475.060
474.966
476.356
476.308
473.947
474.893
476.195
479.226
477.685
477.377
478.965
476.234
475.869
476.997
481.049
477.719
476.466
477.530
478.039
473.987
475.669
475.744
478.699
479.055
477.201
475.200
476.851
476.642
477.788
477.643
481.045
478.211
478.609
474.281
477.541
478.267
476.915
476.018
476.074
479.398
480.387
481.623
479.790
481.782
481.439
478.140
479.150
480.265
478.598
479.254
480.300
474.761
476.362
478.065
474.485
477.260
478.891
481.165
479.062
475.923
477.635
478.509
476.309
477.300
476.097
479.765
480.302
477.411
475.594
476.358
477.159
481.394
478.031
477.803
480.107
475.801
477.559
481.883
477.961
477.454
478.386
477.652
477.480
477.701
477.285
477.493
477.962
474.239
478.033
476.748
478.737
478.111
479.559
484.288
479.692
481.188
483.947
484.629
481.028
480.467
477.487
483.240
483.936
482.407
481.401
480.963
480.221
481.992
483.790
482.206
483.351
483.094
484.196
482.238
486.237
484.553
483.496
484.334
485.193
483.641
485.688
481.790
483.214
479.752
487.248
487.588
484.293
485.543
487.989
485.332
483.501
481.714
482.254
483.947
482.802
480.743
483.398
483.568
482.821
487.583
487.163
486.686
485.879
489.026
488.620
488.906
485.466
483.767
484.805
481.982
481.694
485.254
484.795
486.970
489.709
485.615
482.147
485.263
485.525
484.522
483.731
486.146
481.959
481.001
487.202
487.331
486.644
481.380
484.941
484.513
483.524
486.274
484.050
484.732
485.319
482.925
484.568
484.460
485.704
485.453
480.235
482.571
483.799
486.480
485.737
487.260
483.780
487.790
488.452
486.219
484.813
485.258
486.126
484.626
487.653
488.435
486.061
484.993
485.027
481.199
481.671
484.639
482.524
481.994
482.076
482.532
481.969
484.830
484.118
482.748
484.656
485.437
483.538
483.741
484.740
483.201
490.437
488.935
489.820
488.966
483.427
485.757
487.135
485.276
485.397
483.244
483.641
484.364
481.962
481.794
487.255
485.546
485.752
487.130
485.946
486.600
486.993
488.166
486.581
485.992
484.489
483.875
483.765
485.012
484.092
482.756
488.218
485.896
487.679
485.022
486.062
486.105
488.210
481.237
488.128
485.056
487.279
488.022
486.916
486.995
487.580
491.000
487.559
486.395
484.591
482.954
484.904
484.043
485.299
487.264
489.817
484.475
484.647
487.744
485.477
484.512
487.218
485.207
482.559
482.467
485.157
484.854
484.221
485.709
484.250
483.490
485.926
482.499
481.749
483.128
482.918
486.136
484.579
485.442
484.924
485.878
485.202
485.017
486.114
486.750
486.121
486.426
484.071
486.445
489.796
493.781
489.383
494.875
490.902
489.028
485.396
485.312
488.568
487.690
485.169
488.163
487.791
491.466
489.473
488.160
491.000
486.584
489.347
491.938
489.048
489.132
490.877
493.433
492.282
485.249
488.258
482.544
483.717
484.876
490.110
487.670
491.287
487.377
487.351
485.330
487.240
484.522
486.093
486.790
487.818
487.481
482.816
486.863
490.349
487.739
487.938
486.897
488.003
486.355
482.182
482.450
484.631
484.476
485.769
487.837
485.270
480.965
485.527
485.150
484.480
485.072
482.125
482.089
479.583
483.516
483.087
482.749
484.566
485.108
481.539
483.671
480.232
484.991
484.120
479.300
479.534
481.291
480.637
478.604
480.059
479.556
482.333
484.611
480.776
481.276
486.374
484.802
479.171
479.816
476.851
480.258
478.675
480.453
482.940
483.873
484.559
479.456
479.485
481.939
480.461
482.966
479.841
479.254
483.692
480.663
483.033
484.268
486.134
481.958
480.378
484.214
481.492
482.633
481.999
482.790
484.739
484.481
483.956
483.775
483.915
482.781
481.430
482.445
476.017
479.618
481.085
480.697
485.288
481.846
481.934
477.774
479.409
476.002
480.993
481.801
477.893
484.367
481.886
480.819
480.682
481.411
478.322
484.511
482.519
479.378
482.676
482.219
483.988
482.753
483.789
481.993
483.297
484.416
481.512
485.351
483.240
481.865
485.503
487.001
488.638
486.434
486.027
484.601
483.367
482.117
482.046
484.846
485.797
486.327
485.935
488.126
484.431
485.640
482.145
485.336
480.997
484.885
485.333
482.186
483.289
483.343
479.568
480.323
480.478
479.385
482.136
482.505
484.187
483.983
489.020
488.460
485.854
484.306
485.280
484.218
480.943
482.275
487.539
483.902
482.419
483.886
484.253
488.166
490.728
491.529
489.754
490.953
486.961
484.471
486.123
487.063
484.676
481.158
479.968
484.110
480.726
482.304
484.003
483.540
485.553
484.425
485.343
483.861
487.339
489.687
485.881
486.549
482.934
483.879
482.440
483.525
484.017
484.047
484.851
486.527
484.640
487.378
487.190
482.753
481.514
484.519
485.187
483.644
484.993
484.241
482.524
479.859
479.552
479.029
478.236
482.759
478.536
478.545
481.907
481.441
483.584
481.725
485.642
482.943
483.645
487.738
485.393
485.532
490.627
487.101
488.088
488.730
491.149
491.243
485.064
487.099
482.435
484.434
487.474
484.529
485.525
485.129
485.259
482.388
482.767
484.421
484.968
483.923
483.300
488.159
487.467
484.396
486.409
486.113
483.534
483.614
484.226
489.765
487.970
483.399
483.083
482.034
480.520
483.071
482.733
483.208
482.378
482.184
484.970
482.411
480.150
482.535
476.596
478.108
480.622
481.230
481.332
480.394
481.717
482.334
478.624
481.360
485.936
485.338
483.783
486.432
482.562
482.329
479.678
479.355
483.621
483.833
484.363
483.556
476.635
481.822
482.572
479.953
481.490
484.604
479.068
482.465
484.530
483.239
483.667
484.931
486.509
484.710
484.711
484.888
487.164
486.405
485.792
484.365
484.282
486.295
490.782
492.262
488.646
484.165
487.798
484.534
485.726
487.162
484.876
483.437
489.533
486.062
486.147
487.605
484.807
484.127
485.405
488.411
490.903
485.937
486.275
486.171
487.039
484.714
484.532
484.932
484.139
485.106
487.061
486.555
486.618
485.961
482.289
480.207
481.236
483.029
482.292
484.933
485.668
483.845
482.720
484.985
484.446
483.981
479.987
484.142
479.002
478.863
480.611
480.824
476.991
478.374
481.365
483.164
478.768
478.876
481.472
482.889
479.105
478.842
478.335
475.744
477.993
478.888
480.769
481.691
479.227
480.135
482.799
482.850
479.711
484.628
481.497
483.254
482.952
484.865
482.140
485.522
481.204
480.400
481.736
478.532
478.421
482.998
483.062
480.351
479.889
481.111
478.780
482.001
481.801
479.322
484.614
480.665
482.677
487.104
486.012
486.522
485.478
482.174
482.908
485.968
483.001
484.693
482.074
485.088
486.746
486.436
484.847
484.132
482.887
484.592
483.466
482.061
483.764
485.561
486.954
480.378
483.387
486.586
485.980
487.650
491.006
487.022
482.942
482.472
480.487
482.567
485.571
480.872
479.044
483.829
480.903
482.075
481.027
479.350
477.984
478.477
476.623
475.954
476.977
476.035
478.536
483.689
482.373
486.255
486.098
482.423
479.586
476.258
480.486
478.319
481.676
484.352
483.813
480.683
480.695
483.691
481.547
481.496
482.578
483.257
482.543
484.460
480.706
481.603
485.626
486.812
488.270
483.439
485.496
483.943
481.600
481.898
487.897
486.658
483.473
484.798
485.110
488.428
488.353
484.185
485.553
486.283
487.906
486.704
492.912
490.738
491.137
491.680
485.919
486.519
490.015
488.926
485.348
486.513
484.525
485.788
489.450
486.693
485.759
489.657
486.579
491.248
490.459
491.363
491.080
490.033
490.871
489.671
485.013
487.819
489.827
490.159
486.857
490.592
492.265
489.027
485.504
486.504
485.589
490.151
488.448
486.369
489.180
490.933
485.627
487.298
488.761
488.217
488.643
489.836
487.539
487.467
484.997
487.474
484.438
487.893
490.496
489.672
490.126
490.233
490.183
489.728
488.782
487.074
490.678
488.597
493.222
489.547
493.744
491.531
495.327
490.220
489.656
493.549
491.507
493.671
493.688
492.742
490.013
492.398
490.592
490.700
488.957
495.206
499.069
497.238
499.118
499.654
495.199
497.055
497.562
495.728
496.547
492.289
495.477
492.624
492.884
492.574
489.985
493.027
490.526
494.176
494.269
494.798
491.634
487.966
490.450
490.131
490.980
496.599
491.866
490.191
492.293
493.596
490.890
492.311
490.805
491.592
492.641
493.136
490.486
495.509
493.841
496.288
493.984
495.076
491.984
493.067
491.823
490.350
490.326
487.245
488.498
494.252
492.622
489.190
494.445
496.066
495.889
490.356
492.909
490.236
488.700
490.108
491.634
490.225
491.652
491.297
488.927
489.040
486.414
490.356
487.171
488.604
488.324
487.325
488.327
486.595
489.836
488.932
486.081
489.250
486.278
490.581
488.527
485.063
487.026
485.090
482.538
485.986
486.814
486.769
485.043
484.374
487.209
483.614
486.638
487.987
483.515
485.007
488.855
484.759
482.270
483.056
485.737
487.316
489.298
483.813
481.722
486.180
487.549
484.053
484.494
480.536
484.470
483.641
481.860
481.236
484.136
483.332
482.612
480.751
481.216
480.792
482.364
479.617
480.982
484.158
485.389
483.023
484.691
484.713
485.291
485.501
486.285
482.285
481.916
481.353
485.484
485.742
485.336
482.326
480.554
483.713
484.508
480.492
478.741
484.695
482.307
481.496
482.643
482.955
488.125
487.690
487.127
487.504
487.637
487.233
487.822
481.651
485.468
481.904
485.223
485.683
483.850
484.747
484.694
483.914
480.839
487.223
483.946
481.524
486.618
483.273
481.387
481.685
484.469
487.156
483.579
483.757
483.123
486.121
485.086
481.426
484.243
484.403
484.180
484.523
484.124
484.820
490.294
488.692
489.792
489.625
489.676
488.289
488.689
489.907
487.736
489.416
489.482
489.452
490.551
490.090
493.429
491.778
489.886
490.492
488.679
489.090
489.029
486.575
483.847
488.070
488.529
491.745
492.647
493.781
488.249
490.951
489.577
489.519
491.173
493.605
490.919
487.967
491.607
492.579
490.725
491.218
492.886
490.370
490.710
487.700
490.069
488.176
494.769
492.808
488.496
488.938
492.403
493.115
489.426
487.044
489.379
489.588
487.957
492.539
491.848
492.920
489.010
487.493
488.307
491.698
485.173
490.394
488.924
488.221
492.627
488.541
491.855
491.713
489.898
490.659
491.309
488.469
491.139
489.136
486.314
489.262
484.411
490.955
486.620
484.648
484.979
482.175
485.475
485.946
488.360
486.341
485.773
485.405
488.547
488.422
488.346
486.552
488.454
485.626
485.484
483.241
482.703
490.140
490.041
487.040
488.587
487.677
487.886
489.585
486.275
488.884
486.102
486.761
485.557
487.306
484.896
485.555
484.975
488.517
488.818
488.902
488.566
487.592
484.869
485.056
486.013
487.445
486.245
483.599
488.542
482.672
478.885
485.587
482.808
482.838
478.598
477.863
480.413
479.596
482.263
478.907
477.246
480.591
482.109
485.235
486.774
482.339
484.503
484.035
481.355
483.525
485.452
482.494
483.174
486.127
485.277
487.624
488.253
485.307
482.466
484.928
487.317
486.445
487.140
482.642
482.168
482.834
483.542
484.336
486.491
483.689
483.411
482.556
482.361
482.599
487.171
485.522
486.098
487.912
486.736
488.156
488.281
488.599
489.473
488.314
486.722
488.438
491.353
489.480
487.038
485.356
485.713
488.544
486.488
490.119
488.435
491.627
490.073
492.832
489.831
490.689
489.655
489.163
490.732
494.794
490.465
491.360
487.787
489.457
487.199
491.332
487.433
490.473
488.558
491.411
492.065
494.502
493.060
492.858
491.709
487.049
488.130
489.254
494.025
494.131
489.857
489.321
489.427
486.397
488.151
491.808
488.889
489.127
488.816
485.206
484.919
483.719
486.124
487.411
488.462
491.831
487.714
489.811
490.069
491.304
491.318
491.291
488.419
487.645
488.736
491.518
488.049
495.055
489.373
488.303
485.401
493.009
491.021
486.476
488.673
488.775
490.928
488.057
490.110
488.139
488.107
490.326
485.890
486.183
485.864
488.283
487.883
489.437
487.596
488.985
489.397
491.866
489.722
491.842
491.768
490.138
484.803
490.798
485.830
488.585
488.188
485.939
488.844
489.231
490.371
489.919
489.071
488.994
487.023
487.674
490.682
492.120
489.136
486.941
487.124
482.683
491.095
488.186
485.586
488.256
487.892
486.180
486.529
488.157
486.283
485.467
489.435
485.120
486.730
482.792
486.088
486.231
487.012
485.753
484.748
485.882
482.874
483.728
483.706
481.071
485.834
481.188
481.283
480.892
479.397
477.490
478.620
481.078
481.793
480.993
485.398
483.432
482.882
480.915
482.011
481.401
477.982
480.302
481.488
486.017
485.236
485.489
485.443
486.391
484.490
479.357
481.572
482.299
485.316
484.723
487.272
485.928
486.320
482.293
482.811
481.994
479.056
481.426
477.954
482.111
483.844
482.479
482.340
480.585
481.609
479.010
480.461
479.286
484.136
481.166
481.497
480.037
480.564
479.453
476.889
476.549
478.419
480.127
478.795
482.529
481.082
481.508
480.788
481.195
480.709
480.078
482.899
481.904
480.555
480.555
483.619
483.747
486.228
483.148
483.847
484.588
482.469
485.503
482.942
485.090
485.001
482.656
480.989
480.912
481.698
486.386
485.062
484.618
482.167
482.346
483.735
481.489
483.028
481.045
482.805
484.131
481.656
481.413
481.517
481.932
480.163
479.635
483.306
478.897
480.123
481.447
483.534
482.919
477.588
479.249
483.317
480.963
478.373
477.325
480.400
480.951
476.061
480.459
480.479
480.631
480.144
477.268
479.914
477.061
479.004
475.718
478.224
481.909
482.422
479.073
478.606
479.180
479.611
479.770
480.401
481.089
477.428
482.365
475.236
479.322
482.881
481.628
483.174
483.614
481.296
480.847
481.152
483.878
482.529
485.921
485.963
480.068
481.947
476.468
478.755
482.054
478.894
483.702
482.116
482.587
481.770
478.994
483.492
479.405
479.881
481.272
483.542
480.996
478.533
478.352
477.874
479.589
479.095
478.642
479.485
478.606
478.503
477.328
475.554
479.492
479.485
476.827
479.131
483.345
477.115
478.040
479.035
477.183
475.864
479.028
474.447
479.433
472.749
476.046
474.011
474.643
476.378
476.264
477.577
477.460
479.570
478.059
480.334
477.058
472.481
475.437
475.941
476.530
474.947
479.574
480.955
481.733
480.301
483.615
479.550
478.450
473.689
480.647
475.369
477.499
476.878
481.443
478.025
479.531
478.071
478.340
478.063
482.878
481.924
477.756
477.768
480.810
480.417
478.397
480.921
476.751
480.085
481.239
480.007
478.519
482.644
481.033
480.788
481.454
483.285
479.661
482.281
