1.34833
1.35834
1.34908
1.35449
1.35116
1.35128
1.3555
1.35243
1.34759
1.35011
1.34867
1.35526
1.34798
1.35223
1.34827
1.35114
1.35245
1.35387
1.35582
1.35971
1.35407
1.35769
1.35737
1.36052
1.36182
1.35248
1.35558
1.35833
1.35786
1.35885
1.35328
1.35472
1.35878
1.35152
1.355
1.35134
1.34712
1.35111
1.35564
1.35436
1.35594
1.35454
1.3475
1.34917
1.34889
1.3478
1.34854
1.34672
1.35167
1.3463
1.34795
1.34799
1.35892
1.35259
1.35145
1.35494
1.34869
1.3548
1.35128
1.35248
1.3493
1.34867
1.35119
1.35091
1.35277
1.34646
1.35029
1.34835
1.34914
1.34622
1.34621
1.3518
1.34063
1.34709
1.35067
1.35176
1.35077
1.34908
1.34677
1.34932
1.35032
1.34913
1.34757
1.33159
1.3513
1.34944
1.34788
1.34657
1.34254
1.34554
1.34997
1.34633
1.3433
1.34685
1.3427
1.35422
1.3457
1.34696
1.34633
1.34881
1.35237
1.35022
1.34186
1.34771
1.34475
1.34776
1.35133
1.34863
1.34748
1.35238
1.34339
1.33963
1.34009
1.34327
1.33836
1.34761
1.34998
1.34986
1.34354
1.34537
1.34798
1.34715
1.34264
1.34299
1.34271
1.33875
1.34365
1.35004
1.3471
1.34372
1.34668
1.34587
1.35124
1.34621
1.34322
1.35095
1.34737
1.34329
1.34252
1.34266
1.33575
1.34087
1.34203
1.33453
1.33636
1.33974
1.34411
1.34272
1.34737
1.34141
1.34154
1.34219
1.34358
1.33844
1.34086
1.34637
1.33776
1.33955
1.33864
1.33622
1.33395
1.34007
1.33977
1.34329
1.3388
1.33758
1.33485
1.3372
1.33266
1.33506
1.34313
1.33688
1.33305
1.33952
1.33331
1.33862
1.34053
1.34177
1.34061
1.3332
1.33557
1.34069
1.33608
1.33132
1.34122
1.33548
1.33665
1.33468
1.33551
1.33941
1.33738
1.33853
1.33746
1.3415
1.33352
1.33088
1.34091
1.33835
1.33707
1.33361
1.34136
1.33682
1.34331
1.33524
1.34853
1.33821
1.33942
1.33747
1.32942
1.33566
1.33808
1.33864
1.34095
1.33882
1.33395
1.33209
1.33569
1.33617
1.34245
1.32773
1.32789
1.33368
1.33478
1.33868
1.32677
1.33905
1.32964
1.34377
1.33641
1.33522
1.33081
1.33631
1.33637
1.33019
1.33067
1.32763
1.32264
1.32553
1.33103
1.32861
1.33247
1.3292
1.33378
1.33546
1.32298
1.33037
1.33329
1.33667
1.33312
1.3309
1.33311
1.3343
1.32895
1.32818
1.3256
1.3305
1.32288
1.32967
1.32076
1.33021
1.32803
1.33197
1.32649
1.32167
1.32691
1.33162
1.32649
1.32833
1.32716
1.32644
1.32959
1.32333
1.32595
1.32987
1.33392
1.33642
1.33463
1.33498
1.32699
1.325
1.32763
1.3295
1.3284
1.33179
1.33407
1.33081
1.3284
1.32647
1.33055
1.33008
1.32788
1.33351
1.32227
1.3331
1.32908
1.32565
1.32623
1.32463
1.32369
1.3313
1.3257
1.32813
1.32948
1.33049
1.32797
1.33456
1.33312
1.33107
1.32941
1.32396
1.32507
1.33283
1.32979
1.32512
1.32131
1.3263
1.32316
1.32991
1.32978
1.33372
1.33231
1.32866
1.32824
1.32768
1.32879
1.32602
1.32911
1.32721
1.32997
1.32044
1.33078
1.33236
1.33674
1.33511
1.33727
1.33759
1.33738
1.33452
1.33575
1.32948
1.33236
1.33482
1.33381
1.33109
1.33067
1.33298
1.32648
1.33379
1.32733
1.33538
1.33821
1.33448
1.33458
1.33573
1.33381
1.32905
1.33448
1.32941
1.3369
1.33643
1.33459
1.32956
1.32997
1.32777
1.33133
1.33177
1.33675
1.33052
1.33153
1.33214
1.32674
1.3289
1.33506
1.33509
1.33321
1.3327
1.3342
1.33105
1.32912
1.32941
1.335
1.32835
1.33412
1.32694
1.33559
1.32893
1.33347
1.33385
1.33709
1.33668
1.33702
1.33845
1.3374
1.33798
1.33194
1.3331
1.33413
1.34052
1.33691
1.33604
1.34249
1.33062
1.3331
1.33152
1.33628
1.33561
1.33919
1.32601
1.33035
1.33565
1.33392
1.33857
1.33446
1.33515
1.3323
1.32852
1.33535
1.33258
1.32898
1.33989
1.33782
1.33377
1.33191
1.33443
1.34222
1.33261
1.3305
1.33724
1.3371
1.33721
1.33097
1.33221
1.32101
1.32208
1.32957
1.33736
1.33046
1.33318
1.33712
1.33076
1.33526
1.33737
1.32719
1.32558
1.33996
1.3322
1.33185
1.33943
1.33522
1.3318
1.33431
1.33547
1.3294
1.33875
1.33351
1.33979
1.34154
1.34293
1.33292
1.33095
1.33244
1.33424
1.33261
1.3357
1.33706
1.33485
1.34511
1.33883
1.3419
1.33787
1.33367
1.3342
1.33983
1.33418
1.34363
1.3473
1.34535
1.33408
1.33418
1.33457
1.34026
1.34826
1.33484
1.33761
1.33768
1.3305
1.34295
1.34192
1.34636
1.3415
1.33833
1.34186
1.34961
1.34711
1.34559
1.34587
1.34389
1.33272
1.34141
1.34126
1.34202
1.34126
1.34362
1.3361
1.34324
1.33631
1.34882
1.3434
1.34291
1.34085
1.34328
1.3395
1.34539
1.34093
1.33659
1.34689
1.34117
1.34247
1.3393
1.33767
1.34395
1.34355
1.33919
1.33956
1.34588
1.34785
1.34378
1.34951
1.34407
1.35039
1.35226
1.3509
1.34554
1.35053
1.35227
1.34733
1.34403
1.34155
1.33849
1.33982
1.34365
1.34853
1.34622
1.34165
1.35327
1.34613
1.34779
1.34901
1.35306
1.34746
1.3448
1.3453
1.35441
1.35013
1.35088
1.34494
1.34556
1.35046
1.3533
1.34514
1.34478
1.34399
1.33719
1.34788
1.34385
1.34504
1.34392
1.34156
1.34203
1.34464
1.3512
1.34292
1.34419
1.34607
1.34484
1.34908
1.34995
1.34654
1.3501
1.34659
1.34596
1.34309
1.34862
1.34535
1.34865
1.34085
1.33931
1.33598
1.34125
1.34583
1.34752
1.34599
1.3392
1.33998
1.34249
1.3382
1.33944
1.33822
1.34497
1.33885
1.34277
1.34412
1.33297
1.34023
1.33554
1.342
1.34567
1.33918
1.34075
1.33896
1.33731
1.34026
1.34363
1.33752
1.34013
1.34731
1.34266
1.33867
1.34486
1.3453
1.33909
1.33872
1.34269
1.34597
1.34462
1.34535
1.35075
1.35145
1.3524
1.35117
1.345
1.3412
1.33993
1.34393
1.35229
1.35359
1.34765
1.35149
1.34326
1.34516
1.34939
1.34436
1.34844
1.34171
1.34507
1.33838
1.33857
1.33936
1.34434
1.34225
1.34829
1.33638
1.34618
1.34248
1.34667
1.34618
1.34867
1.34938
1.34889
1.34558
1.34703
1.34988
1.34552
1.34431
1.34144
1.34547
1.3427
1.34838
1.35003
1.34468
1.34936
1.35202
1.34954
1.34557
1.35547
1.35764
1.35147
1.35553
1.34472
1.3461
1.35186
1.34886
1.34595
1.34685
1.35106
1.35165
1.34562
1.34342
1.33634
1.34314
1.34679
1.34245
1.34543
1.34428
1.34838
1.34525
1.34577
1.34268
1.34547
1.34779
1.343
1.3466
1.34719
1.34431
1.34175
1.34844
1.34062
1.34831
1.34568
1.34981
1.35067
1.34141
1.34074
1.34109
1.34433
1.34185
1.34624
1.34069
1.3447
1.34359
1.33863
1.33743
1.34267
1.34913
1.35201
1.34272
1.34297
1.34205
1.35066
1.34924
1.34829
1.34539
1.34578
1.3453
1.34718
1.34926
1.34418
1.34758
1.33894
1.34526
1.34575
1.35383
1.34742
1.34391
1.34314
1.33622
1.34497
1.33875
1.33906
1.34695
1.33596
1.34165
1.34193
1.34478
1.34893
1.34124
1.34232
1.34191
1.34579
1.34002
1.3468
1.34146
1.34106
1.3469
1.34393
1.34944
1.34624
1.34575
1.35233
1.34527
1.34761
1.34151
1.34423
1.34847
1.34732
1.34717
1.34718
1.34646
1.34464
1.33613
1.33893
1.34107
1.33799
1.34291
1.34348
1.34739
1.3423
1.33939
1.33881
1.34175
1.34654
1.33915
1.34719
1.34756
1.33847
1.34124
1.34772
1.34582
1.34056
1.35135
1.34716
1.34591
1.34037
1.3515
1.35193
1.34743
1.35025
1.35008
1.35126
1.34279
1.3483
1.3442
1.34133
1.33882
1.33429
1.33961
1.33988
1.3469
1.33816
1.34178
1.34757
1.34591
1.33787
1.3312
1.33947
1.34265
1.34098
1.33618
1.34072
1.34468
1.34076
1.33668
1.3418
1.3397
1.33826
1.33836
1.33534
1.33842
1.34266
1.34079
1.33519
1.33828
1.34223
1.34001
1.33526
1.33526
1.3363
1.33559
1.33529
1.33954
1.32846
1.34468
1.34174
1.3322
1.33287
1.33921
1.33736
1.33509
1.33782
1.33992
1.34046
1.34332
1.34209
1.34206
1.3364
1.33829
1.33052
1.33952
1.34583
1.3309
1.32954
1.33888
1.33779
1.33671
1.34187
1.3326
1.32979
1.33922
1.32581
1.33289
1.33581
1.33329
1.32976
1.33317
1.33226
1.33187
1.33776
1.33736
1.33885
1.33644
1.33243
1.33448
1.32871
1.33352
1.33149
1.3319
1.3344
1.33331
1.33196
1.33033
1.33563
1.33513
1.3302
1.32991
1.33139
1.33978
1.33303
1.34175
1.33926
1.34215
1.33984
1.33896
1.33831
1.33732
1.34088
1.3394
1.339
1.32959
1.34128
1.34555
1.33764
1.34044
1.34576
1.33717
1.3383
1.34833
1.33538
1.33713
1.34019
1.3412
1.33391
1.33897
1.34459
1.34122
1.34259
1.34651
1.3382
1.33289
1.34222
1.34087
1.34189
1.34472
1.34225
1.34426
1.34744
1.34635
1.34736
1.34401
1.34677
1.33851
1.33804
1.338
1.34275
1.33827
1.34397
1.34204
1.34865
1.35054
1.35008
1.33496
1.33629
1.34263
1.33502
1.33541
1.34702
1.34202
1.33585
1.33788
1.34139
1.34342
1.34221
1.34191
1.34792
1.34599
1.34516
1.33753
1.34098
1.35261
1.33821
1.33836
1.33924
1.34181
1.34631
1.34732
1.34641
1.34596
1.34653
1.34025
1.34495
1.34242
1.34199
1.34557
1.34432
1.33863
1.33918
1.34616
1.35031
1.35063
1.34788
1.3443
1.35278
1.3552
1.34737
1.34487
1.35095
1.34842
1.33671
1.33823
1.34292
1.3429
1.34218
1.35036
1.34908
1.35097
1.34793
1.34997
1.34715
1.35338
1.35011
1.34992
1.34895
1.34753
1.34674
1.3465
1.34848
1.3564
1.34888
1.34436
1.35152
1.35425
1.3478
1.34917
1.34692
1.34239
1.34057
1.34199
1.34521
1.34649
1.34972
1.34204
1.3383
1.3417
1.34019
1.33941
1.33577
1.34139
1.34584
1.34328
1.33727
1.34297
1.34246
1.34298
1.33578
1.33811
1.34163
1.34673
1.34898
1.34071
1.34116
1.34838
1.34576
1.34766
1.35478
1.34653
1.34062
1.3422
1.34
1.34748
1.34625
1.35088
1.35158
1.34635
1.34698
1.34533
1.33537
1.34038
1.34734
1.34785
1.34639
1.34611
1.35031
1.35096
1.34733
1.34865
1.34523
1.35538
1.35369
1.34603
1.34365
1.34965
1.34308
1.34358
1.34481
1.34334
1.34378
1.34044
1.34344
1.3446
1.34458
1.35094
1.34316
1.33949
1.34075
1.3406
1.33976
1.34709
1.34537
1.346
1.35248
1.34998
1.34729
1.34682
1.34806
1.34739
1.34159
1.34764
1.34064
1.34702
1.35368
1.35223
1.34902
1.34642
1.35093
1.35709
1.35334
1.35184
1.34681
1.35007
1.34707
1.34
1.35549
1.34446
1.34722
1.35034
1.34786
1.34676
1.3442
1.34543
1.35265
1.35582
1.3466
1.34365
1.33768
1.34836
1.35364
1.34651
1.34414
1.34542
1.33481
1.34543
1.34366
1.34497
1.34697
1.34999
1.34084
1.34212
1.34264
1.34246
1.34042
1.3419
1.34799
1.34442
1.34574
1.34758
1.34245
1.34763
1.34202
1.33856
1.34038
1.34101
1.3433
1.34016
1.34568
1.33624
1.34389
1.34193
1.34675
1.34245
1.34112
1.34508
1.3466
1.34589
1.34583
1.34424
1.34479
1.34609
1.34498
1.34681
1.35006
1.33609
1.34283
1.34476
1.34224
1.34668
1.35804
1.35012
1.34972
1.34568
1.34807
1.34082
1.35174
1.3485
1.3498
1.34923
1.34506
1.34693
1.3436
1.34194
1.34799
1.34678
1.3423
1.34464
1.34518
1.35504
1.34316
1.34373
1.34216
1.33793
1.33809
1.34284
1.33628
1.33696
1.34009
1.33617
1.33484
1.33536
1.33526
1.345
1.34024
1.34062
1.34265
1.33642
1.33901
1.33632
1.3407
1.33557
1.34611
1.33829
1.33688
1.33235
1.33934
1.3373
1.33566
1.33197
1.33323
1.33727
1.33607
1.34371
1.34291
1.33566
1.34214
1.3422
1.34129
1.33812
1.34528
1.34354
1.34408
1.34346
1.34687
1.34441
1.34345
1.33424
1.34022
1.33554
1.34425
1.34779
1.35
1.3463
1.34184
1.34175
1.34525
1.33898
1.34248
1.34303
1.3456
1.33813
1.33323
1.33977
1.33459
1.34253
1.34123
1.34502
1.3457
1.33912
1.33837
1.33731
1.3401
1.3455
1.34074
1.34162
1.33908
1.34011
1.33061
1.34394
1.34056
1.34461
1.34512
1.33582
1.34444
1.33649
1.33068
1.33918
1.32891
1.33557
1.33801
1.3366
1.33998
1.34285
1.33165
1.33674
1.33029
1.32999
1.33839
1.33908
1.34488
1.33251
1.33839
1.33753
1.33816
1.33563
1.34188
1.337
1.33369
1.33874
1.3413
1.33698
1.34031
1.33037
1.33793
1.34752
1.33995
1.33532
1.33344
1.33398
1.3271
1.33572
1.34229
1.33505
1.33533
1.33654
1.33722
1.34189
1.3366
1.33934
1.33259
1.33135
1.33531
1.33453
1.33582
1.33402
1.33586
1.33972
1.33612
1.34091
1.33882
1.33831
1.33891
1.34137
1.34145
1.33859
1.34187
1.33721
1.34597
1.34673
1.34509
1.34241
1.33503
1.33559
1.33986
1.33978
1.3424
1.34305
1.33048
1.33281
1.33346
1.32983
1.33756
1.3332
1.32984
1.33968
1.3336
1.34056
1.33191
1.33579
1.33382
1.34495
1.34376
1.34202
1.33671
1.33686
1.34658
1.34208
1.34634
1.33328
1.33781
1.34066
1.33573
1.33033
1.33375
1.34003
1.34394
1.33912
1.34007
1.34072
1.34011
1.3442
1.34772
1.34199
1.33892
1.33959
1.34088
1.33858
1.33919
1.33707
1.34253
1.33143
1.33576
1.33513
1.34423
1.32889
1.33411
1.33891
1.33699
1.3339
1.3393
1.33847
1.34277
1.33427
1.33232
1.32827
1.33642
1.33361
1.33716
1.33669
1.3351
1.33142
1.33364
1.32993
1.33466
1.33849
1.33997
1.33942
1.33536
1.33153
1.33425
1.33813
1.3321
1.32971
1.33427
1.33475
1.33813
1.33758
1.33901
1.34362
1.33575
1.344
1.34087
1.34457
1.34223
1.34085
1.33458
1.33669
1.33323
1.3407
1.33972
1.34123
1.33344
1.34333
1.33918
1.33821
1.33739
1.33467
1.32832
1.336
1.34049
1.33326
1.3376
1.34378
1.33453
1.33696
1.33148
1.33042
1.32881
1.32551
1.3277
1.32796
1.32913
1.33237
1.33304
1.33754
1.33565
1.33274
1.32237
1.32838
1.33814
1.33708
1.34049
1.32731
1.33188
1.32835
1.33237
1.33067
1.33419
1.33113
1.33394
1.33767
1.34165
1.33104
1.32777
1.33704
1.33431
1.33808
1.33855
1.33962
1.34649
1.33942
1.34516
1.34088
1.33898
1.34406
1.33206
1.33229
1.33324
1.33865
1.32564
1.33293
1.32985
1.33647
1.33979
1.34016
1.33747
1.3367
1.33798
1.33341
1.33027
1.32772
1.32706
1.33458
1.33102
1.33229
1.3308
1.32313
1.33551
1.34162
1.33642
1.33472
1.33497
1.33916
1.33494
1.3336
1.334
1.33085
1.32675
1.33213
1.33351
1.34243
1.33473
1.33425
1.33411
1.34106
1.33107
1.32822
1.33489
1.33431
1.33036
1.32651
1.33052
1.32637
1.32909
1.32749
1.33022
1.33092
1.32704
1.32867
1.33495
1.33411
1.33386
1.33117
1.33526
1.33292
1.33164
1.33061
1.33708
1.33716
1.33058
1.32316
1.33216
1.33554
1.33621
1.33335
1.33623
1.33609
1.34124
1.33043
1.33478
1.33893
1.33437
1.3414
1.33508
1.32757
1.32638
1.33349
1.33482
1.34025
1.33403
1.33927
1.33289
1.34382
1.33599
1.33775
1.33616
1.34046
1.3415
1.34384
1.33589
1.34047
1.34036
1.34409
1.34206
1.34696
1.34233
1.34092
1.34408
1.34169
1.34313
1.34081
1.33345
1.33679
1.34336
1.33484
1.33285
1.34155
1.34291
1.34232
1.33748
1.33727
1.33218
1.34612
1.33989
1.34139
1.3385
1.33793
1.34339
1.34639
1.34582
1.34485
1.34458
1.34503
1.34651
1.34518
1.34086
1.33917
1.34841
1.34352
1.34681
1.34318
1.33309
1.34142
1.34027
1.34048
1.33998
1.34485
1.34876
1.35032
1.34809
1.34146
1.33584
1.34139
1.33649
1.33821
1.3416
1.34186
1.34387
1.34594
1.33949
1.33823
1.34303
1.34232
1.34756
1.34424
1.34614
1.34414
1.33679
1.33937
1.33332
1.34104
1.33412
1.33356
1.33603
1.33797
1.33126
1.33555
1.34148
1.33966
1.3418
1.33481
1.33375
1.34201
1.33698
1.3385
1.33376
1.34313
1.34112
1.34148
1.33658
1.34644
1.34156
1.34003
1.34401
1.34024
1.33871
1.34545
1.34208
1.3445
1.33845
1.34013
1.3393
1.33935
1.33842
1.34149
1.34409
1.34497
1.34391
1.34464
1.34171
1.34064
1.33829
1.34102
1.34918
1.34324
1.34563
1.34803
1.34396
1.34474
1.3467
1.35385
1.34105
1.34446
1.33777
1.3378
1.34464
1.34727
1.34656
1.34613
1.33298
1.33634
1.33527
1.33438
1.34052
1.33181
1.33959
1.33505
1.33961
1.33271
1.33767
1.33554
1.33823
1.3355
1.34325
1.33539
1.33383
1.34416
1.33537
1.34043
1.34011
1.33789
1.34163
1.33992
1.33518
1.34271
1.34395
1.33856
1.33868
1.34743
1.34941
1.33695
1.34982
1.34713
1.34248
1.34348
1.34315
1.33944
1.33901
1.34442
1.33629
1.33389
1.34633
1.34587
1.34235
1.33557
1.34635
1.34271
1.33839
1.34417
1.3393
1.34679
1.34385
1.34319
1.341
1.34073
1.33995
1.33883
1.343
1.3428
1.33956
1.34073
1.34626
1.34905
1.33651
1.34178
1.34587
1.34417
1.33986
1.3435
1.34254
1.33606
1.34497
1.34601
1.34915
1.34738
1.34515
1.34339
1.34331
1.33876
1.34285
1.34405
1.34123
1.34245
1.34265
1.34407
1.34204
1.34178
1.349
1.3447
1.35306
1.34571
1.35089
1.34547
1.35334
1.34085
1.34643
1.34523
1.34469
1.34791
1.34766
1.35032
1.33902
1.33729
1.34771
1.34468
1.35261
1.34344
1.34376
1.34526
1.34667
1.33979
1.34779
1.33603
1.3417
1.3449
1.34364
1.33873
1.34072
1.33722
1.34066
1.34648
1.35001
1.34778
1.34563
1.34267
1.33949
1.34282
1.33834
1.33832
1.34211
1.34498
1.34913
1.341
1.34702
1.33873
1.33503
1.33807
1.34597
1.34782
1.34814
1.351
1.34453
1.34149
1.34668
1.34786
1.33892
1.34661
1.3428
1.34549
1.34772
1.34523
1.34795
1.34802
1.34769
1.34339
1.34505
1.3424
1.34517
1.34596
1.34728
1.34733
1.34805
1.35301
1.34208
1.34278
1.34572
1.35327
1.34736
1.34351
1.34792
1.34421
1.3443
1.34216
1.34334
1.34965
1.34302
1.34533
1.34098
1.34643
1.34919
1.35141
1.34482
1.34359
1.34791
1.34858
1.33819
1.34628
1.34924
1.34485
1.34649
1.34679
1.35014
1.34846
1.34717
1.35292
1.35054
1.34677
1.34758
1.34729
1.34814
1.34399
1.34658
1.34922
1.34548
1.3505
1.3443
1.34261
1.3498
1.34396
1.34526
1.35292
1.34282
1.34692
1.34324
1.33842
1.34212
1.34349
1.34653
1.34418
1.34421
1.3473
1.34382
1.3471
1.34649
1.33966
1.34224
1.3393
1.3471
1.33087
1.34355
1.34427
1.35343
1.34499
1.3461
1.34827
1.34795
1.3435
1.34324
1.34921
1.34589
1.35201
1.34925
1.33978
1.34449
1.34234
1.34296
1.34727
1.34655
1.33932
1.34086
1.34332
1.33793
1.34354
1.3464
1.35096
1.34443
1.34266
1.33947
1.34262
1.34375
1.34595
1.34627
1.34477
1.35211
1.35019
1.34595
1.3419
1.33996
1.34956
1.35181
1.34184
1.35067
1.34697
1.34013
1.35048
1.34173
1.34712
1.34355
1.34548
1.34556
1.3513
1.34377
1.3464
1.35327
1.35291
1.35162
1.34366
1.344
1.34476
1.33585
1.33711
1.33872
1.34087
1.33972
1.34114
1.33634
1.35171
1.34676
1.34575
1.35092
1.34393
1.34277
1.34467
1.346
1.3438
1.34705
1.34436
1.33349
1.34418
1.3418
1.343
1.34204
1.34325
1.3418
1.34273
1.34386
1.33753
1.3433
1.34069
1.34234
1.34544
1.34552
1.34467
1.33833
1.34251
1.34306
1.34145
1.34445
1.33785
1.34149
1.33349
1.34208
1.34313
1.34485
1.34126
1.34179
1.34367
1.34696
1.33995
1.34496
1.34111
1.34755
1.33661
1.34668
1.34312
1.34584
1.34946
1.34559
1.34563
1.34555
1.34769
1.34839
1.33946
1.35173
1.34479
1.34507
1.3417
1.34489
1.34053
1.34309
1.33909
1.33522
1.34373
1.34165
1.34315
1.34316
1.3473
1.34946
1.34422
1.34167
1.34519
1.34021
1.34487
1.34134
1.34177
1.34788
1.34616
1.34382
1.33893
1.34936
1.34548
1.35086
1.35283
1.34065
1.34014
1.35107
1.34496
1.33688
1.33866
1.34251
1.34858
1.34211
1.34406
1.35406
1.34651
1.35559
1.35191
1.34763
1.3451
1.34707
1.34893
1.35122
1.34342
1.35147
1.34966
1.35178
1.34733
1.34551
1.33998
1.33852
1.34192
1.34694
1.34436
1.34426
1.3433
1.34512
1.34246
1.34726
1.34889
1.34671
1.34916
1.34642
1.34578
1.34439
1.34682
1.34829
1.34954
1.35689
1.3475
1.34806
1.34875
1.35348
1.35449
1.35147
1.34689
1.34984
1.34942
1.34794
1.34416
1.33717
1.33496
1.3509
1.34679
1.35125
1.34652
1.34242
1.34779
1.34922
1.3468
1.3518
1.34935
1.35001
1.35245
1.34771
1.34916
1.35406
1.34796
1.35208
1.34539
1.35183
1.34998
1.34466
1.34646
1.34374
1.34447
1.34944
1.3505
1.34
1.34674
1.34992
1.35475
1.35087
1.34881
1.34735
1.34466
1.34595
1.35288
1.3491
1.35215
1.34573
1.3593
1.35162
1.36156
1.35233
1.34934
1.34924
1.34268
1.35291
1.35221
1.35699
1.35263
1.34644
1.35306
1.35037
1.34667
1.34668
1.3361
1.34803
1.36082
1.35832
1.35485
1.35183
1.35742
1.35148
1.36071
1.35056
1.36212
1.35646
1.35246
1.35157
1.34936
1.35129
1.35654
1.35725
1.34515
1.34703
1.34229
1.34761
1.34779
1.34581
1.3488
1.352
1.34462
1.34461
1.35125
1.34619
1.34732
1.3465
1.35436
1.35221
1.3503
1.34837
1.3476
1.35118
1.3455
1.35097
1.3451
1.34973
1.35148
1.35071
1.34897
1.34161
1.35253
1.35282
1.35237
1.34288
1.3534
1.34854
1.35152
1.34353
1.34282
1.34478
1.34685
1.3574
1.35323
1.35808
1.34375
1.35102
1.34908
1.34071
1.34744
1.3411
1.34299
1.34445
1.34682
1.35093
1.34948
1.35484
1.34871
1.34167
1.34594
1.34774
1.34601
1.34084
1.34964
1.3396
1.33721
1.33572
1.33621
1.34176
1.34559
1.3355
1.33948
1.33437
1.34471
1.34515
1.34601
1.34498
1.34391
1.34009
1.34894
1.34493
1.33587
1.3438
1.3455
1.34747
1.33887
1.34199
1.34513
1.34941
1.35141
1.34975
1.34974
1.34308
1.34298
1.35138
1.34823
1.34395
1.34593
1.33855
1.34301
1.33976
1.34781
1.33733
1.34147
1.34327
1.33788
1.34221
1.34419
1.34192
1.33765
1.34007
1.33581
1.33915
1.33982
1.3424
1.33632
1.342
1.34046
1.33536
1.34314
1.3402
1.34015
1.33747
1.33565
1.33444
1.33648
1.34348
1.33222
1.3371
1.33942
1.34185
1.33668
1.3438
1.34163
1.33988
1.33911
1.34381
1.33478
1.33532
1.33361
1.33921
1.33803
1.34033
1.34362
1.3394
1.34556
1.33614
1.33854
1.33561
1.33924
1.33937
1.34198
1.33288
1.33622
1.33787
1.33803
1.34709
1.34335
1.34531
1.34685
1.33948
1.34164
1.33575
1.33939
1.34277
1.34306
1.34993
1.3474
1.34564
1.34258
1.34428
1.34666
1.33687
1.34159
1.34345
1.34518
1.34173
1.34057
1.33966
1.3404
1.33789
1.34
1.34281
1.34353
1.34074
1.34204
1.34516
1.34018
1.33866
1.34738
1.34105
1.33785
1.33979
1.3472
1.347
1.3429
1.34275
1.34659
1.34648
1.34027
1.33784
1.33159
1.342
1.33844
1.33906
1.34295
1.34226
1.34152
1.33832
1.33986
1.34517
1.34723
1.33933
1.34488
1.34369
1.33826
1.34255
1.34815
1.34348
1.34268
1.34925
1.34903
1.35177
1.34658
1.34746
1.33944
1.34745
1.33664
1.34145
1.34212
1.34451
1.35058
1.34441
1.34499
1.34423
1.34944
1.34133
1.33862
1.34691
1.34322
1.34802
1.33639
1.34329
1.3412
1.34044
1.3358
1.34054
1.34291
1.34364
1.34409
1.33879
1.3455
1.3385
1.33292
1.33494
1.33896
1.34461
1.34123
1.33686
1.33898
1.33986
1.34845
1.3496
1.34859
1.33913
1.34243
1.34406
1.3426
1.34858
1.35308
1.35322
1.34561
1.34629
1.33866
1.34372
1.34599
1.33986
1.3393
1.34355
1.35058
1.34645
1.35141
1.34255
1.34571
1.34727
1.34221
1.34468
1.34084
1.34765
1.34692
1.34697
1.34382
1.34652
1.34154
1.34189
1.34147
1.35535
1.34895
1.35148
1.35125
1.34504
1.35169
1.35186
1.35245
1.35162
1.35346
1.35309
1.34653
1.34919
1.3508
1.34577
1.34356
1.34307
1.3507
1.34407
1.34686
1.3496
1.3468
1.34734
1.35404
1.34979
1.34634
1.35304
1.35013
1.34482
1.34489
1.35241
1.35166
1.34743
1.35231
1.35154
1.34652
1.34431
1.34254
1.34778
1.34388
1.34783
1.3445
1.34883
1.34877
1.34334
1.34817
1.3434
1.34978
1.35034
1.35078
1.35269
1.35362
1.35286
1.34736
1.35121
1.34083
1.34857
1.34266
1.33812
1.34659
1.34053
1.35002
1.3456
1.35354
1.34249
1.34572
1.34228
1.3446
1.34896
1.35127
1.34708
1.34788
1.34606
1.3515
1.3461
1.35062
1.3503
1.34546
1.3478
1.34887
1.3468
1.348
1.34551
1.35472
1.34203
1.3478
1.34277
1.34405
1.34668
1.33635
1.34124
1.34952
1.34653
1.34639
1.34609
1.3478
1.3448
1.34276
1.3506
1.34272
1.34082
1.3391
1.3456
1.33945
1.33804
1.34347
1.34308
1.35032
1.34466
1.3433
1.33963
1.34051
1.34295
1.35065
1.3379
1.34454
1.34466
1.34482
1.35172
1.3548
1.35484
1.35162
1.33982
1.34232
1.34053
1.34474
1.34503
1.34273
1.34457
1.34868
1.34941
1.34581
1.34561
1.34391
1.34185
1.34992
1.34673
1.34534
1.34688
1.33833
1.34198
1.35166
1.34192
1.34114
1.34732
1.34243
1.34024
1.34087
1.34192
1.33719
1.34359
1.34551
1.34258
1.34376
1.33828
1.33729
1.34155
1.33723
1.33936
1.33713
1.33885
1.34714
1.33492
1.34268
1.34662
1.34873
1.34387
1.33584
1.33347
1.33961
1.3284
1.33546
1.33775
1.33521
1.33749
1.337
1.3444
1.341
1.34233
1.33217
1.34175
1.34135
1.33423
1.33948
1.34264
1.34509
1.33775
1.34196
1.34608
1.34184
1.34788
1.34349
1.33991
1.35305
1.34507
1.33997
1.34612
1.34527
1.3421
1.34871
1.34596
1.34881
1.34253
1.35063
1.34112
1.34176
1.34312
1.3458
1.34494
1.34353
1.33882
1.34045
1.35077
1.34276
1.34601
1.34617
1.33782
1.34374
1.34015
1.334
1.33943
1.34797
1.34343
1.34431
1.33948
1.3372
1.33707
1.34018
1.35035
1.3371
1.33746
1.34294
1.34095
1.33458
1.33183
1.34053
1.34331
1.34738
1.34947
1.34444
1.34199
1.34707
1.34431
1.34637
1.34738
1.34123
1.33722
1.33984
1.34299
1.34472
1.34115
1.34229
1.3476
1.34963
1.35107
1.34186
1.35177
1.34573
1.34809
1.35665
1.34668
1.34572
1.34892
1.34722
1.34996
1.35262
1.3518
1.35682
1.35064
1.34164
1.34112
1.33951
1.3317
1.34548
1.34769
1.34361
1.34735
1.34544
1.34358
1.35083
1.35211
1.35619
1.3482
1.35261
1.35106
1.35254
1.34313
1.34868
1.34918
1.34439
1.35089
1.34762
1.34764
1.34937
1.35025
1.35219
1.35264
1.3573
1.35027
1.35192
1.35032
1.3437
1.34121
1.35055
1.3489
1.34665
1.35042
1.35044
1.34957
1.34904
1.35167
1.33955
1.34864
1.34848
1.3499
1.34084
1.34494
1.34838
1.34798
1.34822
1.35512
1.35181
1.34597
1.34843
1.34717
1.34746
1.34855
1.34904
1.35068
1.34806
1.34591
1.34422
1.34832
1.34359
1.34539
1.35703
1.34969
1.34824
1.35016
1.35396
1.35175
1.34712
1.35528
1.35309
1.35185
1.34787
1.35008
1.34766
1.34571
1.35092
1.34916
1.35826
1.35371
1.35581
1.35296
1.35675
1.35876
1.34424
1.34978
1.35394
1.34927
1.34828
1.34187
1.34968
1.34921
1.34832
1.34901
1.34701
1.34364
1.35341
1.34719
1.35612
1.34995
1.35039
1.35266
1.35267
1.3529
1.34802
1.34983
1.34646
1.35232
1.34724
1.35612
1.34912
1.34334
1.3533
1.34724
1.35121
1.34126
1.34741
1.35392
1.34385
1.34375
1.35281
1.34433
1.34976
1.34972
1.34853
1.3499
1.35113
1.34686
1.34886
1.3516
1.35138
1.34561
1.34731
1.3556
1.35249
1.3513
1.34883
1.34522
1.35633
1.34775
1.35615
1.35002
1.35339
1.35828
1.35835
1.35138
1.35736
1.35355
1.35218
1.35364
1.35615
1.35381
1.35312
1.35234
1.36003
1.3502
1.35769
1.35783
1.35633
1.35325
1.3499
1.35381
1.34813
1.34896
1.34386
1.35358
1.34676
1.34948
1.35176
1.3534
1.35521
1.35765
1.35166
1.35462
1.34969
1.3518
1.34355
1.35546
1.35043
1.35536
1.35234
1.35458
1.35384
1.35219
1.35048
1.3484
1.34602
1.34426
1.35298
1.3504
1.35591
1.35413
1.35158
1.34946
1.35735
1.35786
1.35735
1.35234
1.34702
1.34931
1.3437
1.34769
1.34885
1.35196
1.35009
1.35001
1.3454
1.34521
1.34395
1.351
1.34597
1.3472
1.34878
1.34354
1.34874
1.33919
1.34716
1.34173
1.34949
1.35482
1.34617
1.35195
1.34894
1.34801
1.35319
1.34851
1.3502
1.34739
1.35022
1.35585
1.35402
1.35002
1.34573
1.33942
1.34314
1.34642
1.34818
1.34671
1.34537
1.34723
1.34125
1.34562
1.34769
1.34629
1.35024
1.35251
1.35241
1.34803
1.34115
1.34886
1.35217
1.34181
1.3374
1.34642
1.34833
1.34542
1.33791
1.34679
1.34709
1.34831
1.35043
1.34732
1.34475
1.35668
1.34962
1.36149
1.34694
1.34749
1.3461
1.34716
1.34938
1.35343
1.35076
1.35483
1.35632
1.35191
1.35148
1.35118
1.34505
1.35437
1.35012
1.35646
1.3557
1.35123
1.35105
1.35124
1.35003
1.35415
1.35119
1.35602
1.35813
1.35445
1.3566
1.35473
1.35504
1.35263
1.34652
1.34324
1.3441
1.35027
1.35541
1.35611
1.35249
1.35573
1.35329
1.34844
1.35275
1.35554
1.35015
1.35169
1.35117
1.3509
1.34726
1.34606
1.34333
1.34845
1.35159
1.35003
1.3532
1.34865
1.35254
1.34841
1.34768
1.34591
1.33797
1.34299
1.35583
1.34415
1.35133
1.35338
1.35438
1.34717
1.3513
1.34598
1.34744
1.35081
1.35354
1.35025
1.34413
1.34928
1.35737
1.36117
1.35723
1.35741
1.35934
1.3529
1.35363
1.34634
1.3483
1.34943
1.34753
1.35455
1.34473
1.34682
1.35295
1.34874
1.34465
1.34982
1.34953
1.35508
1.34833
1.34481
1.34517
1.34856
1.33937
1.34846
1.34993
1.3456
1.35433
1.34572
1.34978
1.35031
1.36042
1.35348
1.35329
1.34605
1.3502
1.34258
1.34537
1.35401
1.35293
1.35684
1.34565
1.34984
1.34357
1.34738
1.34345
1.34803
1.34291
1.34657
1.34913
1.34843
1.34612
1.35528
1.35128
1.3438
1.33849
1.35065
1.34825
1.34346
1.3514
1.34543
1.34454
1.34882
1.35417
1.34896
1.35054
1.3522
1.35033
1.35093
1.35188
1.35401
1.35568
1.34824
1.34344
1.34315
1.33933
1.34368
1.34637
1.34327
1.34865
1.34704
1.34651
1.34688
1.34871
1.35584
1.35085
1.34604
1.3476
1.34889
1.35012
1.35868
1.35434
1.34732
1.35169
1.34857
1.34154
1.35208
1.35353
1.34899
1.34717
1.34631
1.35328
1.35068
1.34618
1.35122
1.35392
1.34731
1.34777
1.34349
1.35172
1.34393
1.35019
1.34829
1.34828
1.34549
1.35168
1.35592
1.36066
1.3489
1.35657
1.35041
1.35367
1.35056
1.35317
1.34443
1.34631
1.34744
1.35435
1.35402
1.35372
1.35679
1.35895
1.35702
1.35664
1.35518
1.35347
1.35165
1.35482
1.3451
1.34657
1.35121
1.35356
1.34876
1.34978
1.34942
1.35197
1.36207
1.35556
1.35735
1.35517
1.3535
1.34939
1.35446
1.34595
1.36204
1.34931
1.35517
1.35324
1.3527
1.34806
1.35194
1.35076
1.34952
1.35711
1.34788
1.34859
1.35004
1.35354
1.34976
1.35243
1.34739
1.35227
1.35204
1.35505
1.36015
1.35646
1.35305
1.3543
1.35244
1.35224
1.34603
1.35137
1.35227
1.3515
1.3554
1.35714
1.35104
1.36032
1.35736
1.35661
1.35663
1.35034
1.34642
1.35072
1.35316
1.34668
1.35378
1.35327
1.35285
1.35151
1.35279
1.34809
1.3524
1.34999
1.34463
1.34377
1.35629
1.35592
1.35131
1.35122
1.35282
1.35457
1.3487
1.34971
1.34799
1.34701
1.35289
1.3494
1.35131
1.35172
1.34905
1.35181
1.35044
1.34607
1.35317
1.34518
1.34653
1.35436
1.35236
1.34993
1.35539
1.34647
1.35333
1.35027
1.3596
1.35144
1.34906
1.35137
1.35607
1.34451
1.35
1.35348
1.34315
1.35256
1.35845
1.34588
1.35207
1.35086
1.3539
1.34762
1.34097
1.34681
1.35189
1.35685
1.35451
1.35002
1.36082
1.3576
1.35724
1.35441
1.35323
1.35327
1.35059
1.34579
1.35384
1.35635
1.35003
1.35012
1.35604
1.34895
1.35212
1.35459
1.35567
1.34949
1.35543
1.35173
1.35979
1.35504
1.359
1.35304
1.35823
1.34834
1.35053
1.34867
1.36137
1.34941
1.34896
1.34817
1.35334
1.35594
1.35889
1.35217
1.34872
1.35346
1.35615
1.35392
1.35031
1.35549
1.35477
1.34859
1.35282
1.35146
1.35421
1.34905
1.35422
1.35155
1.34914
1.35058
1.33916
1.34903
1.35047
1.35015
1.34406
1.34698
1.3506
1.35055
1.34969
1.34926
1.35105
1.34409
1.35109
1.35401
1.35434
1.34959
1.34744
1.35132
1.35475
1.34981
1.34965
1.35477
1.3504
1.35073
1.35376
1.34943
1.35012
1.34987
1.3542
1.35131
1.34699
1.35257
1.3544
1.35711
1.35429
1.34685
1.34837
1.34758
1.35066
1.35474
1.34713
1.3521
1.35506
1.34729
1.34909
1.35031
1.35202
1.35127
1.35918
1.34821
1.35565
1.34398
1.34269
1.34441
1.34262
1.34584
1.34584
1.34962
1.35082
1.34827
1.35385
1.34726
1.34911
1.34964
1.3483
1.35179
1.35377
1.35046
1.34984
1.34133
1.35009
1.35691
1.35259
1.3451
1.34234
1.3482
1.35093
1.34451
1.35479
1.35563
1.35125
1.35119
1.35246
1.35435
1.35386
1.34474
1.34556
1.3517
1.35171
1.34931
1.35254
1.35442
1.3591
1.35624
1.35436
1.35193
1.34514
1.35289
1.35556
1.35209
1.34923
1.34782
1.3518
1.34377
1.35175
1.34716
1.34212
1.34423
1.34105
1.35077
1.34763
1.34627
1.35414
1.34887
1.35361
1.3508
1.34551
1.34923
1.34845
1.35341
1.34756
1.34554
1.34702
1.34931
1.34823
1.34649
1.35116
1.34734
1.35283
1.34865
1.34845
1.34628
1.33979
1.34488
1.3464
1.3448
1.34938
1.35029
1.3457
1.34984
1.35797
1.35498
1.35478
1.35401
1.34991
1.35063
1.35111
1.34592
1.35181
1.35277
1.34553
1.34543
1.3613
1.34547
1.34708
1.34822
1.34531
1.35128
1.34908
1.34136
1.34921
1.34452
1.34125
1.34989
1.35066
1.34326
1.34221
1.34674
1.34687
1.34583
1.34979
1.34258
1.35601
1.34534
1.34962
1.35136
1.34719
1.35574
1.36187
1.34576
1.34968
1.35081
1.35033
1.35204
1.3412
1.34198
1.34723
1.3529
1.34755
1.34804
1.34103
1.35093
1.34794
1.35076
1.35034
1.348
1.34201
1.34395
1.3558
1.3481
1.35206
1.35247
1.35752
1.35036
1.34859
1.35248
1.34602
1.33816
1.34516
1.34011
1.34477
1.35222
1.3421
1.34743
1.34854
1.34347
1.34981
1.35298
1.3448
1.34564
1.33826
1.35005
1.34554
1.34586
1.35038
1.34958
1.34935
1.34687
1.3486
1.35234
1.34387
1.34008
1.34214
1.34706
1.35137
1.35518
1.35048
1.35256
1.35058
1.35008
1.34761
1.3451
1.35289
1.35036
1.35019
1.3495
1.34346
1.34611
1.34542
1.35616
1.35217
1.35097
1.34798
1.3497
1.34795
1.35053
1.34562
1.34796
1.34279
1.34652
1.35146
1.3477
1.34856
1.34924
1.34464
1.34513
1.34415
1.3471
1.34033
1.34303
1.34625
1.3363
1.34357
1.34429
1.3426
1.34722
1.33957
1.33799
1.34836
1.34588
1.34476
1.34515
1.34912
1.34921
1.34171
1.35171
1.34914
1.33957
1.3436
1.34862
1.33898
1.34376
1.34868
1.3424
1.35178
1.3374
1.34191
1.34938
1.34919
1.35175
1.34828
1.35717
1.34467
1.34939
1.34606
1.34655
1.34476
1.34612
1.34734
1.34597
1.34646
1.34964
1.34347
1.34854
1.35241
1.35306
1.34535
1.34841
1.34164
1.34303
1.35757
1.35692
1.35504
1.34753
1.34984
1.34887
1.3449
1.352
1.34742
1.34955
1.3466
1.34541
1.34394
1.34592
1.35007
1.34801
1.34871
1.35092
1.349
1.35009
1.35381
1.35
1.35581
1.3557
1.35322
1.34473
1.3395
1.34802
1.34751
1.34409
1.34573
1.35096
1.35046
1.34638
1.35137
1.35145
1.34289
1.34559
1.33959
1.34163
1.34983
1.34701
1.35122
1.34195
1.34925
1.34774
1.34842
1.34412
1.34671
1.34613
1.35546
1.3518
1.34599
1.34989
1.34965
1.35157
1.35436
1.35219
1.34522
1.34743
1.34801
1.34741
1.34641
1.34554
1.34504
1.34887
1.34956
1.34887
1.34211
1.34865
1.35092
1.34822
1.35094
1.34786
1.34909
1.34456
1.34445
1.34298
1.34611
1.35017
1.3444
1.34462
1.34308
1.34483
1.34899
1.34642
1.35358
1.34696
1.34889
1.34268
1.35301
1.35137
1.35458
1.35206
1.34497
1.34645
1.34344
1.34939
1.35269
1.34885
1.35141
1.3552
1.34547
1.3541
1.34766
1.34822
1.35028
1.35181
1.36
1.35262
1.34965
1.35475
1.35234
1.35475
1.34354
1.35005
1.35369
1.35511
1.34381
1.35506
1.34384
1.35668
1.35602
1.35573
1.35093
1.34802
1.35466
1.35248
1.35425
1.34904
1.35446
1.35118
1.35034
1.34737
1.35287
1.34247
1.35125
1.35563
1.34529
1.34751
1.35099
1.34888
1.35086
1.35283
1.35478
1.35243
1.35738
1.34956
1.35667
1.35849
1.34572
1.35239
1.34611
1.35663
1.34671
1.35607
1.35218
1.34985
1.35459
1.35493
1.35186
1.35116
1.35559
1.35451
1.35384
1.3518
1.35308
1.35163
1.36333
1.35134
1.34878
1.35098
1.35404
1.34537
1.34888
1.35048
1.35147
1.34513
1.35364
1.3497
1.35644
1.35544
1.35007
1.35292
1.34959
1.35604
1.35548
1.35359
1.35715
1.3495
1.36163
1.3498
1.35733
1.35643
1.3592
1.35586
1.3556
1.35536
1.35198
1.35424
1.35169
1.35682
1.34889
1.36141
1.35112
1.35844
1.35917
1.35609
1.35509
1.36111
1.35039
1.35471
1.36094
1.35888
1.35651
1.35252
1.35369
1.35698
1.34718
1.35422
1.35076
1.35736
1.35639
1.35383
1.34976
1.35628
1.35331
1.34808
1.34816
1.35277
1.35435
1.35587
1.35174
1.35337
1.35831
1.36124
1.35968
1.34778
1.35298
1.35525
1.35154
1.34693
1.35229
1.35263
1.36292
1.35087
1.35598
1.35783
1.3659
1.36024
1.34916
1.36123
1.34898
1.35394
1.36159
1.3519
1.35972
1.35324
1.35724
1.3557
1.35293
1.36007
1.35368
1.34676
1.35496
1.35336
1.35954
1.35203
1.34595
1.34768
1.3468
1.35251
1.3519
1.3547
1.34705
1.3469
1.35291
1.35302
1.35291
1.34496
1.35831
1.35687
1.36081
1.35462
1.35468
1.35712
1.3562
1.35371
1.34507
1.35138
1.35123
1.35605
1.35206
1.35185
1.34895
1.35664
1.35934
1.35088
1.35731
1.35248
1.363
1.35319
1.35748
1.35381
1.35499
1.3536
1.35138
1.35265
1.35761
1.3556
1.35919
1.35771
1.35926
1.35572
1.35063
1.3554
1.35383
1.3557
1.35173
1.35734
1.34817
1.34985
1.35566
1.35055
1.35015
1.34996
1.35414
1.35338
1.35177
1.35488
1.34559
1.34516
1.34963
1.34982
1.34569
1.35222
1.3503
1.35487
1.35157
1.34872
1.35299
1.35791
1.35467
1.35675
1.35331
1.35038
1.3546
1.35614
1.35139
1.35135
1.35379
1.36374
1.35487
1.36211
1.36127
1.35732
1.35439
1.35802
1.35244
1.36234
1.35605
1.3502
1.35589
1.351
1.34795
1.35371
1.35471
1.35735
1.35268
1.35201
1.34689
1.34434
1.35696
1.35345
1.35562
1.3518
1.34772
1.34748
1.35303
1.34805
1.34787
1.34501
1.3504
1.35103
1.35359
1.35071
1.35827
1.35312
1.35101
1.34948
1.348
1.35807
1.34997
1.34879
1.35591
1.35524
1.35212
1.35882
1.35163
1.34937
1.35162
1.35369
1.35335
1.35602
1.3507
1.35263
1.35505
1.34763
1.35454
1.35238
1.3544
1.35198
1.35527
1.35791
1.35729
1.35464
1.35066
1.34797
1.35266
1.35673
1.35629
1.36167
1.35309
1.35539
1.35911
1.35549
1.35097
1.35174
1.3563
1.35854
1.3578
1.35741
1.35852
1.35603
1.35414
1.35722
1.35821
1.35833
1.3529
1.35693
1.34619
1.35334
1.35048
1.35414
1.35093
1.34591
1.34549
1.35712
1.35401
1.35942
1.35827
1.35197
1.35438
1.35141
1.36152
1.35257
1.35956
1.3589
1.35614
1.3561
1.35409
1.35381
1.35047
1.34885
1.3549
1.35598
1.35732
1.35176
1.34819
1.35533
1.36036
1.35831
1.35518
1.35429
1.36109
1.35612
1.35565
1.3535
1.35091
1.34941
1.3523
1.35564
1.3488
1.35658
1.35563
1.35527
1.34602
1.35244
1.35418
1.35277
1.34696
1.35118
1.3465
1.34358
1.34668
1.35257
1.35007
1.35397
1.3545
1.35475
1.35501
1.35884
1.35135
1.36056
1.35179
1.3552
1.35335
1.35507
1.34806
1.3602
1.3543
1.35811
1.35198
1.355
1.36073
1.35924
1.35948
1.3482
1.36233
1.36309
1.35665
1.36086
1.35358
1.35788
1.35526
1.35943
1.3513
1.35743
1.35984
1.35397
1.35873
1.35657
1.36117
1.36153
1.3611
1.35686
1.35184
1.34942
1.35236
1.35973
1.35233
1.35217
1.35585
1.35275
1.36395
1.35213
1.3537
1.35175
1.35287
1.36059
1.36014
1.36389
1.35696
1.35597
1.35833
1.35881
1.35535
1.3573
1.35606
1.35262
1.35737
1.35882
1.35768
1.35705
1.35216
1.35269
1.3438
1.34852
1.34952
1.35198
1.3504
1.35257
1.35436
1.34853
1.35223
1.34904
1.3558
1.35001
1.34512
1.35073
1.34843
1.35214
1.35281
1.35441
1.34283
1.35457
1.34951
1.34815
1.35045
1.34995
1.35612
1.35385
1.35938
1.356
1.35429
1.34531
1.35053
1.3487
1.35732
1.35709
1.3518
1.35796
1.35266
1.34937
1.35499
1.35127
1.35068
1.35408
1.3567
1.35743
1.35193
1.35658
1.35546
1.35103
1.35483
1.35611
1.34997
1.353
1.36196
1.34862
1.35699
1.35662
1.34705
1.34886
1.3504
1.35333
1.35821
1.35124
1.35291
1.35311
1.35129
1.35336
1.35001
1.35058
1.35645
1.35133
1.35208
1.34996
1.35217
1.35597
1.35485
1.36087
1.3601
1.35049
1.35406
1.35428
1.34967
1.34696
1.34782
1.34948
1.34988
1.35491
1.35412
1.35804
1.35102
1.35645
1.35183
1.35082
1.35187
1.35341
1.35453
1.35984
1.35018
1.35531
1.35379
1.34869
1.35638
1.35512
1.34661
1.34881
1.35166
1.35224
1.34812
1.35586
1.3483
1.34603
1.34949
1.34205
1.35329
1.34483
1.34776
1.34669
1.35184
1.35391
1.35292
1.34839
1.3501
1.35063
1.34484
1.34728
1.35128
1.35342
1.35105
1.34954
1.34779
1.34811
1.34671
1.34916
1.35059
1.35381
1.35622
1.35354
1.35436
1.35268
1.35563
1.34775
1.34737
1.35208
1.35114
1.35586
1.35517
1.35158
1.35755
1.34918
1.34683
1.35572
1.35543
1.34924
1.35828
1.3561
1.34918
1.35118
1.35217
1.35975
1.35109
1.35112
1.34921
1.35494
1.35861
1.35625
1.35526
1.3457
1.352
1.35255
1.35443
1.35725
1.35162
1.34766
1.35449
1.35217
1.35834
1.3612
1.34779
1.35211
1.34658
1.35246
1.35047
1.3571
1.35683
1.35863
1.35409
1.35362
1.35521
1.35429
1.35374
1.35172
1.3521
1.34723
1.35305
1.35931
1.35183
1.35565
1.35195
1.34755
1.35841
1.35398
1.35461
1.35214
1.35066
1.35928
1.35002
1.34751
1.35223
1.35274
1.34841
1.35369
1.35531
1.35676
1.34379
1.35275
1.35386
1.34628
1.353
1.3534
1.34858
1.35241
1.34782
1.34913
1.35795
1.35201
1.34795
1.3536
1.35235
1.3513
1.34812
1.35296
1.35987
1.35399
1.35686
1.35539
1.35774
1.35147
1.34579
1.3542
1.35776
1.35133
1.35168
1.36094
1.3583
1.35416
1.35261
1.3556
1.35649
1.35485
1.34872
1.35812
1.34423
1.35327
1.36271
1.36019
1.35869
1.35664
1.35331
1.35792
1.3424
1.34315
1.34241
1.34595
1.349
1.34279
1.3483
1.34464
1.35591
1.35011
1.34773
1.35245
1.35561
1.35046
1.35301
1.35215
1.35004
1.35257
1.35987
1.3571
1.35566
1.35456
1.35656
1.35964
1.35121
1.35939
1.35407
1.3578
1.35383
1.35854
1.35168
1.35368
1.35193
1.35358
1.3527
1.3479
1.35125
1.34989
1.3487
1.34983
1.35102
1.35257
1.35292
1.35213
1.34437
1.34743
1.35209
1.34663
1.3541
1.35288
1.35358
1.3587
1.34892
1.34889
1.35704
1.35312
1.34746
1.35021
1.35106
1.35156
1.34988
1.35195
1.34887
1.35146
1.34996
1.35459
1.35304
1.34693
1.3507
1.35763
1.35861
1.35257
1.35666
1.35562
1.3533
1.3552
1.35008
1.34605
1.35436
1.35733
1.35965
1.36332
1.35796
1.34353
1.35048
1.34954
1.35182
1.34939
1.35044
1.35654
1.35733
1.35228
1.3532
1.34877
1.34966
1.35243
1.35803
1.35114
1.354
1.35807
1.35355
1.36162
1.358
1.35734
1.35894
1.35238
1.35313
1.35681
1.3585
1.35231
1.3498
1.36303
1.35616
1.35614
1.35006
1.3551
1.3527
1.35471
1.35535
1.35257
1.35273
1.35062
1.35314
1.36015
1.35157
1.35491
1.35697
1.35164
1.3439
1.34908
1.35246
1.35176
1.34975
1.34736
1.34693
1.35249
1.35066
1.35195
1.35431
1.35252
1.35579
1.3578
1.35221
1.36208
1.35165
1.35364
1.35672
1.35277
1.35042
1.35911
1.35812
1.34935
1.34923
1.3581
1.35357
1.35409
1.34533
1.35423
1.351
1.35125
1.34576
1.34974
1.35253
1.35628
1.36217
1.35652
1.352
1.35547
1.35491
1.35529
1.35375
1.3493
1.34731
1.35086
1.35309
1.35713
1.35658
1.35882
1.34571
1.35165
1.35096
1.34767
1.35455
1.34911
1.34788
1.3525
1.34916
1.34987
1.35671
1.35642
1.35598
1.3543
1.35415
1.35015
1.35653
1.35681
1.35803
1.35206
1.35624
1.36093
1.36175
1.35242
1.35289
1.34809
1.35207
1.35364
1.35609
1.35251
1.34723
1.35511
1.35937
1.35078
1.35393
1.35464
1.35067
1.35843
1.34791
1.35114
1.35674
1.34979
1.34977
1.35325
1.35479
1.35912
1.34794
1.35735
1.35702
1.35508
1.35448
1.35783
1.3545
1.36
1.35676
1.35812
1.35279
1.35831
1.35819
1.35139
1.35824
1.35208
1.35242
1.3553
1.35648
1.35835
1.35315
1.35442
1.35551
1.35041
1.35243
1.34649
1.36309
1.35357
1.35559
1.35536
1.35824
1.35627
1.34831
1.35533
1.35776
1.35419
1.35377
1.35081
1.35728
1.36126
1.35428
1.3563
1.35376
1.351
1.35723
1.3532
1.35122
1.35645
1.35367
1.35771
1.35469
1.35456
1.3558
1.35402
1.35542
1.35065
1.35849
1.34871
1.35107
1.34971
1.35275
1.35423
1.3533
1.35026
1.34759
1.34928
1.35271
1.35055
1.35073
1.35049
1.35004
1.35394
1.34712
1.34923
1.3463
1.35422
1.34565
1.3523
1.34739
1.35355
1.35232
1.35235
1.34156
1.34699
1.35323
1.34191
1.3574
1.35924
1.35581
1.35238
1.35655
1.35551
1.35526
1.35126
1.34081
1.34618
1.35488
1.35074
1.35064
1.35553
1.34811
1.35559
1.35385
1.34821
1.35118
1.35051
1.35223
1.35172
1.34817
1.3496
1.35161
1.3441
1.34314
1.35035
1.35104
1.34821
1.34595
1.34058
1.35474
1.35109
1.35436
1.35302
1.35577
1.35075
1.34836
1.34685
1.34079
1.35113
1.35119
1.34921
1.34483
1.35517
1.35644
1.35112
1.35468
1.35332
1.35963
1.34958
1.35398
1.35414
1.35348
1.35851
1.35683
1.35435
1.3512
1.35741
1.34959
1.35091
1.35498
1.35079
1.3584
1.3485
1.34718
1.35774
1.35272
1.3552
1.34792
1.35681
1.35196
