0.9321
0.93249
0.921835
0.923354
0.915105
0.909418
0.914184
0.918821
0.913925
0.911735
0.920468
0.922471
0.922571
0.927931
0.913674
0.908416
0.916758
0.911405
0.910327
0.914832
0.909719
0.913381
0.909592
0.920216
0.930804
0.923234
0.919629
0.914927
0.928093
0.932907
0.933779
0.931112
0.929822
0.932719
0.936282
0.9357
0.937852
0.936113
0.929848
0.921966
0.927523
0.927824
0.921423
0.918908
0.913328
0.913817
0.910619
0.910587
0.914368
0.909163
0.917359
0.918152
0.920207
0.914821
0.918984
0.914312
0.921247
0.916833
0.92361
0.925061
0.920764
0.926026
0.929337
0.929156
0.937578
0.932948
0.927191
0.922076
0.926835
0.929896
0.934191
0.939631
0.939363
0.938529
0.940347
0.937393
0.940387
0.940325
0.939679
0.949373
0.944509
0.950901
0.950952
0.955565
0.949166
0.960405
0.962218
0.961703
0.955531
0.962917
0.957358
0.957256
0.956412
0.964828
0.960161
0.961761
0.952956
0.960037
0.951309
0.952002
0.958099
0.947575
0.941709
0.947117
0.942447
0.948695
0.949337
0.951529
0.952866
0.955367
0.956142
0.956467
0.956856
0.957243
0.95743
0.95667
0.954147
0.960412
0.953235
0.953257
0.958852
0.9568
0.950339
0.954465
0.950962
0.95166
0.953129
0.957073
0.951445
0.951427
0.946779
0.947841
0.955973
0.959173
0.960215
0.962139
0.95715
0.953651
0.948787
0.953338
0.941065
0.935489
0.939658
0.930545
0.93096
0.934937
0.935484
0.9278
0.931657
0.929274
0.931246
0.934451
0.931587
0.933787
0.93225
0.937695
0.932328
0.941389
0.946737
0.93902
0.921853
0.923581
0.923622
0.924541
0.921958
0.920016
0.920211
0.92415
0.924708
0.917133
0.916928
0.915307
0.915034
0.911199
0.90799
0.917931
0.919273
0.934747
0.929692
0.925906
0.921284
0.922267
0.919621
0.917524
0.909781
0.910333
0.92332
0.914974
0.911998
0.913722
0.928244
0.920027
0.918057
0.91149
0.911982
0.918731
0.927315
0.92272
0.920408
0.922245
0.926666
0.923699
0.919963
0.911302
0.92234
0.921828
0.929783
0.932818
0.929093
0.938059
0.940455
0.932535
0.941237
0.929152
0.932035
0.930091
0.934372
0.949137
0.954816
0.941562
0.948568
0.94784
0.935989
0.939895
0.939498
0.947947
0.944474
0.946767
0.942533
0.944754
0.937978
0.938606
0.938319
0.942481
0.936763
0.926354
0.923596
0.930871
0.936658
0.932848
0.933326
0.942327
0.942234
0.949685
0.940682
0.941152
0.943689
0.942659
0.946805
0.938677
0.938374
0.936365
0.936086
0.933555
0.936064
0.929161
0.93122
0.930217
0.930438
0.942121
0.939407
0.941822
0.940616
0.938683
0.950171
0.958318
0.959024
0.949995
0.951084
0.942898
0.945733
0.945512
0.943012
0.942977
0.943885
0.945152
0.942308
0.936323
0.930246
0.936342
0.93628
0.935137
0.928373
0.93208
0.940417
0.937636
0.936493
0.933301
0.932795
0.942001
0.936766
0.937622
0.929965
0.926716
0.925681
0.926333
0.929724
0.92908
0.929849
0.930704
0.929428
0.941245
0.942368
0.947094
0.949386
0.946892
0.944318
0.946574
0.940305
0.941483
0.951679
0.953236
0.957763
0.955485
0.945252
0.951772
0.945987
0.950754
0.940546
0.946704
0.956312
0.951156
0.943432
0.940982
0.92816
0.934105
0.926119
0.918676
0.921466
0.922878
0.912979
0.924458
0.921676
0.920168
0.922195
0.920694
0.918706
0.922326
0.91893
0.912446
0.913521
0.911686
0.899303
0.901744
0.905105
0.90974
0.907281
0.908622
0.906187
0.9101
0.919162
0.912078
0.910125
0.910965
0.908743
0.910639
0.90658
0.906988
0.912627
0.919309
0.908243
0.911754
0.903359
0.896599
0.901815
0.904881
0.907361
0.902201
0.900314
0.89947
0.89599
0.896708
0.888205
0.885332
0.883442
0.888027
0.8842
0.877991
0.881878
0.889476
0.890942
0.894169
0.897976
0.901844
0.896466
0.892224
0.902474
0.903255
0.903282
0.908803
0.912666
0.912241
0.915178
0.921595
0.922324
0.925151
0.919906
0.928912
0.9254
0.925312
0.930025
0.932929
0.92895
0.931048
0.931164
0.935471
0.933651
0.929514
0.936822
0.929452
0.923971
0.923114
0.92629
0.935643
0.930857
0.917036
0.912779
0.902567
0.894513
0.900846
0.901076
0.896854
0.902655
0.907833
0.910947
0.911322
0.912632
0.911575
0.919345
0.927318
0.926647
0.923855
0.916098
0.917004
0.921686
0.924594
0.923577
0.926964
0.926065
0.924948
0.926603
0.928487
0.919907
0.921553
0.92614
0.926321
0.927647
0.92814
0.924455
0.929129
0.924989
0.935986
0.94499
0.93739
0.934537
0.933363
0.942626
0.936529
0.936263
0.932987
0.937156
0.936014
0.933517
0.935585
0.940125
0.940616
0.931587
0.927687
0.92394
0.919652
0.916727
0.916694
0.928565
0.930487
0.929086
0.932627
0.925766
0.926058
0.927695
0.930322
0.934381
0.942386
0.933942
0.931434
0.929107
0.92372
0.923446
0.928608
0.924897
0.929935
0.931753
0.925614
0.932466
0.92097
0.914224
0.924986
0.916335
0.913566
0.911224
0.918898
0.911654
0.908232
0.913796
0.920877
0.924217
0.919342
0.927662
0.921654
0.914985
0.915979
0.91546
0.921744
0.931102
0.932059
0.932266
0.938002
0.933149
0.923903
0.914216
0.920167
0.913148
0.917356
0.928775
0.919435
0.915659
0.91851
0.922461
0.923477
0.920882
0.927401
0.92911
0.92929
0.929388
0.933246
0.93616
0.939413
0.933611
0.931994
0.923445
0.930005
0.933281
0.940233
0.928832
0.918619
0.92817
0.923615
0.929783
0.932458
0.938582
0.943206
0.945345
0.947415
0.950138
0.956863
0.953081
0.941684
0.940457
0.933541
0.933516
0.935349
0.933618
0.935055
0.933011
0.931896
0.926
0.925188
0.937984
0.931725
0.934127
0.933524
0.933213
0.923821
0.926623
0.937119
0.942399
0.936595
0.933192
0.931112
0.923185
0.934282
0.938801
0.944408
0.938235
0.942218
0.943802
0.939131
0.929369
0.938793
0.939987
0.938842
0.939704
0.935818
0.924861
0.925968
0.93626
0.942842
0.932859
0.928208
0.931677
0.920859
0.925005
0.930407
0.929839
0.941829
0.932326
0.926584
0.928332
0.925803
0.925087
0.924557
0.925816
0.935637
0.928062
0.928852
0.929493
0.929273
0.924523
0.920335
0.923459
0.921799
0.917542
0.918735
0.908937
0.907241
0.913611
0.91848
0.920722
0.922137
0.9225
0.918463
0.918644
0.917707
0.907132
0.908541
0.913447
0.898396
0.91094
0.907606
0.910031
0.915177
0.918624
0.916898
0.913745
0.910397
0.912871
0.906006
0.90548
0.918568
0.90388
0.899293
0.903574
0.898685
0.91024
0.910019
0.91384
0.911995
0.912062
0.909419
0.901789
0.899753
0.904745
0.912176
0.91199
0.916762
0.916317
0.917391
0.916616
0.914468
0.904134
0.914942
0.913641
0.920084
0.926888
0.923828
0.923021
0.918979
0.922943
0.92213
0.919423
0.915761
0.906948
0.910629
0.909377
0.911117
0.916258
0.922253
0.917942
0.914475
0.917182
0.912589
0.910968
0.906609
0.910123
0.915844
0.911021
0.906527
0.918727
0.913573
0.916318
0.917639
0.913819
0.913168
0.912646
0.910735
0.906607
0.913031
0.908741
0.923504
0.917896
0.924066
0.917734
0.910237
0.917276
0.898919
0.907803
0.912975
0.909769
0.909596
0.908184
0.907896
0.905095
0.899768
0.905975
0.904798
0.908939
0.8979
0.899613
0.895098
0.897857
0.900297
0.905405
0.89979
0.904331
0.916467
0.911311
0.915387
0.910907
0.906268
0.900895
0.896414
0.888999
0.889774
0.886893
0.891238
0.89397
0.90467
0.910422
0.904231
0.906815
0.913263
0.906343
0.899798
0.901913
0.903018
0.912866
0.919143
0.922729
0.917944
0.92314
0.922741
0.921843
0.917928
0.921311
0.919227
0.921507
0.919228
0.938368
0.933409
0.936037
0.927049
0.930273
0.924833
0.922701
0.922515
0.925096
0.924896
0.925226
0.924154
0.92047
0.925946
0.922577
0.924784
0.928322
0.923677
0.927766
0.931764
0.929972
0.936556
0.928719
0.923739
0.932837
0.928625
0.932504
0.932848
0.925069
0.921113
0.923107
0.928238
0.928799
0.926066
0.917831
0.912437
0.907883
0.910649
0.911351
0.917704
0.922437
0.924814
0.931787
0.926902
0.930729
0.927301
0.93049
0.930573
0.927239
0.939913
0.944125
0.957176
0.954675
0.948261
0.944293
0.942011
0.939619
0.935223
0.933852
0.938758
0.931513
0.933532
0.940283
0.929796
0.930253
0.931746
0.927865
0.932611
0.927178
0.930348
0.930373
0.922882
0.92366
0.928281
0.920948
0.917209
0.915689
0.907732
0.900099
0.903109
0.90712
0.908144
0.905214
0.90445
0.895428
0.902564
0.903468
0.897788
0.915792
0.920945
0.926182
0.933266
0.926633
0.932535
0.929582
0.92697
0.924274
0.91834
0.92294
0.913015
0.915015
0.917617
0.911216
0.908937
0.923709
0.926971
0.926058
0.93205
0.929622
0.928446
0.929529
0.929499
0.928582
0.930786
0.933872
0.927518
0.927293
0.926559
0.923967
0.920478
0.924314
0.922405
0.925834
0.927203
0.923047
0.9382
0.925286
0.930222
0.927537
0.927499
0.92646
0.91987
0.922559
0.916483
0.920834
0.913478
0.903743
0.908427
0.917034
0.924863
0.919672
0.923009
0.924977
0.926549
0.927652
0.918274
0.920151
0.931437
0.936034
0.934872
0.937969
0.93486
0.95057
0.953957
0.944795
0.950252
0.94466
0.937584
0.943519
0.941782
0.939331
0.943721
0.942264
0.93472
0.928956
0.925951
0.932815
0.929694
0.934151
0.937887
0.937699
0.934021
0.929704
0.925663
0.92247
0.928554
0.924632
0.923015
0.926053
0.930841
0.925724
0.924515
0.920755
0.916988
0.924087
0.928927
0.922743
0.926804
0.938023
0.936751
0.938895
0.938281
0.936562
0.93464
0.937694
0.949678
0.954455
0.956743
0.956379
0.954398
0.946239
0.946482
0.945338
0.946478
0.948445
0.949072
0.945742
0.944645
0.940127
0.931184
0.928534
0.937551
0.941271
0.948514
0.950862
0.942249
0.941115
0.941013
0.941547
0.930681
0.938801
0.935019
0.945366
0.943425
0.950002
0.949392
0.946013
0.933466
0.939079
0.93803
0.949231
0.949788
0.939939
0.944374
0.94507
0.943833
0.940379
0.948634
0.944532
0.937432
0.932838
0.94066
0.929044
0.923664
0.930945
0.933605
0.932732
0.943153
0.949638
0.941572
0.933043
0.943963
0.944138
0.93605
0.93116
0.92637
0.923086
0.933061
0.943017
0.944234
0.942253
0.942818
0.937024
0.938556
0.93791
0.933326
0.934153
0.933017
0.932426
0.922552
0.91837
0.918277
0.925406
0.924983
0.927647
0.937393
0.938375
0.931294
0.922406
0.926751
0.929523
0.934593
0.930261
0.938345
0.939646
0.940239
0.932127
0.935679
0.94159
0.948815
0.93589
0.933197
0.941702
0.935618
0.933161
0.929961
0.937282
0.927411
0.920235
0.91475
0.911815
0.911704
0.915811
0.921019
0.927063
0.918001
0.927293
0.929355
0.92877
0.925287
0.925791
0.928084
0.925417
0.93693
0.93858
0.936405
0.933237
0.929626
0.928613
0.930029
0.931377
0.928878
0.92581
0.933922
0.928057
0.929132
0.928993
0.927119
0.921448
0.92449
0.923678
0.925301
0.918693
0.922875
0.92549
0.921945
0.916912
0.917363
0.927024
0.922782
0.925434
0.930042
0.939861
0.934775
0.940631
0.930925
0.931495
0.935314
0.926783
0.929099
0.919438
0.93024
0.936779
0.933386
0.941192
0.931153
0.925264
0.923562
0.919997
0.922523
0.91811
0.926107
0.924325
0.914585
0.921395
0.917417
0.922175
0.923477
0.917387
0.91464
0.908113
0.914986
0.9129
0.913368
0.906599
0.907458
0.91034
0.916733
0.921639
0.92158
0.919057
0.921364
0.921605
0.930928
0.931181
0.927969
0.931957
0.927683
0.923371
0.931422
0.933045
0.920828
0.917538
0.922312
0.92633
0.93133
0.936214
0.928812
0.927955
0.933578
0.944194
0.935953
0.938868
0.936367
0.936225
0.949377
0.941642
0.941595
0.938895
0.940578
0.943541
0.931684
0.936574
0.936109
0.941735
0.942835
0.948655
0.944623
0.938237
0.92969
0.919741
0.923771
0.925137
0.927711
0.9262
0.929238
0.931752
0.939435
0.941866
0.939471
0.93674
0.927342
0.928387
0.938438
0.950065
0.950011
0.951802
0.953519
0.951184
0.942554
0.930068
0.929589
0.929308
0.926732
0.935668
0.93921
0.946626
0.951549
0.94691
0.956825
0.944013
0.94429
0.941847
0.938629
0.950001
0.950352
0.941485
0.938984
0.949683
0.943365
0.946899
0.945936
0.938941
0.940616
0.950838
0.950368
0.94664
0.937228
0.939251
0.943845
0.947577
0.945263
0.938731
0.941556
0.947528
0.941106
0.936846
0.932717
0.928426
0.935521
0.926625
0.924467
0.930573
0.937483
0.937007
0.930732
0.932215
0.938763
0.939321
0.938503
0.942956
0.941615
0.939702
0.937931
0.934996
0.927896
0.9363
0.938069
0.92971
0.93569
0.928712
0.929097
0.928825
0.931119
0.92808
0.931041
0.935022
0.937771
0.939997
0.929174
0.933822
0.92533
0.924578
0.931994
0.936092
0.937778
0.939582
0.927469
0.935564
0.941124
0.940854
0.944437
0.941052
0.937573
0.941701
0.93846
0.937697
0.951407
0.940645
0.941542
0.942809
0.938452
0.937866
0.927321
0.923548
0.917812
0.923693
0.929552
0.924023
0.928342
0.927119
0.926294
0.924363
0.930052
0.924839
0.921758
0.924343
0.924193
0.927129
0.922301
0.933398
0.931778
0.927755
0.92954
0.936317
0.93157
0.918748
0.921035
0.923906
0.916415
0.91356
0.916963
0.920722
0.913644
0.910076
0.908304
0.906928
0.90511
0.912396
0.910863
0.916329
0.9134
0.907411
0.917071
0.920835
0.923015
0.922243
0.924137
0.923284
0.916849
0.919293
0.916174
0.918091
0.919919
0.919763
0.918661
0.919552
0.9203
0.922525
0.92689
0.928419
0.926943
0.929246
0.928982
0.926495
0.929111
0.930638
0.934059
0.929096
0.92453
0.914629
0.908216
0.906002
0.907236
0.909096
0.91165
0.918104
0.91766
0.905006
0.898904
0.914309
0.907414
0.900188
0.904773
0.902535
0.906154
0.89647
0.889417
0.886201
0.890757
0.887622
0.88504
0.890578
0.890276
0.884558
0.880653
0.883898
0.879786
0.880557
0.884919
0.897019
0.900521
0.906066
0.899205
0.905337
0.900677
0.898485
0.900231
0.90735
0.905783
0.900387
0.899803
0.905861
0.908375
0.905305
0.907403
0.903135
0.906836
0.915782
0.930233
0.923173
0.916754
0.91075
0.909354
0.909097
0.912749
0.913318
0.908357
0.906748
0.906713
0.906762
0.906691
0.905623
0.905831
0.907908
0.908868
0.906794
0.90756
0.919536
0.912138
0.914527
0.911764
0.915791
0.920455
0.919742
0.918054
0.914969
0.909457
0.914246
0.906852
0.900682
0.906163
0.90326
0.909845
0.919947
0.923714
0.915689
0.911627
0.910434
0.911441
0.908287
0.921292
0.922495
0.918589
0.921566
0.926903
0.921913
0.919231
0.921514
0.920877
0.920409
0.930842
0.931632
0.93167
0.92805
0.91981
0.927782
0.934933
0.936404
0.925957
0.930632
0.935089
0.931553
0.929126
0.933317
0.93232
0.922903
0.918387
0.927497
0.926428
0.9311
0.928063
0.928272
0.928618
0.922185
0.92682
0.927112
0.915978
0.918072
0.918651
0.920844
0.920191
0.926202
0.918567
0.924295
0.928093
0.935673
0.933271
0.926439
0.937261
0.935101
0.931401
0.928861
0.935029
0.929268
0.927072
0.921733
0.926356
0.922136
0.93008
0.933024
0.936334
0.926819
0.934336
0.929741
0.929578
0.925946
0.923846
0.926516
0.933186
0.927405
0.926801
0.928911
0.929032
0.926115
0.932417
0.930876
0.917536
0.917237
0.916222
0.919627
0.923209
0.924212
0.917084
0.918667
0.906972
0.91652
0.91499
0.912708
0.92118
0.91925
0.916074
0.913555
0.917595
0.91943
0.915376
0.917671
0.928835
0.934315
0.936551
0.938366
0.94009
0.934666
0.933534
0.934002
0.934136
0.936588
0.929039
0.929426
0.935409
0.93201
0.93912
0.942481
0.939829
0.940063
0.947522
0.940737
0.947499
0.945735
0.933953
0.933501
0.93431
0.932511
0.936661
0.932623
0.936205
0.933051
0.930108
0.925783
0.931792
0.936972
0.932794
0.92832
0.925017
0.925256
0.937
0.940696
0.934235
0.931058
0.929728
0.927701
0.933873
0.936861
0.936271
0.938517
0.933804
0.939121
0.944095
0.939864
0.93433
0.937131
0.952297
0.953882
0.956694
0.953743
0.952866
0.944153
0.940535
0.936233
0.928849
0.926193
0.931831
0.937421
0.93491
0.932663
0.937694
0.935506
0.936039
0.933697
0.936843
0.941528
0.936362
0.932661
0.941758
0.950472
0.944335
0.939863
0.945091
0.948802
0.946396
0.943161
0.946449
0.948087
0.949261
0.944922
0.936611
0.9329
0.934036
0.92996
0.928028
0.927093
0.922895
0.930444
0.927531
0.925854
0.927754
0.930621
0.931506
0.944659
0.952055
0.940504
0.953301
0.949867
0.936222
0.932891
0.931737
0.933704
0.930231
0.928084
0.927368
0.925116
0.922219
0.924734
0.925224
0.917645
0.915969
0.919983
0.930241
0.922788
0.928727
0.928506
0.92722
0.92089
0.91616
0.921242
0.923353
0.9148
0.911184
0.912438
0.916457
0.919558
0.917375
0.913658
0.917384
0.90871
0.913256
0.92122
0.921382
0.927435
0.930058
0.929848
0.929626
0.924606
0.925198
0.927916
0.924725
0.920257
0.915081
0.923577
0.933199
0.936752
0.929972
0.929906
0.932963
0.928383
0.936533
0.93681
0.928628
0.926939
0.922561
0.919748
0.918415
0.920715
0.927973
0.929404
0.919204
0.927356
0.928091
0.921025
0.91776
0.925481
0.927441
0.929122
0.926716
0.932251
0.939347
0.939398
0.933501
0.931148
0.944744
0.931294
0.929522
0.932192
0.934136
0.9408
0.938328
0.929392
0.938201
0.930538
0.929658
0.9286
0.943418
0.937958
0.942743
0.941092
0.925019
0.934724
0.93184
0.934876
0.940414
0.935309
0.927036
0.925875
0.928655
0.932376
0.932929
0.931708
0.940729
0.93532
0.939009
0.943814
0.93942
0.954387
0.955612
0.948665
0.940665
0.942629
0.948692
0.950558
0.944582
0.940025
0.937211
0.931036
0.92839
0.927747
0.925971
0.924789
0.926253
0.921705
0.921232
0.925929
0.921187
0.925895
0.925518
0.931128
0.927916
0.929953
0.92731
0.920501
0.925252
0.931117
0.939243
0.948197
0.954137
0.952657
0.947026
0.946357
0.957033
0.948672
0.948353
0.947772
0.95169
0.956442
0.954627
0.949817
0.938193
0.945103
0.940331
0.939175
0.937816
0.944856
0.936829
0.937681
0.943569
0.930243
0.936895
0.931596
0.93449
0.934968
0.931886
0.930733
0.940355
0.944179
0.94874
0.943625
0.938431
0.936422
0.932143
0.944363
0.938268
0.935527
0.923447
0.932345
0.92846
0.932079
0.93654
0.937664
0.945953
0.944005
0.941451
0.928391
0.927147
0.936941
0.92887
0.929218
0.936316
0.944788
0.942725
0.936426
0.923008
0.934479
0.928863
0.927401
0.931102
0.940371
0.940357
0.940021
0.940769
0.945489
0.950528
0.948813
0.946856
0.934718
0.937605
0.934007
0.936857
0.948027
0.943134
0.944475
0.943864
0.949256
0.946125
0.947839
0.948136
0.948358
0.950696
0.955632
0.941641
0.945625
0.945268
0.94551
0.949835
0.950248
0.948829
0.951579
0.954374
0.956451
0.95547
0.953089
0.953584
0.951501
0.955035
0.957974
0.950913
0.959676
0.95701
0.953458
0.952038
0.956151
0.95871
0.955904
0.950347
0.950972
0.95982
0.953669
0.955899
0.953968
0.959023
0.957684
0.951549
0.954755
0.962537
0.9538
0.957438
0.952091
0.941301
0.941188
0.952128
0.956825
0.958244
0.95419
0.955063
0.963399
0.955814
0.952678
0.958395
0.962369
0.959949
0.95682
0.951218
0.951587
0.951267
0.953573
0.958782
0.950899
0.94906
0.94771
0.956916
0.95577
0.957946
0.954403
0.961899
0.953435
0.953011
0.960858
0.956968
0.959611
0.956626
0.943897
0.93804
0.927626
0.936983
0.929917
0.936151
0.935258
0.930683
0.938897
0.938342
0.942979
0.938682
0.93558
0.936152
0.938988
0.934184
0.939972
0.94438
0.939814
0.926888
0.934577
0.929531
0.926499
0.922546
0.92443
0.941786
0.943158
0.931579
0.932547
0.940207
0.937078
0.943034
0.941658
0.934845
0.936594
0.935722
0.938028
0.948625
0.951355
0.944422
0.944889
0.940257
0.93364
0.931238
0.922692
0.937734
0.952349
0.939163
0.939653
0.942946
0.943153
0.935562
0.949067
0.94151
0.947382
0.948388
0.956984
0.952426
0.953247
0.954936
0.95794
0.945672
0.948969
0.947674
0.938815
0.945456
0.936393
0.933209
0.934045
0.938883
0.937121
0.935534
0.93164
0.936629
0.932179
0.939416
0.937824
0.941325
0.94659
0.945956
0.941223
0.938593
0.938824
0.938083
0.932314
0.927291
0.933016
0.944267
0.941989
0.947129
0.949991
0.950141
0.950668
0.961151
0.948181
0.956257
0.964969
0.968437
0.961125
0.957542
0.951661
0.962085
0.965102
0.968457
0.967427
0.972842
0.961979
0.945264
0.948022
0.949788
0.954884
0.952169
0.95487
0.950695
0.954387
0.948722
0.940047
0.935671
0.942861
0.938588
0.942397
0.947061
0.946836
0.94038
0.938959
0.938847
0.944672
0.933108
0.940639
0.944161
0.939362
0.946151
0.958169
0.942728
0.954215
0.952174
0.944812
0.944369
0.942506
0.953187
0.953799
0.950993
0.945333
0.942784
0.932394
0.945276
0.948542
0.945623
0.939907
0.935957
0.935451
0.930572
0.929099
0.930708
0.933897
0.927248
0.930493
0.930594
0.947265
0.940649
0.943165
0.943584
0.943108
0.942948
0.944434
0.938522
0.941419
0.944542
0.943012
0.946571
0.955268
0.957199
0.969527
0.965386
0.959207
0.955247
0.96051
0.96215
0.957798
0.959396
0.96005
0.962756
0.971973
0.961148
0.964504
0.961025
0.963462
0.961152
0.952565
0.947276
0.944568
0.945918
0.949221
0.948748
0.946124
0.942321
0.945753
0.947923
0.947973
0.947622
0.947206
0.949019
0.948518
0.940929
0.944161
0.941944
0.938431
0.941109
0.942455
0.948984
0.955947
0.954343
0.950506
0.948119
0.939053
0.944526
0.947461
0.938809
0.936825
0.932778
0.933102
0.921692
0.921217
0.921935
0.920523
0.923363
0.928513
0.927643
0.922336
0.921028
0.931144
0.928759
0.933352
0.930681
0.933593
0.932835
0.929866
0.931428
0.938314
0.934953
0.93432
0.930592
0.936975
0.935523
0.938776
0.9428
0.947509
0.940753
0.9367
0.932403
0.936985
0.93626
0.929923
0.938519
0.927675
0.92975
0.934772
0.946034
0.943819
0.94542
0.94073
0.933802
0.937389
0.941284
0.934202
0.928193
0.935893
0.933649
0.938232
0.942664
0.933945
0.948107
0.936663
0.944584
0.936969
0.933789
0.933192
0.932062
0.932114
0.938102
0.939439
0.932813
0.927655
0.931794
0.929622
0.922545
0.929778
0.921185
0.931843
0.938681
0.938926
0.932807
0.934675
0.927792
0.910045
0.918246
0.912329
0.916838
0.9148
0.91632
0.914071
0.913818
0.914913
0.91751
0.924185
0.917097
0.926498
0.921692
0.914179
0.920474
0.927306
0.933852
0.927093
0.931283
0.925899
0.913751
0.922475
0.928005
0.929366
0.928885
0.928992
0.929488
0.931211
0.938768
0.936448
0.933773
0.933264
0.927889
0.93245
0.944187
0.940567
0.938775
0.932283
0.936431
0.926325
0.924712
0.929177
0.932679
0.931034
0.91886
0.923974
0.924378
0.927763
0.928063
0.926009
0.925242
0.920876
0.926838
0.926212
0.92014
0.927304
0.927387
0.931335
0.929783
0.931401
0.928304
0.927582
0.913904
0.921809
0.926505
0.923066
0.932661
0.926789
0.935126
0.936795
0.937397
0.934849
0.918201
0.915754
0.917747
0.924449
0.928567
0.921082
0.930168
0.931561
0.93502
0.932777
0.938408
0.937766
0.935608
0.932534
0.931799
0.934835
0.932116
0.920265
0.927577
0.930783
0.929474
0.919004
0.934981
0.928128
0.939358
0.932447
0.932478
0.922121
0.93076
0.932045
0.935202
0.93856
0.932606
0.927816
0.930912
0.928764
0.935549
0.925216
0.926623
0.928329
0.923997
0.92612
0.932728
0.932885
0.932774
0.933926
0.929884
0.929618
0.939026
0.934736
0.931264
0.921589
0.92117
0.924698
0.925659
0.916742
0.919257
0.929652
0.9207
0.9332
0.927093
0.935381
0.928341
0.940059
0.94097
0.938832
0.942322
0.939769
0.94864
0.941601
0.937727
0.933921
0.934354
0.93754
0.941176
0.935745
0.932063
0.929996
0.934667
0.932819
0.943219
0.92898
0.937981
0.934933
0.937456
0.940551
0.951808
0.949903
0.945355
0.942629
0.931093
0.936532
0.936882
0.940503
0.94219
0.941295
0.929688
0.917259
0.915719
0.917402
0.921476
0.93171
0.937758
0.927895
0.925449
0.926311
0.924206
0.934495
0.937257
0.937877
0.937496
0.941844
0.933035
0.931241
0.928355
0.933948
0.937915
0.938916
0.941095
0.929754
0.935203
0.934182
0.932514
0.927149
0.937598
0.946153
0.952826
0.942322
0.943804
0.93714
0.932175
0.930823
0.936101
0.930051
0.921377
0.927296
0.922404
0.93421
0.927733
0.930415
0.936293
0.936724
0.935339
0.926438
0.925532
0.931944
0.936384
0.943587
0.932435
0.938039
0.932191
0.935264
0.93219
0.931041
0.934493
0.935671
0.922273
0.916281
0.915097
0.909229
0.915283
0.91687
0.913535
0.907822
0.911766
0.913325
0.911985
0.916755
0.910582
0.918169
0.922378
0.913853
0.916916
0.917296
0.917759
0.915905
0.92303
0.92825
0.926951
0.919689
0.90955
0.913056
0.914703
0.911935
0.917729
0.932065
0.937028
0.945248
0.943433
0.940009
0.938227
0.935151
0.937427
0.928923
0.937177
0.934224
0.935432
0.928571
0.930229
0.926916
0.915261
0.911661
0.914733
0.913633
0.914595
0.917054
0.921057
0.914889
0.913549
0.923137
0.922496
0.928001
0.937377
0.936758
0.936285
0.928357
0.927749
0.934081
0.938048
0.939939
0.933935
0.937341
0.941941
0.943268
0.94403
0.936624
0.931536
0.936572
0.935476
0.936632
0.943126
0.935787
0.92975
0.93623
0.943106
0.935018
0.934686
0.94204
0.945795
0.937012
0.932858
0.928881
0.922992
0.925536
0.925505
0.921061
0.920181
0.927607
0.933107
0.937047
0.940672
0.943914
0.9316
0.926131
0.917508
0.912762
0.91281
0.911734
0.905836
0.911445
0.908011
0.914597
0.911871
0.90927
0.906425
0.906176
0.912574
0.912313
0.917673
0.925421
0.922002
0.924464
0.924144
0.915366
0.915717
0.915041
0.915367
0.911778
0.917381
0.920047
0.925637
0.926304
0.932081
0.9313
0.928672
0.937846
0.930665
0.940274
0.93497
0.934757
0.927436
0.930409
0.928464
0.927937
0.936123
0.925854
0.924582
0.926961
0.9328
0.939802
0.932923
0.931658
0.931874
0.936952
0.933411
0.930644
0.926686
0.925199
0.914947
0.931725
0.931499
0.933838
0.935127
0.935086
0.931346
0.936367
0.940063
0.936129
0.934704
0.937637
0.926401
0.935064
0.939055
0.933352
0.925104
0.923298
0.934171
0.928478
0.932917
0.926944
0.933758
0.931976
0.925612
0.930447
0.929108
0.933861
0.923384
0.925645
0.923044
0.925601
0.918865
0.921645
0.9294
0.929279
0.925457
0.92653
0.922455
0.925036
0.926554
0.933075
0.936449
0.929271
0.926554
0.915678
0.912632
0.927735
0.926295
0.930706
0.929151
0.927875
0.930602
0.935138
0.942379
0.943986
0.947393
0.946637
0.948523
0.946438
0.942785
0.938059
0.934856
0.936157
0.936016
0.92854
0.92965
0.928708
0.928662
0.923459
0.917631
0.917615
0.909812
0.912608
0.916449
0.91788
0.921837
0.919026
0.9273
0.928306
0.927619
0.931055
0.933758
0.935199
0.936912
0.937891
0.936096
0.93649
0.938339
0.935635
0.930522
0.936288
0.938363
0.934769
0.942343
0.941239
0.948808
0.941295
0.953723
0.953539
0.944513
0.951311
0.941512
0.941229
0.940682
0.940287
0.932485
0.939596
0.940411
0.934298
0.93752
0.940525
0.943629
0.944345
0.944521
0.945667
0.941467
0.943287
0.945063
0.950923
0.950376
0.961473
0.962598
0.958884
0.962719
0.962609
0.964236
0.962352
0.966203
0.953978
0.959143
0.96037
0.957242
0.950171
0.948608
0.956015
0.947681
0.94493
0.948119
0.948544
0.949634
0.95995
0.964487
0.964837
0.963016
0.957637
0.956248
0.949217
0.955694
0.945989
0.954201
0.957379
0.962849
0.965901
0.973222
0.965479
0.963002
0.965755
0.964612
0.962036
0.954689
0.967733
0.963508
0.958032
0.970065
0.957223
0.957006
0.956323
0.956141
0.958821
0.958636
0.951406
0.951249
0.953618
0.946081
0.951237
0.963692
0.954021
0.956445
0.948226
0.94109
0.946065
0.949625
0.955545
0.948296
0.950248
0.951397
0.954772
0.965125
0.963472
0.958227
0.957953
0.955021
0.953759
0.956456
0.952508
0.95542
0.955394
0.963719
0.963872
0.966941
0.971256
0.973693
0.966142
0.97917
0.969247
0.964573
0.958204
0.972094
0.963108
0.956229
0.955632
0.964731
0.966919
0.964457
0.963711
0.958612
0.946645
0.944691
0.939856
0.94024
0.948404
0.955701
0.955031
0.946982
0.936082
0.939609
0.937664
0.938059
0.940373
0.93453
0.935971
0.938825
0.934414
0.937116
0.944498
0.93696
0.934588
0.939655
0.938747
0.937033
0.935696
0.931624
0.92958
0.938424
0.942244
0.949428
0.950253
0.951416
0.948487
0.945443
0.948289
0.949635
0.941175
0.952177
0.954008
0.957127
0.958128
0.960769
0.956882
0.968965
0.959128
0.973151
0.968292
0.966289
0.9715
0.968554
0.964725
0.963128
0.964819
0.957164
0.959497
0.970625
0.976096
0.975887
0.965966
0.973248
0.976631
0.976767
0.980035
0.974877
0.959445
0.963788
0.959312
0.964249
0.952349
0.952772
0.953592
0.961257
0.960996
0.955505
0.952401
0.947562
0.942987
0.942154
0.944685
0.952613
0.945535
0.953879
0.952313
0.957616
0.941961
0.950141
0.956668
0.959207
0.960622
0.962014
0.96005
0.94743
0.949452
0.960596
0.952144
0.948247
0.949851
0.945403
0.953588
0.956506
0.952289
0.95252
0.947618
0.945792
0.957477
0.964163
0.962001
0.951452
0.952646
0.957894
0.953922
0.953656
0.946459
0.953254
0.941844
0.940186
0.939327
0.938188
0.935245
0.930477
0.931566
0.9399
0.935923
0.941668
0.937346
0.940595
0.930941
0.932245
0.936537
0.927747
0.92379
0.934544
0.929909
0.933282
0.929019
0.929604
0.929396
0.935446
0.935691
0.933332
0.93805
0.942313
0.940863
0.933593
0.934173
0.927928
0.925169
0.933311
0.937051
0.94545
0.934079
0.932232
0.936011
0.936755
0.9401
0.929949
0.935979
0.937084
0.937958
0.943859
0.951011
0.940753
0.943885
0.938233
0.948074
0.942014
0.930764
0.937301
0.931348
0.930834
0.934364
0.939506
0.936708
0.947492
0.94265
0.943783
0.946344
0.947437
0.944121
0.939184
0.941612
0.938026
0.941135
0.945037
0.952835
0.94773
0.942886
0.951363
0.953698
0.949315
0.94121
0.936961
0.934293
0.936238
0.933207
0.928739
0.936548
0.938325
0.941252
0.933908
0.937848
0.933036
0.922377
0.920362
0.918953
0.926027
0.921552
0.922091
0.923997
0.93329
0.931499
0.932889
0.936271
0.925759
0.925745
0.924314
0.92249
0.920055
0.923361
0.915051
0.917321
0.909019
0.916321
0.907954
0.908648
0.91302
0.906524
0.910809
0.906018
0.920203
0.912532
0.918929
0.922222
0.921078
0.919808
0.913577
0.92065
0.925595
0.925145
0.921124
0.920296
0.920735
0.924502
0.916531
0.931217
0.928808
0.926327
0.924555
0.924496
0.921105
0.920921
0.924041
0.923412
0.922756
0.922781
0.920906
0.922758
0.921454
0.919505
0.920731
0.919746
0.920062
0.914481
0.918386
0.926723
0.928938
0.924129
0.921377
0.921236
0.925638
0.926827
0.926441
0.918318
0.9221
0.924039
0.926001
0.920942
0.918167
0.922443
0.915794
0.921987
0.916912
0.918418
0.919078
0.913012
0.908278
0.915872
0.920125
0.917672
0.920401
0.923131
0.922987
0.915877
0.925843
0.92463
0.928432
0.930726
0.919307
0.917001
0.914808
0.917252
0.919073
0.92296
0.922262
0.926513
0.922889
0.923414
0.928136
0.925671
0.939313
0.932727
0.924303
0.922724
0.924182
0.929318
0.929549
0.924783
0.919106
0.920735
0.932918
0.935387
0.925245
0.92803
0.925809
0.927859
0.931001
0.92009
0.918904
0.914705
0.912109
0.922535
0.917636
0.916705
0.918624
0.918575
0.922037
0.922234
0.918933
0.914942
0.916128
0.922714
0.930057
0.930738
0.919411
0.925653
0.924147
0.921495
0.918653
0.926624
0.945603
0.94152
0.940935
0.932223
0.934678
0.93435
0.933869
0.934462
0.940052
0.944744
0.954718
0.951294
0.943253
0.944215
0.939563
0.953078
0.946728
0.953828
0.945512
0.934962
0.93527
0.933571
0.925245
0.929987
0.925903
0.93034
0.929199
0.931218
0.930436
0.940664
0.933595
0.941136
0.936042
0.935239
0.936429
0.938168
0.940611
0.939864
0.946322
0.942449
0.940698
0.954931
0.954391
0.951255
0.945756
0.943681
0.947557
0.942085
0.936822
0.937467
0.941071
0.941919
0.958583
0.953573
0.964071
0.966662
0.954751
0.952343
0.951391
0.955272
0.952455
0.954526
0.945274
0.940041
0.939972
0.940546
0.931134
0.928818
0.939897
0.947663
0.950311
0.941044
0.94348
0.949345
0.955751
0.95018
0.959184
0.957065
0.957434
0.945059
0.950639
0.94386
0.949143
0.946896
0.945758
0.94047
0.949663
0.945149
0.950765
0.940642
0.939539
0.940702
0.945433
0.947842
0.945737
0.940263
0.940408
0.931959
0.933491
0.935924
0.936299
0.946168
0.937885
0.93791
0.932408
0.94098
0.939309
0.943522
0.947059
0.938022
0.943463
0.942723
0.940418
0.93491
0.935445
0.93409
0.938349
0.938637
0.943017
0.942985
0.940084
0.93526
0.927886
0.922468
0.923028
0.925772
0.92127
0.922823
0.927542
0.932411
0.932888
0.932465
0.936282
0.934327
0.939563
0.938449
0.935874
0.940202
0.939184
0.935173
0.941533
0.928036
0.935209
0.942175
0.942727
0.949757
0.947008
0.952753
0.953365
0.952919
0.95918
0.952207
0.958213
0.959768
0.963501
0.957295
0.958543
0.954548
0.964939
0.958673
0.965472
0.965468
0.964772
0.956278
0.958992
0.959197
0.952706
0.957796
0.966882
0.965856
0.961354
0.964197
0.958602
0.96154
0.957172
0.963274
0.961558
0.964156
0.967549
0.97174
0.973818
0.973294
0.971668
0.969005
0.965834
0.962243
0.955918
0.961924
0.959836
0.959744
0.956236
0.959578
0.961506
0.957126
0.950589
0.954335
0.955863
0.949223
0.954172
0.957309
0.952022
0.948825
0.946382
0.953641
0.946846
0.947093
0.942338
0.945516
0.949661
0.951989
0.945001
0.946761
0.945877
0.944157
0.941068
0.944078
0.938486
0.935321
0.941272
0.946046
0.945629
0.949932
0.941338
0.940785
0.941907
0.938108
0.931866
0.938564
0.934584
0.927658
0.930798
0.923583
0.915941
0.924162
0.930306
0.927864
0.925412
0.925791
0.920717
0.921626
0.920447
0.921854
0.915673
0.918787
0.921811
0.923406
0.921024
0.912476
0.908902
0.913368
0.929013
0.919433
0.923028
0.927854
0.919449
0.925839
0.927442
0.928846
0.925513
0.925854
0.926786
0.91605
0.919429
0.918563
0.926447
0.931079
0.932046
0.933828
0.933171
0.927234
0.923707
0.935114
0.937071
0.932647
0.92927
0.942344
0.943573
0.943302
0.944605
0.942315
0.948119
0.953833
0.939772
0.941968
0.941657
0.943389
0.946901
0.940155
0.945607
0.93912
0.945846
0.938101
0.936697
0.944278
0.932456
0.933178
0.929869
0.939077
0.938204
0.947483
0.945543
0.93787
0.944202
0.949123
0.95081
0.955422
0.948935
0.954607
0.949151
0.9468
0.947579
0.95006
0.942495
0.939713
0.936513
0.941458
0.942537
0.942686
0.953779
0.965862
0.962148
0.960078
0.962688
0.956574
0.966519
0.960327
0.957064
0.960378
0.96004
0.969052
0.958584
0.953914
0.959601
0.9582
0.969843
0.967201
0.970154
0.968023
0.960332
0.962618
0.956145
0.951064
0.952598
0.95775
0.961973
0.960526
0.964505
0.960291
0.953862
0.948164
0.948116
0.943963
0.950252
0.944956
0.945012
0.943531
0.936808
0.940928
0.938972
0.939552
0.94467
0.941751
0.938452
0.935239
0.941558
0.934419
0.935174
0.942713
0.949264
0.935833
0.93875
0.938738
0.936907
0.943947
0.930698
0.928197
0.938978
0.9351
0.93858
0.943997
0.948158
0.951088
0.954309
0.957124
0.959596
0.965331
0.96285
0.961184
0.949594
0.946479
0.945517
0.950016
0.951157
0.949867
0.939729
0.939754
0.942184
0.935773
0.936651
0.93113
0.930856
0.928857
0.926122
0.923675
0.929031
0.923987
0.921765
0.929246
0.927302
0.934154
0.933559
0.93587
0.940932
0.942311
0.932409
0.934707
0.935623
0.926932
0.929156
0.933166
0.934975
0.930774
0.934565
0.933055
0.932327
0.92779
0.932134
0.930349
0.932312
0.936152
0.930515
0.933007
0.924295
0.92522
0.931315
0.937301
0.939864
0.933236
0.944832
0.945676
0.946579
0.940498
0.947434
0.940132
0.938418
0.946092
0.947132
0.946529
0.95911
0.959936
0.955645
0.95892
0.95487
0.958018
0.948432
0.948442
0.944651
0.941254
0.943843
0.947494
0.938579
0.938028
0.944534
0.942986
0.958694
0.956354
0.958229
0.962762
0.967556
0.950853
0.95841
0.951326
0.939587
0.951983
0.948937
0.938646
0.943632
0.941141
0.944111
0.952171
0.952302
0.945834
0.948475
0.940832
0.942015
0.936403
0.935337
0.944969
0.935175
0.938003
0.928253
0.930911
0.935104
0.928724
0.929434
0.933137
0.934476
0.938683
0.942214
0.943229
0.944137
0.940662
0.936535
0.950138
0.937754
0.939207
0.940894
0.941141
0.947299
0.943437
0.943439
0.946757
0.939542
0.943189
0.944719
0.952062
0.954262
0.951741
0.952307
0.953776
0.944597
0.949735
0.957346
0.954963
0.94702
0.93633
0.940223
0.947743
0.949197
0.938806
0.946428
0.954525
0.949783
0.958611
0.960005
0.960576
0.952317
0.954317
0.955332
0.958623
0.954309
0.948518
0.951194
0.951401
0.942051
0.945931
0.949547
0.947787
0.9476
0.947441
0.94788
0.941352
0.947786
0.941515
0.953327
0.9424
0.94587
0.937577
0.940812
0.936786
0.935809
0.93405
0.933736
0.927388
0.934348
0.934565
0.943121
0.93372
0.942124
0.944462
0.945784
0.944262
0.945025
0.945905
0.948017
0.942268
0.948137
0.946581
0.950717
0.952396
0.950321
0.942711
0.947947
0.946219
0.933987
0.937504
0.9273
0.938798
0.941328
0.943415
0.953048
0.951728
0.952729
0.961698
0.961192
0.946717
0.947871
0.947286
0.960419
0.963688
0.962315
0.961416
0.963983
0.960707
0.96817
0.966744
0.968675
0.964323
0.966603
0.962279
0.962526
0.952828
0.949534
0.957201
0.955287
0.963168
0.954955
0.952947
0.956596
0.960722
0.970876
0.973225
0.971379
0.973082
0.96798
0.965145
0.971307
0.968682
0.967591
0.964079
0.965948
0.968026
0.960705
0.961876
0.960544
0.961618
0.956823
0.956917
0.963953
0.963439
0.960517
0.959229
0.953941
0.967425
0.957274
0.9599
0.964884
0.965628
0.967546
0.97847
0.965586
0.961623
0.95889
0.965037
0.96924
0.963038
0.960324
0.950476
0.957313
0.950163
0.948489
0.943533
0.948669
0.953786
0.945858
0.941157
0.945569
0.9478
0.945645
0.955715
0.951851
0.946973
0.95071
0.947741
0.947607
0.950039
0.949062
0.943185
0.946009
0.941972
0.952523
0.953485
0.961698
0.962316
0.96266
0.961188
0.954857
0.953347
0.949719
0.955495
0.96343
0.969662
0.967542
0.971805
0.96264
0.954988
0.958851
0.960669
0.961261
0.963407
0.957738
0.955586
0.957831
0.960935
0.955352
0.964015
0.959596
0.953795
0.95663
0.958944
0.968708
0.956307
0.958598
0.952566
0.953134
0.957853
0.9662
0.957766
0.953606
0.948442
0.954813
0.955373
0.95546
0.951124
0.941994
0.94797
0.950085
0.956431
0.957051
0.956984
0.962622
0.958574
0.957186
0.955187
0.957448
0.953765
0.954963
0.952923
0.947892
0.942587
0.945689
0.950872
0.940024
0.936216
0.934674
0.935439
0.93938
0.943047
0.940635
0.930676
0.935597
0.933215
0.939851
0.937378
0.938799
0.933318
0.932156
0.943572
0.936895
0.945145
0.942779
0.937839
0.933494
0.928801
0.92929
0.924378
0.929674
0.933926
0.922167
0.918495
0.908187
0.916692
0.916395
0.914451
0.914939
0.916923
0.921207
0.927402
0.928717
0.925608
0.921328
0.930834
0.933948
0.937357
0.93231
0.92986
0.928195
0.931829
0.931876
0.927185
0.92955
0.933592
0.929264
0.933846
0.93633
0.938528
0.93793
0.937081
0.949375
0.946844
0.962011
0.954698
0.955654
0.939834
0.941121
0.941969
0.941693
0.950368
0.954868
0.945567
0.947887
0.95147
0.949114
0.94589
0.945677
0.951098
0.945091
0.945058
0.944734
0.946314
0.938257
0.945425
0.946683
0.949268
0.948853
0.938096
0.938561
0.926992
0.926977
0.93302
0.939504
0.93728
0.948487
0.954986
0.946437
0.94968
0.942338
0.934982
0.939119
0.928698
0.926058
0.925262
0.925724
0.927751
0.926786
0.931048
0.931698
0.936323
0.934039
0.927995
0.93824
0.932392
0.929355
0.935828
0.942745
0.94551
0.942051
0.941287
0.937585
0.940444
0.933576
0.935786
0.937456
0.947086
0.940688
0.948617
0.945468
0.934308
0.93939
0.943974
0.945824
0.941381
0.942474
0.926489
0.936996
0.941218
0.944441
0.946975
0.94338
0.94184
0.950667
0.95597
0.961898
0.965619
0.970803
0.967817
0.962096
0.956606
0.967666
0.962703
0.963801
0.960884
0.959467
0.952208
0.957196
0.9666
0.96765
0.971622
0.971233
0.988693
0.979054
0.97816
0.970914
0.973419
0.979048
0.966721
0.968165
0.972669
0.967643
0.973427
0.972379
0.974176
0.965935
0.970451
0.973306
0.978321
0.975575
0.972847
0.965619
0.96598
0.971656
0.975438
0.977034
0.98353
0.981611
0.973416
0.971434
0.976696
0.979079
0.966967
0.962945
0.9671
0.970578
0.961472
0.957651
0.955461
0.957486
0.958075
0.960657
0.96558
0.973774
0.972095
0.977894
0.969389
0.975587
0.980116
0.978039
0.967199
0.959252
0.959499
0.961912
0.955784
0.967839
0.96756
0.964431
0.955216
0.951823
0.949475
0.95716
0.961092
0.952268
0.956914
0.966229
0.951607
0.959134
0.970046
0.974416
0.968999
0.968838
0.970456
0.96864
0.971034
0.959918
0.961639
0.956426
0.961373
0.962433
0.968
0.962972
0.967227
0.957891
0.969346
0.972767
0.968493
0.96292
0.965911
0.960332
0.950906
0.957989
0.953642
0.953439
0.953296
0.941668
0.947143
0.951172
0.947584
0.949536
0.948429
0.949044
0.946326
0.947314
0.946295
0.947532
0.951541
0.95969
0.956779
0.955783
0.953752
0.949947
0.951502
0.954244
0.952796
0.965111
0.957477
0.957139
0.958723
0.950032
0.954338
0.949535
0.952953
0.946498
0.944931
0.945094
0.94205
0.947309
0.948262
0.94648
0.953608
0.946189
0.955006
0.947866
0.945288
0.950304
0.949153
0.940756
0.938836
0.928632
0.940974
0.934571
0.938364
0.937853
0.940981
0.939272
0.933166
0.928189
0.930504
0.933149
0.932383
0.935496
0.922152
0.920441
0.918616
0.918865
0.916202
0.914779
0.916922
0.922332
0.925685
0.931389
0.92404
0.925281
0.922508
0.913919
0.913296
0.904834
0.911013
0.915423
0.913883
0.908968
0.912907
0.924899
0.927119
0.926772
0.928194
0.922017
0.916482
0.911473
0.915199
0.913738
0.917296
0.913969
0.909262
0.910576
0.908334
0.907153
0.897829
0.896754
0.90363
0.900847
0.896026
0.895703
0.897464
0.895654
0.902276
0.911463
0.907849
0.909813
0.918936
0.914475
0.907837
0.904349
0.902611
0.926782
0.925425
0.919291
0.907807
0.908767
0.908367
0.920883
0.917472
0.921861
0.926833
0.932589
0.935236
0.929026
0.920048
0.920027
0.934365
0.93782
0.928517
0.93307
0.936124
0.940595
0.940629
0.935512
0.933629
0.935075
0.933753
0.928947
0.935718
0.93992
0.942508
0.935354
0.936528
0.92987
0.933118
0.929518
0.926785
0.933861
0.941364
0.942337
0.938541
0.934056
0.940767
0.930989
0.931219
0.933885
0.935035
0.946176
0.941935
0.939707
0.934077
0.930558
0.929823
0.925382
0.929224
0.931538
0.925771
0.933063
0.928509
0.937469
0.939046
0.934689
0.934724
0.933888
0.924344
0.930773
0.925189
0.93102
0.935853
0.938275
0.936749
0.937842
0.937307
0.944033
0.946466
0.948244
0.949955
0.947302
0.956257
0.947831
0.955176
0.958563
0.959233
0.960987
0.95219
0.951992
0.950303
0.947371
0.95668
0.952031
0.961332
0.957704
0.961892
0.958228
0.96724
0.957442
0.961885
0.965635
0.963652
0.965206
0.955593
0.961292
0.952016
0.953761
0.951554
0.948589
0.951299
0.952822
0.952334
0.955403
0.958833
0.956574
0.96106
0.954019
0.949809
0.947478
0.947603
0.9522
0.960259
0.947426
0.947073
0.946523
0.942664
0.946524
0.946853
0.947534
0.950258
0.950291
0.94947
0.947532
0.95401
0.954174
0.9544
0.9575
0.959861
0.963373
0.965408
0.977629
0.972168
0.972983
0.976948
0.964899
0.96684
0.964413
0.965392
0.965444
0.968616
0.972521
0.977185
0.973939
0.969852
0.971116
0.970284
0.961744
0.962109
0.959607
0.953328
0.962011
0.962364
0.962612
0.952275
0.94563
0.951807
0.951226
0.950299
0.947962
0.940449
0.944951
0.947049
0.94939
0.9447
0.946894
0.943437
0.955335
0.950697
0.946386
0.948788
0.950464
0.944456
0.949286
0.951127
0.948439
0.950901
0.949103
0.945895
0.941679
0.942896
0.937716
0.944838
0.93553
0.924337
0.916505
0.924626
0.929478
0.929657
0.919767
0.917717
0.917633
0.925816
0.926742
0.918808
0.921005
0.920436
0.926005
0.932151
0.927637
0.92894
0.93319
0.934645
0.934356
0.93766
0.940584
0.933035
0.942984
0.941834
0.935527
0.928243
0.931647
0.93641
0.929452
0.933943
0.9376
0.93244
0.935065
0.941606
0.950071
0.940903
0.936902
0.945206
0.94777
0.953682
0.961515
0.955188
0.964968
0.960838
0.954915
0.952261
0.949277
0.952944
0.952417
0.946294
0.943396
0.935073
0.939306
0.935465
0.937101
0.945967
0.926643
0.922083
0.9219
0.927883
0.922649
0.918287
0.915303
0.919733
0.928982
0.933902
0.927014
0.909763
0.919027
0.923369
0.921483
0.923398
0.929812
0.93133
0.929036
0.928621
0.935341
0.929379
0.932155
0.934691
0.936551
0.93397
0.931725
0.924188
0.922891
0.9254
0.932646
0.931004
0.938449
0.936663
0.938513
0.938169
0.940718
0.937527
0.933669
0.939488
0.946136
0.94608
0.952702
0.947277
0.940662
0.93631
0.945685
0.948494
0.946607
0.945263
0.930163
0.936036
0.93464
0.93577
0.932262
0.935872
0.930647
0.936799
0.94183
0.943395
0.937174
0.949902
0.950776
0.949869
0.956739
0.95737
0.953967
0.945669
0.94544
0.95402
0.949572
0.952659
0.948555
0.950968
0.947496
0.930376
0.922572
0.919783
0.918578
0.92448
0.930625
0.921257
0.924481
0.932568
0.92732
0.923489
0.931783
0.942493
0.938783
0.931716
0.923043
0.931493
0.92903
0.938106
0.934724
0.939853
0.941098
0.941506
0.949676
0.942391
0.945839
0.952642
0.954827
0.946484
0.943438
0.936453
0.947253
0.951573
0.955512
0.952003
0.956701
0.960728
0.966407
0.953615
0.949577
0.943869
0.947993
0.944515
0.9429
0.947006
0.95046
0.958798
0.954593
0.945429
0.948487
0.939684
0.935885
0.940616
0.944737
0.937336
0.936605
0.940841
0.939159
0.94122
0.942006
0.949472
0.946076
0.945977
0.950539
0.953936
0.952156
0.944246
0.946252
0.948288
0.948899
0.949096
0.943161
0.944967
0.943177
0.945656
0.949243
0.94664
0.950202
0.953515
0.943227
0.950852
0.963069
0.950938
0.939128
0.944402
0.940344
0.943074
0.938352
0.939726
0.939618
0.930216
0.920451
0.928639
0.921648
0.928932
0.931208
0.932496
0.926413
0.936735
0.941524
0.935536
0.938638
0.946498
0.936113
0.948703
0.939747
0.936573
0.935603
0.933583
0.935378
0.940116
0.940467
0.927944
0.926555
0.920655
0.920608
0.922352
0.914418
0.916567
0.918727
0.920235
0.930998
0.934348
0.932772
0.932376
0.931916
0.936977
0.932384
0.92493
0.926363
0.928357
0.932905
0.93522
0.926932
0.930108
0.93023
0.935502
0.931054
0.922894
0.934894
0.933338
0.929905
0.928515
0.927843
0.930093
0.93579
0.933176
0.923317
0.923425
0.923456
0.91883
0.914972
0.915753
0.924333
0.914733
0.920846
0.915397
0.91878
0.92131
0.9091
0.914517
0.908127
0.914307
0.921629
0.932975
0.936134
0.927559
0.932489
0.93902
0.936778
0.934394
0.937277
0.936097
0.930699
0.933186
0.931072
0.937056
0.929559
0.926342
0.935764
0.933448
0.934556
0.942094
0.937626
0.94014
0.941799
0.931643
0.933236
0.935016
0.929992
0.930644
0.925787
0.920522
0.925925
0.93178
0.921604
0.924441
0.925587
0.927098
0.923521
0.923107
0.931144
0.932233
0.923574
0.927979
0.929128
0.931059
0.935623
0.930374
0.933966
0.930293
0.920961
0.919916
0.927481
0.926194
0.924695
0.931096
0.928898
0.926794
0.933261
0.927272
0.927652
0.933352
0.9342
0.927094
0.929585
0.939266
0.949408
0.94462
0.938814
0.936806
0.941105
0.944182
0.950143
0.937932
0.933918
0.932931
0.930366
0.921073
0.915218
0.913052
0.916986
0.922278
0.92899
0.923491
0.917412
0.917483
0.919075
0.918609
0.92394
0.937256
0.931261
0.931419
0.933961
0.932064
0.935877
0.937413
0.92944
0.934172
0.928268
0.923513
0.9237
0.929833
0.933608
0.93744
0.930905
0.933046
0.926666
0.932281
0.926091
0.938534
0.928927
0.927763
0.933873
0.931281
0.923442
0.929967
0.925856
0.931741
0.924283
0.932933
0.92788
0.928934
0.932319
0.934601
0.933225
0.92597
0.915498
0.920654
0.924173
0.919102
0.917338
0.919954
0.915
0.915112
0.918904
0.923381
0.921666
0.92501
0.929199
0.919359
0.932742
0.933731
0.93826
0.936274
0.939537
0.936639
0.945866
0.941823
0.935452
0.95126
0.941201
0.937932
0.932437
0.940355
0.932379
0.932335
0.935874
0.931178
0.934011
0.932768
0.929408
0.930463
0.927503
0.928891
0.921234
0.926878
0.918296
0.925594
0.921247
0.926463
0.929267
0.93088
0.930831
0.930331
0.930603
0.927518
0.931704
0.932774
0.929459
0.931669
0.932703
0.947044
0.939114
0.935382
0.936974
0.937071
0.929818
0.93209
0.937264
0.938268
0.937422
0.932274
0.927561
0.92537
0.930388
0.935969
0.93228
0.934707
0.938841
0.931083
0.936069
0.937522
0.936168
0.940138
0.938547
0.9455
0.940852
0.940782
0.945573
0.935912
0.933466
0.945157
0.938906
0.93902
0.934696
0.93585
0.939691
0.934286
0.93298
0.933562
0.94226
0.944531
