1.36093
1.36814
1.36208
1.36812
1.35979
1.36473
1.36034
1.36053
1.35811
1.36143
1.35625
1.35809
1.34935
1.35908
1.35636
1.35538
1.36044
1.36162
1.36127
1.36351
1.3587
1.36574
1.35823
1.36326
1.36563
1.3569
1.3621
1.35915
1.35449
1.36415
1.3585
1.35858
1.35932
1.35967
1.35576
1.35676
1.35105
1.36481
1.36645
1.36253
1.36369
1.36506
1.36185
1.36189
1.35582
1.35346
1.35958
1.35636
1.36611
1.36265
1.36234
1.36006
1.36008
1.3562
1.36293
1.3637
1.36081
1.36332
1.3619
1.36161
1.35999
1.36293
1.35959
1.35823
1.36225
1.35974
1.35812
1.3585
1.35365
1.35458
1.35424
1.36303
1.35857
1.35387
1.36342
1.35775
1.35735
1.35952
1.35472
1.35407
1.36303
1.36164
1.35718
1.35439
1.35616
1.36019
1.3566
1.35797
1.35456
1.35928
1.36291
1.35133
1.36005
1.35958
1.35837
1.3593
1.35389
1.36058
1.36546
1.3642
1.36299
1.35822
1.35726
1.35753
1.35556
1.35336
1.35797
1.36372
1.36423
1.36427
1.35779
1.35417
1.3545
1.35584
1.35619
1.35506
1.35235
1.34844
1.34647
1.36085
1.36319
1.36525
1.36019
1.36217
1.36885
1.35849
1.3532
1.36297
1.35984
1.35841
1.35959
1.3569
1.36254
1.3561
1.35359
1.3532
1.35574
1.35606
1.3509
1.35474
1.35553
1.36047
1.35799
1.35614
1.35724
1.35533
1.35992
1.356
1.35378
1.35178
1.36252
1.35712
1.35871
1.3517
1.36049
1.35923
1.35626
1.35763
1.35582
1.35972
1.35828
1.3607
1.35856
1.35559
1.35895
1.36107
1.35751
1.35512
1.35198
1.35849
1.3598
1.36174
1.35489
1.3602
1.35353
1.34888
1.35582
1.3573
1.35842
1.35393
1.35292
1.35414
1.35894
1.35573
1.35678
1.35325
1.35367
1.35069
1.34761
1.35628
1.36136
1.35951
1.35956
1.36312
1.35652
1.35647
1.35585
1.35782
1.35784
1.36053
1.35735
1.35803
1.36177
1.35592
1.35942
1.35922
1.35644
1.35709
1.35157
1.35525
1.3569
1.36239
1.36024
1.36038
1.35886
1.35259
1.35137
1.3624
1.35878
1.35128
1.35628
1.36234
1.36319
1.35827
1.35574
1.35995
1.35623
1.3625
1.35367
1.35766
1.36103
1.35389
1.36299
1.36244
1.3589
1.35927
1.35285
1.35821
1.35619
1.35951
1.35603
1.36034
1.35683
1.36609
1.35631
1.35408
1.36235
1.35898
1.35736
1.357
1.36318
1.36333
1.36138
1.36085
1.36029
1.35996
1.36122
1.36087
1.35611
1.35764
1.35755
1.36212
1.35162
1.34829
1.35244
1.35669
1.35792
1.35601
1.35276
1.34911
1.35935
1.35961
1.35486
1.35716
1.35988
1.35522
1.3573
1.36091
1.35414
1.35206
1.34857
1.35245
1.35552
1.35734
1.35406
1.35533
1.35048
1.35514
1.3501
1.35268
1.35569
1.361
1.354
1.36025
1.35827
1.35863
1.35515
1.35287
1.35898
1.35126
1.35726
1.3598
1.35561
1.36514
1.35797
1.36037
1.36121
1.35389
1.35101
1.35379
1.35787
1.35662
1.36054
1.35212
1.35867
1.35489
1.35491
1.35764
1.35977
1.36267
1.36434
1.35647
1.35872
1.36368
1.35759
1.35153
1.35076
1.35909
1.36133
1.35613
1.35747
1.35709
1.35458
1.36421
1.36275
1.36238
1.36177
1.35976
1.35832
1.35607
1.35985
1.35359
1.35788
1.35745
1.3619
1.36008
1.35566
1.36433
1.35352
1.35791
1.3554
1.36139
1.3603
1.36314
1.3604
1.35412
1.36183
1.35525
1.361
1.36018
1.35654
1.36097
1.35211
1.3579
1.35719
1.35458
1.36363
1.35632
1.36218
1.35821
1.35874
1.36255
1.36794
1.363
1.36015
1.35924
1.35394
1.35772
1.35762
1.35831
1.35964
1.35688
1.36286
1.36109
1.35584
1.35263
1.35721
1.3621
1.35563
1.36034
1.36466
1.36206
1.35594
1.35623
1.35676
1.35333
1.35721
1.36453
1.35836
1.35352
1.35965
1.35917
1.35887
1.36297
1.35907
1.35997
1.35469
1.35616
1.36119
1.35635
1.36338
1.35172
1.34801
1.34352
1.35439
1.35664
1.35878
1.35879
1.36015
1.36012
1.35245
1.35883
1.35549
1.35896
1.36414
1.36225
1.35729
1.35797
1.36001
1.35876
1.35455
1.35637
1.35122
1.3531
1.35429
1.3515
1.35629
1.35803
1.3562
1.35209
1.35545
1.36201
1.35566
1.35211
1.35413
1.35484
1.35172
1.35803
1.35973
1.35324
1.35855
1.34862
1.34809
1.36302
1.35824
1.36165
1.36568
1.36212
1.3604
1.36322
1.35863
1.35383
1.35239
1.35594
1.36041
1.35662
1.36087
1.35457
1.35378
1.35927
1.35353
1.35851
1.36484
1.34605
1.35586
1.36063
1.35329
1.35779
1.35824
1.35518
1.36198
1.35855
1.35476
1.35525
1.35843
1.3563
1.3607
1.35144
1.35438
1.35872
1.35948
1.35933
1.36346
1.35649
1.35947
1.35787
1.35913
1.35112
1.35337
1.35561
1.35001
1.35727
1.36072
1.3543
1.35701
1.3543
1.36215
1.36147
1.35872
1.35735
1.36126
1.35496
1.35874
1.359
1.35936
1.36646
1.36128
1.35941
1.35718
1.36458
1.36256
1.35796
1.35955
1.35011
1.35807
1.35823
1.35974
1.35852
1.36028
1.35968
1.36045
1.36896
1.36088
1.36534
1.36422
1.36069
1.35804
1.3592
1.35564
1.35737
1.356
1.35722
1.36236
1.35935
1.36367
1.35555
1.36353
1.35315
1.36272
1.35921
1.36078
1.35693
1.36163
1.36018
1.35848
1.35623
1.35449
1.3601
1.35742
1.35702
1.3582
1.35822
1.35276
1.35582
1.35558
1.36417
1.35826
1.35858
1.35239
1.35746
1.36199
1.36779
1.36636
1.36359
1.35885
1.36252
1.35988
1.36231
1.36585
1.35863
1.35424
1.359
1.36168
1.3604
1.35776
1.35342
1.35856
1.35594
1.35787
1.35437
1.36153
1.35267
1.35044
1.35356
1.35495
1.3621
1.35715
1.36032
1.36267
1.36138
1.36327
1.35678
1.35373
1.35822
1.35907
1.36261
1.35811
1.36116
1.36231
1.35317
1.35748
1.35506
1.35484
1.35951
1.36471
1.35414
1.35091
1.35616
1.36345
1.3602
1.35758
1.36253
1.35939
1.36432
1.36406
1.35789
1.362
1.35909
1.35822
1.36766
1.3597
1.35315
1.36131
1.36226
1.36055
1.35492
1.3551
1.36085
1.35403
1.35951
1.36162
1.36553
1.35983
1.35781
1.36225
1.35274
1.36076
1.35495
1.35891
1.36283
1.36878
1.35945
1.3602
1.3546
1.35865
1.36009
1.35865
1.35653
1.35756
1.35466
1.35959
1.36137
1.36087
1.35955
1.36097
1.35923
1.3642
1.35714
1.3581
1.36619
1.35789
1.36362
1.36047
1.35628
1.36834
1.36784
1.35969
1.35918
1.35771
1.35344
1.36128
1.35732
1.35383
1.35873
1.35981
1.35939
1.35231
1.3536
1.35378
1.3609
1.35803
1.35553
1.35265
1.36159
1.35727
1.35671
1.36101
1.35751
1.3588
1.3575
1.35427
1.35906
1.36089
1.35877
1.36065
1.36223
1.352
1.34926
1.35246
1.36162
1.35647
1.34921
1.35477
1.35249
1.35575
1.35705
1.36184
1.36126
1.35987
1.35981
1.35704
1.35244
1.35842
1.37051
1.36385
1.36224
1.36405
1.357
1.35378
1.35763
1.36077
1.35606
1.35497
1.36081
1.35509
1.35749
1.35696
1.3531
1.35604
1.35708
1.35643
1.36548
1.35934
1.36366
1.36296
1.35818
1.36425
1.35948
1.35904
1.35258
1.35466
1.35744
1.36515
1.35814
1.3596
1.35702
1.36015
1.35588
1.35687
1.35717
1.35488
1.35516
1.35693
1.36068
1.36143
1.36522
1.35885
1.36012
1.35461
1.3534
1.35974
1.35611
1.3514
1.35296
1.3528
1.35569
1.35137
1.35225
1.35701
1.36153
1.35434
1.34814
1.35065
1.35593
1.35528
1.36029
1.3575
1.36267
1.35737
1.3583
1.35997
1.35372
1.3577
1.36221
1.35745
1.35161
1.35413
1.35149
1.35846
1.35508
1.35703
1.3561
1.35377
1.35798
1.35853
1.3592
1.35501
1.35619
1.36106
1.35516
1.36053
1.35939
1.35493
1.35649
1.3579
1.35954
1.36069
1.35578
1.34993
1.35613
1.35643
1.35265
1.35617
1.35133
1.35759
1.36363
1.35944
1.36192
1.35882
1.35601
1.35754
1.35533
1.36424
1.35591
1.35578
1.35087
1.35392
1.34939
1.35461
1.35542
1.35597
1.34971
1.35217
1.35281
1.34506
1.35119
1.35183
1.35542
1.35351
1.35748
1.35777
1.35753
1.35382
1.3528
1.35707
1.36176
1.36024
1.35329
1.3492
1.35674
1.35904
1.35562
1.3599
1.35746
1.35399
1.35425
1.36018
1.36085
1.35962
1.35718
1.35699
1.35777
1.36112
1.36733
1.36603
1.35485
1.35525
1.36069
1.3557
1.35468
1.35946
1.35547
1.35894
1.35508
1.35747
1.36061
1.35482
1.35185
1.35745
1.36143
1.35956
1.36254
1.35443
1.36142
1.36225
1.3638
1.3597
1.35799
1.36087
1.36032
1.36332
1.35381
1.34883
1.35972
1.35116
1.35485
1.35689
1.36194
1.36073
1.35954
1.35655
1.35964
1.35802
1.36751
1.36628
1.35634
1.35946
1.35076
1.3533
1.35741
1.34945
1.35755
1.35964
1.35708
1.35871
1.35787
1.35916
1.35726
1.35642
1.35442
1.3499
1.35632
1.35508
1.35335
1.35256
1.35988
1.34962
1.35373
1.35567
1.35251
1.34713
1.35565
1.35351
1.35427
1.35201
1.35385
1.35792
1.35234
1.35536
1.35708
1.36015
1.35162
1.3563
1.35086
1.35761
1.35605
1.36085
1.36327
1.35654
1.35139
1.34682
1.35487
1.35441
1.35472
1.3535
1.35332
1.35313
1.35227
1.35826
1.3594
1.35842
1.35142
1.36258
1.36137
1.35852
1.3486
1.35186
1.36257
1.35876
1.35305
1.35734
1.36186
1.35716
1.36198
1.36197
1.35596
1.36245
1.35102
1.35915
1.36135
1.35714
1.35396
1.3574
1.3495
1.35804
1.35753
1.3649
1.35216
1.35374
1.35974
1.35891
1.36104
1.35468
1.35368
1.35772
1.35941
1.35859
1.35144
1.35594
1.35125
1.35678
1.35895
1.36179
1.36154
1.3612
1.35804
1.3574
1.36351
1.36152
1.36091
1.35988
1.35523
1.357
1.35382
1.35933
1.36213
1.35562
1.35838
1.35757
1.35865
1.36038
1.35454
1.36076
1.36264
1.3561
1.34982
1.35021
1.35919
1.36071
1.35928
1.35038
1.35606
1.35759
1.35748
1.35709
1.35869
1.36323
1.35364
1.36119
1.35741
1.35717
1.35877
1.35111
1.3507
1.35081
1.35701
1.36047
1.3585
1.3547
1.36139
1.36183
1.35755
1.35875
1.35818
1.35872
1.35848
1.35668
1.35852
1.35486
1.36043
1.36457
1.36052
1.35746
1.35685
1.3547
1.35479
1.35786
1.36265
1.35134
1.35681
1.35453
1.36033
1.3592
1.35127
1.34899
1.35859
1.35575
1.3588
1.35952
1.36328
1.35814
1.36132
1.35505
1.35265
1.35945
1.35166
1.35681
1.35223
1.35922
1.36578
1.3592
1.34729
1.35497
1.34623
1.35477
1.35973
1.3545
1.35884
1.36159
1.35714
1.36547
1.35682
1.35926
1.35617
1.35027
1.36092
1.35297
1.36257
1.36313
1.36245
1.36068
1.3625
1.3644
1.36507
1.36086
1.36427
1.35863
1.36357
1.36084
1.35772
1.35933
1.35216
1.35873
1.35516
1.36351
1.35299
1.3574
1.35613
1.35835
1.36085
1.34782
1.35641
1.35192
1.36188
1.36202
1.35617
1.3496
1.3578
1.35904
1.35733
1.35598
1.36202
1.35565
1.35269
1.3527
1.36021
1.36052
1.35522
1.35733
1.35418
1.34896
1.35793
1.3576
1.35881
1.35843
1.35953
1.36044
1.35448
1.35583
1.35886
1.35396
1.3569
1.35481
1.35019
1.35797
1.35744
1.36405
1.35929
1.35503
1.36061
1.35955
1.35674
1.36091
1.35773
1.35968
1.36204
1.357
1.35387
1.35992
1.35394
1.35835
1.35631
1.35491
1.36001
1.35564
1.35553
1.35063
1.35341
1.35591
1.36008
1.36411
1.35955
1.35522
1.35779
1.36079
1.35507
1.35333
1.35697
1.35411
1.35777
1.36175
1.35695
1.35828
1.36415
1.36326
1.3629
1.35799
1.34945
1.35245
1.35681
1.35673
1.3528
1.35637
1.35197
1.35472
1.3588
1.35738
1.36329
1.35477
1.357
1.36262
1.36143
1.35574
1.36281
1.35512
1.36347
1.36603
1.36036
1.35454
1.357
1.35833
1.36134
1.36412
1.35873
1.35485
1.3549
1.35437
1.35503
1.35465
1.35034
1.35554
1.35816
1.35249
1.35279
1.35818
1.35616
1.36163
1.36157
1.3629
1.36357
1.36157
1.35458
1.35365
1.35835
1.35565
1.36349
1.35914
1.3669
1.3646
1.36253
1.35797
1.35776
1.36444
1.35617
1.36099
1.35502
1.36042
1.36188
1.35714
1.35986
1.35415
1.35435
1.3601
1.35675
1.35035
1.36252
1.36124
1.36261
1.35793
1.36205
1.35835
1.35866
1.35676
1.36669
1.3616
1.36739
1.36506
1.35338
1.36412
1.35732
1.34792
1.35328
1.35169
1.35827
1.36207
1.35718
1.35611
1.35866
1.35776
1.36382
1.36389
1.35991
1.36325
1.36652
1.36303
1.35581
1.36322
1.35946
1.35883
1.35798
1.3543
1.35603
1.35558
1.35587
1.36254
1.35915
1.3617
1.35345
1.35647
1.36007
1.35806
1.35612
1.36051
1.36321
1.35354
1.35201
1.35805
1.35864
1.36236
1.35705
1.35878
1.35918
1.36246
1.35194
1.3564
1.35423
1.36133
1.3649
1.35783
1.36027
1.36156
1.36279
1.36007
1.35697
1.35916
1.35337
1.3587
1.35948
1.36003
1.36527
1.36209
1.35153
1.35415
1.3639
1.36048
1.35402
1.35899
1.35664
1.35829
1.35699
1.36047
1.35655
1.35109
1.35138
1.35309
1.34268
1.35974
1.36151
1.35717
1.36231
1.35817
1.36417
1.36138
1.35474
1.35383
1.35647
1.36265
1.35742
1.35557
1.35656
1.36589
1.35588
1.36236
1.35945
1.36178
1.3596
1.35487
1.34973
1.3527
1.36184
1.36351
1.35426
1.35691
1.36119
1.36306
1.3632
1.36019
1.36227
1.3587
1.36075
1.36062
1.36259
1.35824
1.35795
1.35879
1.36324
1.35796
1.35706
1.36561
1.35532
1.35249
1.3555
1.35728
1.35643
1.35953
1.3577
1.36175
1.36193
1.36012
1.35139
1.35934
1.35903
1.36167
1.36026
1.35662
1.35279
1.35729
1.35385
1.35821
1.36255
1.36155
1.3577
1.35609
1.35488
1.35699
1.36419
1.36318
1.35574
1.36006
1.35779
1.36422
1.3605
1.35918
1.35763
1.35474
1.35998
1.36277
1.35665
1.35685
1.35543
1.35469
1.36108
1.35796
1.36343
1.35635
1.36223
1.35335
1.36356
1.35725
1.35472
1.35505
1.35025
1.35498
1.35821
1.35917
1.35508
1.36085
1.36128
1.36421
1.36091
1.3608
1.35761
1.35928
1.35265
1.35571
1.36012
1.35422
1.361
1.35228
1.36474
1.35633
1.36
1.36035
1.35879
1.36101
1.35475
1.35538
1.35086
1.35522
1.3551
1.35482
1.36357
1.35981
1.35286
1.35897
1.35626
1.35778
1.36167
1.35756
1.35761
1.35262
1.35418
1.35367
1.35466
1.36243
1.35849
1.35666
1.36211
1.35337
1.35743
1.35733
1.35848
1.36101
1.36143
1.35466
1.35776
1.35959
1.36151
1.35332
1.35872
1.3608
1.35315
1.35351
1.35462
1.35936
1.35925
1.35672
1.36283
1.35973
1.35598
1.3534
1.35588
1.36167
1.36121
1.35642
1.35815
1.36026
1.36471
1.36336
1.35787
1.35231
1.35244
1.35232
1.36512
1.36525
1.36492
1.35728
1.3637
1.35962
1.36434
1.35883
1.35655
1.35746
1.35783
1.35702
1.35672
1.35437
1.35172
1.36234
1.35703
1.35609
1.35703
1.35579
1.35636
1.36018
1.35517
1.3602
1.35749
1.36171
1.36394
1.36084
1.3562
1.35768
1.35812
1.35232
1.35576
1.35569
1.35179
1.35335
1.35355
1.35942
1.36493
1.36181
1.35693
1.35856
1.35973
1.35761
1.36243
1.35855
1.35795
1.35282
1.35546
1.35646
1.35609
1.36077
1.36777
1.35855
1.36854
1.36141
1.35937
1.36111
1.36205
1.36236
1.36152
1.35773
1.35834
1.35934
1.35941
1.36037
1.36685
1.3593
1.35978
1.35778
1.35736
1.35728
1.35658
1.35273
1.34974
1.35454
1.35351
1.35653
1.36163
1.3595
1.36105
1.35537
1.35906
1.3552
1.36568
1.35965
1.36874
1.36248
1.35935
1.3582
1.36241
1.35816
1.35954
1.35936
1.36099
1.36366
1.36631
1.36679
1.3653
1.36308
1.35615
1.3644
1.35933
1.35496
1.36436
1.3587
1.35871
1.35702
1.3553
1.36465
1.35695
1.3575
1.36168
1.35379
1.35523
1.35909
1.35367
1.35416
1.35839
1.36099
1.3619
1.35948
1.35995
1.36339
1.36434
1.36577
1.3656
1.35563
1.36376
1.3573
1.35859
1.36127
1.35979
1.36029
1.36467
1.35894
1.36179
1.35754
1.35618
1.3594
1.35808
1.35785
1.35836
1.36046
1.35883
1.35583
1.35747
1.35116
1.36137
1.36096
1.35915
1.35829
1.35727
1.35118
1.34813
1.36103
1.35975
1.36039
1.36231
1.36524
1.36323
1.35642
1.35301
1.3588
1.35724
1.36084
1.36108
1.36255
1.35904
1.35812
1.36176
1.36143
1.36341
1.35983
1.35644
1.35854
1.35353
1.35539
1.36174
1.35798
1.35802
1.35589
1.36552
1.35239
1.35266
1.36008
1.3496
1.35364
1.35797
1.3525
1.35811
1.3517
1.35483
1.3577
1.35737
1.35997
1.35457
1.35833
1.3568
1.36461
1.36118
1.35689
1.3624
1.3599
1.35806
1.3589
1.35524
1.35096
1.35755
1.35314
1.36262
1.35474
1.35748
1.36585
1.35959
1.35836
1.36095
1.36149
1.35749
1.36183
1.36154
1.3602
1.36443
1.36364
1.35996
1.36
1.36568
1.36327
1.35983
1.35451
1.35997
1.35107
1.34888
1.35276
1.35061
1.35254
1.35216
1.35542
1.35364
1.35407
1.35537
1.35415
1.35858
1.35977
1.3654
1.35809
1.35472
1.34603
1.35786
1.35807
1.35736
1.35372
1.35758
1.35946
1.35711
1.35527
1.3599
1.35882
1.35756
1.35776
1.35637
1.36035
1.3547
1.35739
1.36373
1.35854
1.36315
1.35498
1.35348
1.35587
1.35395
1.35914
1.35965
1.3583
1.35685
1.35404
1.35663
1.35873
1.35144
1.35716
1.35644
1.35986
1.36488
1.36204
1.35924
1.36485
1.35778
1.35399
1.35751
1.35559
1.36195
1.3545
1.36327
1.35687
1.35925
1.35935
1.3576
1.36257
1.364
1.36437
1.35825
1.36177
1.35778
1.35862
1.35282
1.35717
1.36024
1.36263
1.35436
1.36053
1.35559
1.35352
1.35978
1.35985
1.36566
1.35383
1.34977
1.3551
1.35381
1.35976
1.35594
1.36296
1.351
1.35759
1.36038
1.36068
1.35502
1.35442
1.35599
1.35692
1.3597
1.35555
1.36273
1.35676
1.35624
1.36015
1.35617
1.34915
1.35744
1.35623
1.35598
1.35583
1.35366
1.36368
1.3526
1.35944
1.35616
1.35461
1.35199
1.35627
1.35511
1.3579
1.35346
1.35593
1.36047
1.35804
1.35677
1.35007
1.36052
1.35911
1.35229
1.35507
1.35487
1.35327
1.35569
1.35907
1.36373
1.35422
1.35519
1.34917
1.35655
1.35501
1.35622
1.36075
1.35444
1.35958
1.35644
1.35047
1.35757
1.35673
1.3549
1.35859
1.35784
1.35371
1.35543
1.35469
1.35576
1.36025
1.36272
1.36264
1.36055
1.35531
1.35325
1.3624
1.36447
1.36015
1.35791
1.35741
1.3629
1.35949
1.36145
1.35981
1.35967
1.36428
1.36033
1.35938
1.36038
1.35232
1.35086
1.35272
1.35159
1.35854
1.35249
1.35022
1.35738
1.36025
1.35392
1.35383
1.352
1.35199
1.35518
1.36088
1.36094
1.35498
1.3621
1.35757
1.35792
1.36286
1.35972
1.35583
1.35891
1.35998
1.36242
1.36123
1.35439
1.35868
1.35712
1.35647
1.36409
1.36777
1.35813
1.35797
1.36103
1.35385
1.35777
1.36083
1.36372
1.36167
1.35998
1.35911
1.3553
1.34975
1.35173
1.36014
1.35495
1.35706
1.35856
1.35895
1.35827
1.35325
1.35864
1.36035
1.35307
1.35908
1.35969
1.35642
1.36265
1.35928
1.36054
1.36008
1.3539
1.35484
1.35745
1.34958
1.35957
1.36168
1.35998
1.35592
1.35525
1.35429
1.34996
1.35488
1.35736
1.36028
1.36261
1.36156
1.35735
1.36252
1.36484
1.36313
1.3551
1.36697
1.35311
1.3579
1.36174
1.35732
1.36067
1.35473
1.35223
1.35577
1.35506
1.35588
1.35337
1.35905
1.35888
1.36094
1.3628
1.36469
1.35832
1.36342
1.36126
1.35401
1.35185
1.35944
1.35763
1.35576
1.36204
1.35729
1.35582
1.35315
1.35605
1.36009
1.3553
1.3627
1.35973
1.3558
1.3547
1.35882
1.35091
1.35709
1.35212
1.35978
1.35091
1.36244
1.35192
1.35666
1.35747
1.35317
1.35841
1.35459
1.35867
1.35782
1.35769
1.35781
1.35303
1.35597
1.3535
1.35733
1.35261
1.35686
1.35564
1.35775
1.35475
1.35364
1.35424
1.35131
1.35589
1.35509
1.3592
1.35979
1.35898
1.35636
1.36554
1.35629
1.35713
1.35453
1.35905
1.35217
1.35153
1.35544
1.35242
1.3577
1.34915
1.35828
1.35406
1.36046
1.35294
1.35607
1.35152
1.35029
1.35001
1.35641
1.35556
1.35753
1.35767
1.36116
1.36085
1.35887
1.36324
1.36326
1.35587
1.35425
1.35413
1.35939
1.36104
1.35743
1.361
1.36071
1.34961
1.35665
1.35394
1.34591
1.35317
1.36126
1.34948
1.35591
1.35881
1.35981
1.35752
1.35851
1.36393
1.35586
1.35828
1.35253
1.35964
1.35791
1.35226
1.35402
1.35781
1.35986
1.35646
1.35602
1.3479
1.35226
1.35212
1.35041
1.35486
1.3589
1.35879
1.35278
1.34878
1.3507
1.35044
1.36022
1.35178
1.36144
1.35659
1.35794
1.3576
1.3609
1.35892
1.35908
1.36002
1.3647
1.36041
1.36058
1.36178
1.36044
1.35422
1.35912
1.35315
1.35833
1.35344
1.35912
1.3576
1.35441
1.35468
1.35592
1.3599
1.35724
1.36013
1.36116
1.36589
1.36062
1.36309
1.3556
1.35252
1.35097
1.3545
1.35692
1.3559
1.36122
1.36598
1.35944
1.36204
1.35911
1.35283
1.35641
1.35656
1.35598
1.34975
1.35731
1.35959
1.35616
1.35668
1.35965
1.35136
1.35949
1.35138
1.35116
1.36076
1.36025
1.35317
1.3558
1.37226
1.35032
1.36665
1.3566
1.36699
1.3518
1.35758
1.36038
1.36052
1.35857
1.36125
1.35909
1.35532
1.35932
1.35614
1.35669
1.35412
1.35758
1.36601
1.35607
1.35713
1.35626
1.36187
1.3602
1.36074
1.3554
1.36572
1.36045
1.35913
1.35705
1.36056
1.36171
1.35757
1.35931
1.35644
1.35843
1.36058
1.3592
1.36023
1.35906
1.35718
1.3577
1.36478
1.35938
1.36476
1.35984
1.35849
1.35923
1.35822
1.36354
1.36124
1.35501
1.35833
1.35585
1.35006
1.35502
1.35968
1.35149
1.36075
1.35902
1.35747
1.36284
1.35845
1.36146
1.35973
1.35665
1.36015
1.3533
1.35729
1.35539
1.35845
1.35177
1.35459
1.35137
1.34277
1.34741
1.35081
1.35185
1.3569
1.35527
1.35811
1.36008
1.35404
1.35494
1.35307
1.35562
1.35391
1.35256
1.35959
1.35933
1.35046
1.35106
1.35487
1.35342
1.35416
1.35826
1.36152
1.35327
1.35511
1.35444
1.3604
1.35893
1.35171
1.36277
1.36132
1.35542
1.35699
1.35711
1.36226
1.35691
1.36441
1.3544
1.35639
1.36105
1.3522
1.35831
1.358
1.35895
1.35485
1.3535
1.35507
1.34981
1.3554
1.35834
1.35112
1.35615
1.36131
1.36013
1.36195
1.35466
1.35663
1.35632
1.3534
1.36294
1.35801
1.35866
1.35371
1.34754
1.35598
1.35678
1.35701
1.36219
1.35593
1.35763
1.35781
1.35648
1.35798
1.35252
1.35375
1.3555
1.35541
1.35432
1.36519
1.35292
1.35502
1.35445
1.35352
1.34858
1.35098
1.3532
1.34822
1.35058
1.34939
1.36177
1.35347
1.35706
1.36245
1.35756
1.35368
1.3519
1.35688
1.35048
1.36058
1.35966
1.36594
1.36609
1.36025
1.35668
1.35452
1.35582
1.36153
1.35149
1.35699
1.35574
1.35392
1.35888
1.34894
1.35233
1.35878
1.35533
1.3542
1.35685
1.35818
1.35223
1.3639
1.36587
1.35448
1.35194
1.35774
1.35798
1.35665
1.35427
1.35517
1.36191
1.35737
1.36393
1.35816
1.35298
1.34966
1.35704
1.3464
1.36422
1.35851
1.35947
1.36501
1.35742
1.35425
1.35463
1.35211
1.3581
1.35903
1.35726
1.35138
1.35234
1.35301
1.35903
1.35967
1.35486
1.35526
1.35635
1.36162
1.3617
1.36192
1.35875
1.35163
1.36127
1.35899
1.35552
1.3547
1.36129
1.35825
1.35358
1.35535
1.36204
1.36295
1.36145
1.35528
1.3536
1.35154
1.35522
1.34939
1.3525
1.35286
1.35408
1.35604
1.35048
1.35609
1.35025
1.35856
1.35184
1.36399
1.35578
1.35561
1.34949
1.35742
1.35608
1.35919
1.3571
1.35472
1.35497
1.3601
1.35883
1.35583
1.35522
1.3545
1.35597
1.36331
1.36457
1.36797
1.36178
1.36201
1.35581
1.35368
1.35427
1.35993
1.35493
1.35787
1.35361
1.35817
1.35556
1.35349
1.35369
1.36085
1.36037
1.35629
1.35423
1.35826
1.3564
1.35739
1.35997
1.36117
1.36581
1.35827
1.35996
1.35145
1.35225
1.3527
1.3563
1.36264
1.35247
1.358
1.35559
1.3564
1.35778
1.36253
1.35708
1.35088
1.3551
1.35664
1.35122
1.35702
1.35945
1.35576
1.35264
1.35758
1.35603
1.36304
1.35108
1.35767
1.35856
1.35682
1.35862
1.36259
1.3566
1.35033
1.35683
1.35947
1.36051
1.35844
1.35914
1.35689
1.35558
1.36235
1.36287
1.35388
1.35702
1.35266
1.35375
1.35572
1.35837
1.35922
1.35836
1.3682
1.36054
1.35664
1.3596
1.35924
1.35998
1.35513
1.3639
1.35665
1.35488
1.35478
1.3519
1.35238
1.35122
1.3544
1.36308
1.36033
1.35216
1.35764
1.35929
1.35545
1.35713
1.36589
1.35874
1.35691
1.35768
1.35914
1.35642
1.35967
1.3611
1.35492
1.35665
1.35546
1.35382
1.35934
1.35879
1.36516
1.36084
1.36078
1.36464
1.35856
1.36003
1.35271
1.35414
1.36044
1.36238
1.35641
1.35818
1.35429
1.35261
1.35462
1.35451
1.36115
1.36212
1.35865
1.35445
1.35913
1.3515
1.35518
1.35757
1.35318
1.3554
1.35706
1.35547
1.35203
1.36101
1.35812
1.35314
1.35734
1.3585
1.36121
1.35741
1.36231
1.35963
1.362
1.35699
1.35406
1.36044
1.35818
1.35363
1.3555
1.35323
1.35505
1.35187
1.35465
1.35695
1.35355
1.3578
1.36503
1.35209
1.35623
1.35319
1.34374
1.34821
1.34971
1.35325
1.36271
1.35377
1.35491
1.35319
1.35277
1.35428
1.35772
1.35959
1.35682
1.3555
1.35797
1.35692
1.3524
1.36234
1.35565
1.3596
1.36173
1.3546
1.35673
1.35583
1.35877
1.36105
1.35777
1.35504
1.35601
1.35171
1.3553
1.34888
1.35472
1.35212
1.3576
1.3485
1.36021
1.35904
1.36002
1.35536
1.355
1.3538
1.36159
1.36279
1.35964
1.36283
1.35573
1.35114
1.35509
1.3529
1.34692
1.3505
1.35602
1.35905
1.35512
1.35393
1.34947
1.35622
1.35239
1.358
1.35553
1.35364
1.35132
1.35412
1.36041
1.35115
1.35812
1.35363
1.35672
1.35651
1.35341
1.35205
1.35703
1.36276
1.36061
1.35927
1.36034
1.35173
1.35093
1.35442
1.35243
1.35627
1.35351
1.35044
1.36129
1.35968
1.35674
1.35132
1.3502
1.35613
1.35678
1.35057
1.35907
1.3492
1.34704
1.35245
1.35874
1.361
1.35738
1.35662
1.3524
1.35621
1.35416
1.35529
1.35479
1.36269
1.35769
1.35417
1.35904
1.35169
1.35434
1.35369
1.35135
1.35605
1.3569
1.35342
1.35386
1.35552
1.34938
1.35781
1.36063
1.36274
1.3538
1.34935
1.35791
1.35812
1.36358
1.36061
1.36606
1.36029
1.35639
1.35376
1.36016
1.35478
1.35175
1.35171
1.35207
1.35922
1.35742
1.3549
1.35595
1.35702
1.36401
1.35358
1.36042
1.3597
1.35531
1.35729
1.3535
1.3523
1.35337
1.35758
1.35484
1.35195
1.35057
1.35746
1.35213
1.36034
1.3605
1.3625
1.35913
1.35536
1.36044
1.35613
1.36285
1.35778
1.3556
1.36161
1.3613
1.36123
1.35614
1.35596
1.35425
1.3535
1.35357
1.35222
1.35029
1.35321
1.35884
1.35492
1.35545
1.35686
1.36205
1.35977
1.35037
1.34664
1.35299
1.35385
1.35562
1.35737
1.35697
1.35578
1.36015
1.36009
1.35284
1.35187
1.3633
1.35567
1.36214
1.35828
1.36067
1.35594
1.36438
1.36592
1.36441
1.35884
1.35688
1.35578
1.34952
1.3456
1.35466
1.35113
1.35596
1.35514
1.35635
1.35854
1.35542
1.36301
1.35375
1.35088
1.35578
1.35419
1.3621
1.35687
1.35216
1.35404
1.35152
1.357
1.35248
1.35037
1.35991
1.36065
1.36407
1.35624
1.35801
1.35403
1.36049
1.35495
1.35014
1.35405
1.35083
1.35642
1.35611
1.35541
1.3505
1.35115
1.35545
1.3532
1.36051
1.35358
1.35418
1.36103
1.35454
1.35504
1.3576
1.35543
1.36084
1.3564
1.35317
1.35544
1.3595
1.35093
1.3538
1.36069
1.36067
1.35895
1.36373
1.36534
1.35601
1.35663
1.35029
1.35145
1.3571
1.35533
1.3562
1.35866
1.35479
1.35481
1.35809
1.35597
1.35236
1.35668
1.35472
1.35188
1.35763
1.3577
1.35786
1.36026
1.36113
1.35707
1.35472
1.35934
1.35641
1.35887
1.35362
1.3611
1.35919
1.35663
1.3582
1.36305
1.36081
1.35822
1.363
1.36327
1.3649
1.35904
1.35722
1.35954
1.36483
1.35657
1.35901
1.35981
1.35241
1.35673
1.35045
1.36163
1.35573
1.3606
1.36293
1.35495
1.35693
1.35582
1.36187
1.36018
1.3548
1.35587
1.3484
1.35078
1.35733
1.35504
1.35567
1.35244
1.35181
1.35764
1.35581
1.35832
1.3528
1.35476
1.354
1.356
1.34467
1.35013
1.34801
1.34842
1.35235
1.35283
1.36061
1.35414
1.36198
1.35409
1.35268
1.35322
1.35389
1.35681
1.35634
1.3594
1.35815
1.36032
1.35513
1.35171
1.35879
1.35035
1.35657
1.35343
1.35682
1.35585
1.35289
1.35369
1.35705
1.3551
1.35662
1.35373
1.35854
1.35719
1.35855
1.35228
1.35139
1.35513
1.35083
1.35347
1.35513
1.35872
1.35778
1.35986
1.36101
1.36281
1.34966
1.34807
1.3633
1.35566
1.35215
1.35549
1.3578
1.35777
1.36516
1.35907
1.34837
1.35866
1.35824
1.36629
1.35042
1.35241
1.35158
1.35047
1.35413
1.35422
1.3577
1.35555
1.3611
1.35855
1.35662
1.35586
1.35704
1.36154
1.35484
1.35874
1.36516
1.35715
1.35622
1.35133
1.35455
1.35422
1.35493
1.35946
1.35835
1.3589
1.35492
1.36142
1.36927
1.36519
1.35294
1.35131
1.3533
1.35969
1.35816
1.35863
1.35715
1.36021
1.35931
1.36016
1.35677
1.36225
1.3582
1.35677
1.35777
1.35921
1.35732
1.3516
1.35383
1.35729
1.35561
1.35932
1.35761
1.35813
1.36165
1.3575
1.3612
1.35623
1.35173
1.35083
1.36083
1.35485
1.36445
1.36378
1.36476
1.36068
1.35977
1.36011
1.35807
1.35854
1.35788
1.35896
1.35954
1.36072
1.36851
1.36239
1.36454
1.36192
1.36302
1.3538
1.36375
1.3563
1.35321
1.35777
1.35976
1.35592
1.35784
1.35943
1.36052
1.35757
1.36149
1.35849
1.35784
1.35083
1.35205
1.35628
1.3561
1.35837
1.34953
1.3603
1.35399
1.35728
1.36005
1.35725
1.36071
1.35876
1.35992
1.3593
1.35872
1.3505
1.35852
1.36241
1.35676
1.35799
1.36
1.35574
1.36071
1.36074
1.35492
1.35701
1.35278
1.35012
1.35527
1.35635
1.35066
1.35711
1.34904
1.35749
1.35791
1.35053
1.35143
1.3577
1.35092
1.3502
1.35199
1.35353
1.35729
1.35745
1.36218
1.35491
1.36378
1.36156
1.35603
1.34959
1.35158
1.35801
1.36459
1.3603
1.35765
1.35378
1.3542
1.35428
1.35734
1.35251
1.35491
1.34912
1.35736
1.36328
1.35887
1.35831
1.3601
1.35787
1.3608
1.3593
1.35637
1.36977
1.36366
1.36042
1.35723
1.35897
1.36253
1.36131
1.35827
1.36524
1.35949
1.36057
1.35923
1.35612
1.35154
1.35894
1.3601
1.3602
1.35162
1.35862
1.36184
1.35075
1.35954
1.35877
1.35399
1.34685
1.35122
1.35853
1.36319
1.35424
1.36339
1.35909
1.36122
1.35739
1.3529
1.35116
1.35862
1.35909
1.36329
1.35566
1.35972
1.35905
1.36215
1.36389
1.36143
1.36054
1.35261
1.35114
1.3538
1.34994
1.35271
1.35957
1.35893
1.3527
1.35651
1.35469
1.3535
1.35297
1.35586
1.35665
1.35152
1.35742
1.3595
1.35319
1.35732
1.36729
1.36167
1.36131
1.36219
1.35648
1.35869
1.35907
1.35971
1.35182
1.35649
1.35652
1.35809
1.35424
1.3549
1.34885
1.35191
1.34863
1.35614
1.35706
1.35359
1.35121
1.35957
1.35483
1.35305
1.36032
1.36054
1.35669
1.35613
1.36145
1.35275
1.35397
1.36115
1.34916
1.36123
1.3579
1.35934
1.35474
1.35094
1.35599
1.35255
1.35358
1.35601
1.36204
1.35481
1.35868
1.35512
1.35787
1.35365
1.357
1.35657
1.3542
1.35735
1.35382
1.35978
1.36096
1.36791
1.35398
1.35412
1.35478
1.35692
1.35782
1.3511
1.35671
1.35472
1.36038
1.36012
1.36047
1.35631
1.35574
1.3539
1.35917
1.35509
1.36422
1.36167
1.35942
1.35136
1.35247
1.35673
1.36083
1.35819
1.35551
1.35465
1.34978
1.35592
1.35571
1.34583
1.35331
1.35226
1.35095
1.35392
1.35636
1.35947
1.36032
1.35642
1.35464
1.35574
1.3529
1.35635
1.35447
1.35733
1.35096
1.35517
1.36008
1.3538
1.35543
1.35321
1.34903
1.35255
1.35866
1.35668
1.35681
1.35954
1.35937
1.35728
1.36087
1.35852
1.35571
1.35098
1.35108
1.36312
1.35987
1.35736
1.35027
1.35712
1.35746
1.35988
1.35555
1.35445
1.35895
1.35482
1.36068
1.35449
1.36108
1.35853
1.36209
1.36586
1.35648
1.35576
1.35719
1.35946
1.35795
1.35899
1.36062
1.35744
1.35775
1.35933
1.36657
1.35806
1.35619
1.3561
1.35735
1.35645
1.35236
1.35578
1.35293
1.35714
1.36005
1.353
1.35622
1.35918
1.35588
1.35449
1.35779
1.35577
1.35006
1.35427
1.35996
1.36458
1.36614
1.35838
1.35678
1.35405
1.35948
1.36103
1.35779
1.36209
1.35623
1.35798
1.3528
1.35678
1.35743
1.36078
1.36292
1.3632
1.35626
1.36384
1.354
1.36349
1.35808
1.35489
1.35307
1.3574
1.35148
1.36229
1.36029
1.36015
1.35589
1.36043
1.35997
1.36133
1.35921
1.36108
1.36688
1.36463
1.36454
1.35398
1.3531
1.35221
1.35406
1.35308
1.354
1.35473
1.35704
1.3609
1.36113
1.35926
1.35564
1.35756
1.35747
1.3605
1.35394
1.35321
1.35522
1.36436
1.35571
1.3597
1.35632
1.35109
1.3547
1.35614
1.35562
1.35217
1.35635
1.35575
1.35922
1.35846
1.35423
1.354
1.35183
1.34711
1.35039
1.35363
1.35501
1.35472
1.3555
1.35359
1.35969
1.35119
1.35208
1.35444
1.3502
1.35791
1.35669
1.3533
1.36073
1.35953
1.35963
1.35128
1.3596
1.35749
1.35543
1.35873
1.36064
1.36349
1.35681
1.35956
1.35432
1.35477
1.35794
1.35188
1.34994
1.35244
1.35376
1.35767
1.35885
1.35797
1.359
1.355
1.35605
1.35405
1.35559
1.35059
1.35785
1.35872
1.35747
1.35697
1.3487
1.3529
1.35605
1.35408
1.34942
1.35686
1.35127
1.3566
1.36385
1.36005
1.35894
1.36051
1.35725
1.35984
1.35941
1.35178
1.35732
1.36871
1.35846
1.35737
1.36886
1.35625
1.35604
1.35701
1.35786
1.35538
1.3537
1.34871
1.35553
1.36049
1.36179
1.35812
1.35572
1.35375
1.35218
1.35692
1.3608
1.35575
1.35811
1.35746
1.36245
1.36187
1.35734
1.36
1.35908
1.3548
1.36057
1.35823
1.36072
1.35646
1.35577
1.35844
1.34881
1.3564
1.357
1.36251
1.36132
1.36244
1.35517
1.35393
1.3578
1.35336
1.36075
1.36014
1.35391
1.35769
1.36387
1.3532
1.35523
1.35946
1.35384
1.3595
1.35811
1.36082
1.35892
1.35867
1.35346
1.35512
1.35784
1.35922
1.35554
1.35616
1.35489
1.35643
1.36167
1.36478
1.353
1.35313
1.35576
1.3598
1.35827
1.36162
1.35195
1.35532
1.35713
1.36186
1.361
1.3595
1.35339
1.35256
1.36113
1.35828
1.35756
1.36116
1.35544
1.35431
1.3557
1.35701
1.35506
1.35664
1.36469
1.35978
1.35609
1.35596
1.35296
1.35666
1.34844
1.35739
1.35915
1.35637
1.36293
1.35964
1.35768
1.35421
1.35699
1.35725
1.35384
1.3607
1.36046
1.35735
1.36292
1.36366
1.36159
1.35809
1.35687
1.35949
1.35508
1.35277
1.3568
1.36126
1.35754
1.35639
1.35746
1.36169
1.34592
1.35057
1.35524
1.34972
1.34785
1.35628
1.35414
1.35845
1.35899
1.35965
1.35618
1.35464
1.35759
1.35677
1.35397
1.35562
1.36067
1.35575
1.35802
1.3559
1.35627
1.3498
1.35693
1.35706
1.35988
1.35957
1.3582
1.35452
1.35469
1.34406
1.35678
1.35343
1.3552
1.35292
1.35469
1.36182
1.35827
1.35934
1.35772
1.35321
1.35398
1.35322
1.35617
1.35861
1.35495
1.35634
1.35559
1.35645
1.35559
1.35784
1.36245
1.35942
1.35735
1.35488
1.35938
1.36305
1.36062
1.35937
1.36015
1.353
1.35207
1.35457
1.35724
1.35495
1.36362
1.35974
1.35515
1.35687
1.35954
1.3577
1.35434
1.35754
1.3512
1.35005
1.35364
1.3589
1.35628
1.35818
1.35559
1.35858
1.36037
1.35604
1.34881
1.35714
1.36076
1.35869
1.35329
1.34721
1.35602
1.35694
1.35697
1.35914
1.35336
1.36484
1.36159
1.36025
1.36028
1.36178
1.35969
1.36295
1.35792
1.35285
1.35246
1.3499
1.35395
1.35693
1.35977
1.35449
1.34937
1.3557
1.35191
1.35708
1.35178
1.35528
1.35191
1.36391
1.36086
1.35817
1.35869
1.35689
1.357
1.35728
1.35436
1.35304
1.35017
1.35638
1.35591
1.35834
1.35789
1.3615
1.35942
1.36107
1.35471
1.34696
1.3583
1.35525
1.35625
1.35275
1.35912
1.36169
1.35447
1.35545
1.36067
1.35223
1.36204
1.36188
1.36365
1.35566
1.35607
1.35147
1.35772
1.35809
1.3633
1.35883
1.35823
1.36483
1.36001
1.36611
1.35976
1.35603
1.35303
1.3563
1.35363
1.35506
1.35129
1.35719
1.35879
1.35807
1.35427
1.35258
1.36377
1.36063
1.36068
1.35809
1.35366
1.36616
1.35572
1.35777
1.35895
1.35263
1.35497
1.36122
1.35846
1.35654
1.36088
1.3562
1.3571
1.3515
1.3575
1.3592
1.36349
1.35836
1.35854
1.36401
1.35697
1.35517
1.35348
1.35611
1.3579
1.35647
1.35614
1.35472
1.35883
1.35716
1.36437
1.35866
1.35822
1.35952
1.35747
1.35686
1.36248
1.35684
1.36119
1.35788
1.36101
1.35959
1.35927
1.35443
1.35404
1.36207
1.35746
1.3532
1.36181
1.35436
1.3613
1.35859
1.35593
1.35529
1.35635
1.35393
1.35518
1.35977
1.35852
1.35495
1.35603
1.35809
1.3675
1.35854
1.36031
1.35458
1.35788
1.36037
1.35121
1.36009
1.35416
1.36177
1.3566
1.36478
1.36018
1.36388
1.35649
1.36224
1.36083
1.3603
1.35563
1.35789
1.36339
1.35885
1.35647
1.35843
1.35249
1.35252
1.35276
1.36022
1.36001
1.35246
1.35461
1.34786
1.35869
1.36339
1.35434
1.35674
1.35206
1.3535
1.35432
1.35794
1.35695
1.35739
1.36015
1.35732
1.3581
1.35355
1.35566
1.35962
1.34194
1.35187
1.35596
1.35731
1.35366
1.35672
1.3624
1.35424
1.35947
1.3608
1.35828
1.36661
1.35526
1.35804
1.36234
1.3611
1.35823
1.35837
1.35447
1.35852
1.3641
1.36732
1.35754
1.35442
1.35424
1.35904
1.36158
1.35667
1.35046
1.361
1.35161
1.35565
1.35272
1.35601
1.35522
1.36062
1.36184
1.35753
1.34979
1.3551
1.35153
1.35798
1.36286
1.35921
1.35468
1.35748
1.35869
1.34932
1.35472
1.35865
1.35456
1.35874
1.35712
1.36024
1.35965
1.36234
1.36253
1.35335
1.35898
1.35456
1.36232
1.35748
1.36109
1.3578
1.35575
1.36394
1.35592
1.35496
1.35307
1.35989
1.36155
1.35395
1.35396
1.35312
1.35739
1.35732
1.35457
1.35827
1.35841
1.35851
1.3547
1.36042
1.36522
1.36161
1.35945
1.35523
1.35314
1.35368
1.3573
1.35655
1.3542
1.35735
1.3524
1.358
1.35467
1.35022
1.35328
1.35052
1.35595
1.35612
1.3557
1.36103
1.35926
1.35634
1.35108
1.35714
1.36591
1.36664
1.35903
1.35037
1.35493
1.35869
1.35673
1.35977
1.35672
1.35027
1.35715
1.35433
1.35308
1.35724
1.35543
1.35292
1.35519
1.35271
1.34853
1.35559
1.35962
1.35741
1.36063
1.35719
1.35633
1.34691
1.35204
1.346
1.35218
1.34925
1.3568
1.3528
1.36177
1.35099
1.35687
1.34764
1.35573
1.35619
1.35133
1.35493
1.35761
1.35159
1.35569
1.35502
1.35339
1.35486
1.35195
1.34874
1.35035
1.35383
1.36402
1.36313
1.35371
1.35522
1.35207
1.35415
1.35237
1.35489
1.35861
1.35207
1.35607
1.35355
1.3576
1.35476
1.35801
1.35273
1.3548
1.35598
1.35834
1.3594
1.3533
1.35463
1.35713
1.35685
1.35722
1.36287
1.35541
1.3542
1.35846
1.3634
1.35729
1.35569
1.35347
1.35677
1.35697
1.35586
1.35968
1.35793
1.35277
1.35763
1.36212
1.35778
1.35974
1.35968
1.3544
1.35386
1.35284
1.35044
1.35959
1.3538
1.35648
1.35898
1.36461
1.36274
1.36166
1.35749
1.35751
1.35802
1.35477
1.35599
1.36203
1.35258
1.35737
1.35992
1.35915
1.35794
1.3566
1.3522
1.35603
1.35652
1.35386
1.35607
1.34997
1.35283
1.35836
1.35253
1.35294
1.35152
1.35353
1.35938
1.36327
1.35464
1.35935
1.35384
1.35638
1.34962
1.3502
1.35107
1.35604
1.35384
1.35358
1.35709
1.35811
1.35755
1.35464
1.35287
1.35484
1.35975
1.3573
1.36137
1.35339
1.35199
1.35926
1.35787
1.35872
1.35976
1.35445
1.3589
1.35248
1.3575
1.35602
1.36226
1.35962
1.36309
1.35404
1.35497
1.35375
1.35782
1.36407
1.35971
1.35624
1.3484
1.36153
1.36836
1.35093
1.35677
1.35396
1.34931
1.35115
1.35616
1.35465
1.35787
1.36098
1.35034
1.35716
1.3615
1.35942
1.36362
1.35348
1.35903
1.35762
1.35939
1.35137
1.35918
1.35377
1.35201
1.3541
1.35346
1.36327
1.35746
1.35036
1.35886
1.35805
1.35927
1.36116
1.36526
1.35519
1.35815
1.35531
1.35428
1.35587
1.35929
1.35593
1.35517
1.36506
1.35828
1.35504
1.35877
1.35455
1.35213
1.3515
1.35061
1.35108
1.35311
1.35432
1.3596
1.35863
1.35944
1.36006
1.3571
1.35677
1.35078
1.35502
1.36028
1.35291
1.35279
1.35359
1.35309
1.3533
1.35251
1.34949
1.35261
1.35682
1.35395
1.3571
1.35491
1.35642
1.35942
1.35805
1.35514
1.35646
1.35466
1.35894
1.36057
1.35882
1.36093
1.35573
1.35392
1.3518
1.35448
1.3525
1.35355
1.35762
1.35965
1.35698
1.35968
1.35603
1.35109
1.36187
1.35849
1.35541
1.35302
1.35603
1.35237
1.35758
1.35591
1.35399
1.35651
1.35297
1.35421
1.35954
1.36011
1.35886
1.35977
1.35499
1.35964
1.356
1.35538
1.35214
1.35048
1.35811
1.35294
1.35282
1.35796
1.35904
1.3648
1.36427
1.35503
1.35565
1.36115
1.35632
1.35291
1.35663
1.35645
1.36298
1.35384
1.35663
1.35959
1.35568
1.35615
1.3568
1.36222
1.35412
1.36188
1.36464
1.36386
1.35773
1.36055
1.3602
1.35908
1.35504
1.36273
1.34866
1.35555
1.35354
1.35285
1.35243
1.35807
1.35518
1.35627
1.35267
1.3599
1.35714
1.35468
1.36055
1.36035
1.35993
1.36341
1.36118
1.35505
1.35291
1.35591
1.35612
1.35359
1.35854
1.35943
1.35191
1.34395
1.35542
1.35794
1.35749
1.35633
1.35472
1.36299
1.36202
1.36
1.36269
1.36182
1.36308
1.35638
1.35865
1.35604
1.35999
1.36732
1.36005
1.35777
1.35792
1.35029
1.35939
1.3612
1.3584
1.35587
1.35922
1.36261
1.3582
1.35363
1.35359
1.36192
1.35339
1.35416
1.35922
1.35614
1.35836
1.36144
1.3606
1.34937
1.35416
1.35655
1.35243
1.35777
1.35872
1.35562
1.35679
1.35746
1.3556
1.36291
1.35307
1.34875
1.34455
1.35313
1.35633
1.35053
1.35813
1.35477
1.35822
1.35634
1.36044
1.36019
1.35121
1.35734
1.35294
1.35564
1.35668
1.35783
1.36091
1.35836
1.35734
1.35628
1.36052
1.34866
1.35737
1.35703
1.3579
1.36342
1.35799
1.3528
1.35163
1.34875
1.35168
1.35245
1.3551
1.35714
1.34826
1.35862
1.3546
1.35453
1.36146
1.35283
1.34872
1.34963
1.35491
1.35487
1.35492
1.34991
1.35338
1.35178
1.35183
1.35596
1.35706
1.35901
1.36671
1.35609
1.36007
1.35928
1.36536
1.36099
1.36074
1.35454
1.36141
1.35278
1.35622
1.35628
1.35856
1.35585
1.35911
1.35756
1.35701
1.3584
1.35887
1.35953
1.35182
1.36287
1.35609
1.35207
1.35895
1.35249
1.35493
1.35753
1.35313
1.3456
1.35064
1.35285
1.35502
1.35463
1.35313
1.35411
1.35733
1.34618
1.35068
1.35135
1.3588
1.35704
1.36087
1.35451
1.35921
1.35042
1.35949
1.36018
1.35649
1.35662
1.36122
1.36368
1.35631
1.35164
1.35952
1.35439
1.34751
1.35771
1.35671
1.35603
1.35633
1.35477
1.35789
1.36335
1.35341
1.35045
1.36055
1.35856
1.353
1.35791
1.35713
1.36514
1.35337
1.35293
1.35711
1.36064
1.36253
1.36084
1.35494
1.35302
1.35086
1.3585
1.35865
1.35432
1.35659
1.36104
1.36318
1.35888
1.35824
1.35733
1.35309
1.3531
1.35786
1.36191
1.35722
1.35708
1.36135
1.362
1.36491
1.35519
1.35955
1.359
1.35543
1.35624
1.35851
1.35492
1.35905
1.35946
1.36059
1.3538
1.35421
1.34974
1.35212
1.35672
1.362
1.3582
1.35915
1.36127
1.35932
1.35721
1.35825
1.35696
1.35893
1.35552
1.35489
1.35721
1.36217
1.35801
1.36797
1.3643
1.35917
1.35601
1.35728
1.35568
1.35574
1.35013
1.36135
1.36006
1.35539
1.35718
1.35536
1.35781
1.35441
1.36405
1.3608
1.36327
1.36407
1.35662
1.35165
1.35098
1.35981
1.35755
1.35941
1.36551
1.36116
1.35751
1.35395
1.35857
1.35812
1.35156
1.35511
1.34971
1.34978
1.35905
1.35777
1.35469
1.3519
1.35567
1.35648
1.36073
1.35811
1.3566
1.35606
1.3566
1.35996
1.35822
1.35483
1.35892
1.35622
1.34867
1.3526
1.3573
1.35114
1.35176
1.35069
1.35889
1.35649
1.35173
1.35507
1.3494
1.35739
1.35859
1.35968
1.3575
1.34721
1.35001
1.35649
1.35708
1.35998
1.3578
1.35584
1.35738
1.36315
1.35908
1.35881
1.35734
1.35421
1.35235
1.35321
1.34979
1.35341
1.35165
1.34912
1.35189
1.35136
1.35328
1.35543
1.36483
1.36343
1.35718
1.35934
1.36004
1.36418
1.35519
1.35467
1.35518
1.35871
1.35855
1.36058
1.35454
1.35861
1.35474
1.35429
1.35875
1.35869
1.35519
1.34878
1.3575
1.35389
1.35576
1.35476
1.35635
1.3472
1.35714
1.35717
1.36052
1.36233
1.3586
1.35368
1.35276
1.35145
1.35565
1.34756
1.35046
1.35567
1.35633
1.351
1.35768
1.35573
1.358
1.36128
1.36018
1.3583
1.35766
1.3576
1.35783
1.36208
1.36248
1.35591
1.3574
1.35173
1.351
1.34862
1.35338
1.35884
1.35831
1.35728
1.35687
1.35919
1.3529
1.35634
1.35765
1.36008
1.35923
1.35738
1.36156
1.35809
1.35506
1.36136
1.35947
1.35763
1.35784
1.35956
1.35423
1.35042
1.35001
1.34568
1.35575
1.35975
1.36603
1.35676
1.36316
1.36748
1.35945
1.35899
1.36314
1.36176
1.3477
1.35492
1.35492
1.35775
1.36085
1.36374
1.36018
1.35988
1.35074
1.35761
1.36014
1.36389
1.36447
1.36189
1.3541
1.3515
1.3589
1.35759
1.35466
1.35615
1.36278
1.35388
1.3588
1.3565
1.35193
1.35534
1.35547
1.35242
1.3522
1.3575
1.35149
1.35905
1.3594
1.35089
1.35136
1.35624
1.35536
1.36274
1.36181
1.35765
1.35481
1.35904
1.3505
1.35669
1.35502
1.3511
1.35505
1.36186
1.35604
1.35874
1.34939
1.35056
1.35779
1.35728
1.35598
1.3578
1.35268
1.34995
1.35688
1.35637
1.35952
1.35804
1.35424
1.35528
1.34897
1.35974
1.35939
1.36109
1.35603
1.35629
1.35665
1.35141
1.3514
1.3538
1.35659
1.35517
1.3655
1.36223
1.35865
1.36164
1.36097
1.36144
1.35954
1.36506
1.35624
1.36325
1.35606
1.3551
1.35744
1.35415
1.35642
1.35784
1.35707
1.36153
1.35144
1.35881
1.3552
1.35631
1.35413
1.35219
1.35732
1.35706
1.3567
1.3562
