1.02819
1.03092
1.03302
1.03451
1.02681
1.02727
1.03518
1.0381
1.03382
1.03346
1.02753
1.0331
1.02339
1.02684
1.02718
1.02912
1.02594
1.02125
1.02339
1.02297
1.0186
1.03061
1.02797
1.03429
1.03367
1.03341
1.0268
1.02806
1.02782
1.03156
1.02371
1.02331
1.02376
1.02923
1.02963
1.02785
1.03618
1.04313
1.02949
1.03377
1.03914
1.03711
1.03379
1.02675
1.02996
1.03327
1.03865
1.03839
1.03271
1.03141
1.03564
1.0348
1.03477
1.03843
1.04161
1.03688
1.03897
1.03508
1.03507
1.03355
1.02386
1.03165
1.03324
1.03055
1.03237
1.02814
1.02131
1.02164
1.02174
1.03503
1.03373
1.03154
1.02493
1.02485
1.03373
1.02467
1.02531
1.0166
1.01687
1.02595
1.02708
1.02957
1.02541
1.02686
1.03529
1.03683
1.04385
1.03733
1.03263
1.03853
1.03741
1.02866
1.03325
1.0415
1.041
1.04367
1.0445
1.04037
1.03668
1.03977
1.05102
1.04634
1.0439
1.05009
1.04367
1.04613
1.04674
1.04582
1.03791
1.0409
1.0371
1.03703
1.03662
1.03996
1.03691
1.03825
1.03228
1.03732
1.03057
1.0266
1.03245
1.02983
1.02805
1.03567
1.03443
1.03348
1.03821
1.04068
1.03387
1.02986
1.02788
1.02826
1.02193
1.02491
1.02326
1.02416
1.02146
1.02567
1.02337
1.03438
1.02988
1.02949
1.03346
1.03244
1.03502
1.03319
1.03787
1.03456
1.03486
1.02703
1.03375
1.03394
1.03529
1.03184
1.03595
1.04918
1.043
1.04476
1.04891
1.04747
1.04608
1.05795
1.05834
1.05584
1.05458
1.05536
1.04534
1.05391
1.05461
1.0547
1.04833
1.05123
1.05435
1.06031
1.04734
1.04604
1.04949
1.04961
1.04069
1.04939
1.04484
1.04267
1.04129
1.03542
1.03094
1.03606
1.03557
1.03862
1.03755
1.05374
1.05497
1.04938
1.04556
1.05636
1.05275
1.05154
1.05137
1.04911
1.0497
1.05349
1.05164
1.05699
1.05982
1.05604
1.04874
1.04758
1.03754
1.0398
1.04026
1.05294
1.05118
1.04764
1.04346
1.03971
1.0352
1.03409
1.03735
1.03255
1.0315
1.02886
1.03424
1.02817
1.0249
1.0341
1.03098
1.03347
1.03101
1.03283
1.02373
1.02887
1.02246
1.01837
1.01732
1.02157
1.03083
1.02934
1.03104
1.02653
1.01878
1.026
1.02981
1.03606
1.03887
1.05088
1.04569
1.04397
1.0495
1.05023
1.04596
1.04944
1.04988
1.0461
1.04674
1.04829
1.04914
1.04485
1.04553
1.04822
1.04595
1.04951
1.05105
1.0562
1.05282
1.05181
1.05245
1.04846
1.05594
1.05219
1.05532
1.05983
1.0696
1.06758
1.06103
1.06171
1.06631
1.06304
1.06232
1.06188
1.05544
1.06027
1.05348
1.05396
1.05914
1.06086
1.0643
1.06547
1.05954
1.06443
1.05482
1.05303
1.05445
1.06086
1.05687
1.06563
1.05658
1.0572
1.05955
1.06215
1.06342
1.06055
1.0554
1.06185
1.06301
1.07562
1.07058
1.07298
1.07148
1.07154
1.07458
1.07236
1.06462
1.06759
1.06276
1.06367
1.05896
1.05883
1.05947
1.06405
1.06271
1.06221
1.06351
1.05756
1.05862
1.07339
1.06676
1.06223
1.06302
1.06527
1.06328
1.05449
1.05184
1.06523
1.06069
1.06035
1.05826
1.04997
1.06433
1.06761
1.067
1.0663
1.06982
1.07584
1.06929
1.07129
1.06988
1.08086
1.07379
1.07975
1.07045
1.07118
1.07355
1.07329
1.06517
1.06088
1.06131
1.05812
1.06358
1.06483
1.06973
1.06543
1.05897
1.06146
1.05645
1.05371
1.06142
1.05243
1.05989
1.05344
1.055
1.05606
1.05295
1.0575
1.05762
1.05478
1.05238
1.04882
1.0498
1.05806
1.04493
1.04414
1.04712
1.04648
1.05117
1.0548
1.05289
1.04733
1.05002
1.0501
1.05265
1.04902
1.04115
1.04758
1.05576
1.05956
1.05924
1.05001
1.04701
1.04692
1.04972
1.0496
1.0465
1.05363
1.05305
1.04554
1.0387
1.04048
1.04796
1.04771
1.0525
1.05682
1.0553
1.05685
1.04708
1.0413
1.04234
1.04376
1.04775
1.04246
1.04208
1.04765
1.04312
1.04963
1.0364
1.04018
1.03655
1.03483
1.03527
1.03914
1.03034
1.03331
1.03676
1.03857
1.03832
1.03467
1.04184
1.04295
1.04136
1.04055
1.05144
1.04691
1.04793
1.05375
1.03897
1.04228
1.04723
1.0449
1.05429
1.05331
1.04563
1.04585
1.04487
1.03823
1.0402
1.04437
1.04064
1.03931
1.04735
1.0498
1.04168
1.04536
1.04196
1.03302
1.03713
1.0358
1.03843
1.03829
1.04341
1.04563
1.04176
1.04191
1.0475
1.04382
1.0469
1.03471
1.04494
1.04822
1.05171
1.03729
1.04504
1.04079
1.04993
1.04948
1.03442
1.04056
1.04592
1.03737
1.04054
1.04012
1.04557
1.05329
1.04574
1.04582
1.04983
1.0517
1.04862
1.04809
1.0498
1.04556
1.03342
1.03244
1.03827
1.03332
1.02779
1.03139
1.0381
1.03642
1.04513
1.04881
1.0495
1.0497
1.04733
1.04901
1.04648
1.04868
1.05259
1.05181
1.04477
1.03634
1.03967
1.04381
1.04659
1.04864
1.04893
1.0441
1.04584
1.04877
1.04697
1.04023
1.04331
1.05298
1.05098
1.05803
1.05644
1.05295
1.05297
1.06149
1.05343
1.05196
1.05497
1.05594
1.05342
1.05576
1.05088
1.04668
1.05345
1.04723
1.05342
1.05526
1.06014
1.05408
1.05535
1.04079
1.04234
1.03725
1.04069
1.03814
1.04328
1.0475
1.03871
1.03533
1.04198
1.04715
1.03588
1.04473
1.03736
1.04537
1.04036
1.04577
1.04654
1.04276
1.04548
1.04876
1.04428
1.04532
1.04258
1.04672
1.04483
1.04438
1.04183
1.04265
1.04099
1.02919
1.04295
1.05002
1.06021
1.05226
1.05208
1.04539
1.05172
1.0549
1.06575
1.05273
1.04901
1.05245
1.06259
1.06222
1.06161
1.0626
1.06187
1.05892
1.0514
1.05123
1.04671
1.04916
1.05216
1.06551
1.06526
1.0612
1.06508
1.06087
1.06486
1.06175
1.06036
1.0632
1.05527
1.06344
1.0617
1.05973
1.06231
1.0625
1.05581
1.05733
1.05642
1.05899
1.06388
1.06016
1.06247
1.0563
1.05941
1.06055
1.05723
1.05465
1.0478
1.04836
1.05174
1.0538
1.05074
1.05273
1.05365
1.06483
1.07036
1.05896
1.05297
1.0468
1.04957
1.0473
1.05312
1.05197
1.05208
1.05725
1.05947
1.05966
1.0688
1.06359
1.07327
1.07274
1.06629
1.0629
1.06731
1.06275
1.06336
1.06259
1.06172
1.05926
1.05953
1.0586
1.05392
1.05756
1.04695
1.05152
1.05385
1.05281
1.0558
1.05956
1.0654
1.06255
1.0552
1.05726
1.0601
1.05683
1.06377
1.05852
1.05781
1.05839
1.0697
1.06862
1.06713
1.07262
1.06418
1.07812
1.08272
1.08931
1.07845
1.07342
1.07526
1.07333
1.0776
1.07334
1.07629
1.07013
1.07896
1.08219
1.08405
1.07373
1.07388
1.07087
1.07138
1.0766
1.07131
1.07676
1.07205
1.06791
1.06793
1.06615
1.0713
1.0702
1.07559
1.07101
1.06487
1.06192
1.06078
1.06604
1.05819
1.0669
1.06529
1.0679
1.05923
1.06612
1.05878
1.05448
1.05992
1.05285
1.05305
1.05865
1.06062
1.05608
1.05571
1.0575
1.05695
1.06064
1.04935
1.05728
1.06154
1.05812
1.05932
1.05475
1.05506
1.05154
1.04875
1.05404
1.0483
1.05221
1.04845
1.04807
1.05798
1.05319
1.05089
1.0428
1.04941
1.05284
1.06129
1.05834
1.06556
1.05882
1.05091
1.05371
1.04412
1.05275
1.05634
1.05212
1.05603
1.0552
1.06416
1.06236
1.06573
1.05915
1.05649
1.06747
1.0594
1.05592
1.05432
1.05199
1.04856
1.04752
1.05585
1.05865
1.05491
1.05811
1.04447
1.04617
1.05494
1.05378
1.05214
1.04666
1.04091
1.04402
1.0456
1.0475
1.04861
1.0523
1.0515
1.04852
1.04957
1.0421
1.0519
1.05223
1.06378
1.05957
1.05262
1.04861
1.04951
1.05467
1.05833
1.06366
1.06546
1.06128
1.06342
1.07052
1.07353
1.06895
1.07128
1.06231
1.06293
1.06594
1.05201
1.06252
1.0741
1.0733
1.07273
1.06587
1.06769
1.06827
1.07361
1.07604
1.06371
1.06101
1.06884
1.06466
1.06462
1.07085
1.06992
1.07459
1.0717
1.07503
1.07449
1.07854
1.08484
1.08376
1.08166
1.08823
1.07885
1.07802
1.08519
1.07506
1.08326
1.08457
1.08103
1.07368
1.07918
1.0839
1.08178
1.08277
1.08365
1.08693
1.08132
1.07955
1.08114
1.07982
1.07612
1.074
1.07446
1.08001
1.08234
1.08157
1.08829
1.07792
1.07903
1.08481
1.07631
1.07842
1.08993
1.07983
1.0757
1.08873
1.08825
1.08194
1.08825
1.07967
1.0735
1.0744
1.07202
1.06718
1.06364
1.06644
1.07271
1.07252
1.07495
1.08185
1.08259
1.08738
1.07891
1.08021
1.07463
1.06747
1.06423
1.06696
1.05962
1.06789
1.07249
1.06816
1.05875
1.06929
1.06674
1.07423
1.07466
1.06182
1.06018
1.06368
1.06075
1.0706
1.06534
1.07303
1.07797
1.07131
1.07084
1.07678
1.06352
1.06418
1.0661
1.06237
1.0635
1.06598
1.07089
1.06487
1.06688
1.06959
1.07123
1.07247
1.07515
1.07563
1.07868
1.08206
1.07874
1.06976
1.07069
1.07236
1.06975
1.06312
1.06522
1.06005
1.07031
1.07003
1.07092
1.06301
1.07276
1.07288
1.07799
1.08
1.07098
1.07517
1.07024
1.07231
1.05944
1.05966
1.06155
1.0625
1.06172
1.06893
1.06678
1.06216
1.06901
1.06966
1.07669
1.06945
1.06504
1.06652
1.06734
1.06632
1.06862
1.0698
1.06991
1.07037
1.06407
1.06841
1.07201
1.06691
1.07094
1.07039
1.07832
1.0756
1.07457
1.07906
1.06833
1.05925
1.06081
1.06167
1.07374
1.07076
1.07564
1.07424
1.07269
1.0678
1.06917
1.06493
1.06521
1.06818
1.05865
1.06809
1.06485
1.06053
1.06515
1.06753
1.05933
1.05795
1.06139
1.05962
1.06615
1.07423
1.06604
1.06286
1.06119
1.06624
1.06677
1.0695
1.07428
1.07857
1.07207
1.07517
1.07239
1.07545
1.07775
1.08063
1.07635
1.07466
1.07603
1.0759
1.06673
1.07799
1.06646
1.06818
1.06538
1.06008
1.06079
1.05619
1.05316
1.05788
1.05377
1.05599
1.06703
1.06376
1.06612
1.06202
1.05832
1.06012
1.05965
1.06256
1.06687
1.06491
1.05971
1.06243
1.0669
1.05921
1.07
1.06315
1.05713
1.06368
1.05942
1.06048
1.06219
1.06874
1.06661
1.06196
1.06218
1.06722
1.06652
1.06329
1.0677
1.07444
1.0668
1.06849
1.06507
1.0634
1.06448
1.06922
1.07294
1.07865
1.08282
1.07469
1.07424
1.07953
1.07324
1.06895
1.06877
1.06412
1.07102
1.06843
1.06209
1.0603
1.0673
1.07371
1.07202
1.06646
1.06215
1.05752
1.0671
1.07314
1.07797
1.07331
1.07272
1.06033
1.06609
1.06836
1.06847
1.06598
1.06063
1.07031
1.05731
1.05401
1.04818
1.04726
1.05233
1.05205
1.05862
1.05345
1.05315
1.05145
1.05341
1.0484
1.04663
1.04667
1.05574
1.05449
1.04683
1.04394
1.04301
1.04725
1.0514
1.0443
1.0406
1.03798
1.03883
1.03655
1.03149
1.0347
1.03293
1.03291
1.03117
1.03335
1.03354
1.03577
1.02952
1.03252
1.0351
1.04085
1.03718
1.03484
1.03592
1.03159
1.02764
1.0236
1.02562
1.03175
1.03791
1.03694
1.02788
1.02203
1.02295
1.02453
1.02627
1.03003
1.02426
1.0352
1.0323
1.02474
1.02789
1.02679
1.03751
1.03201
1.02516
1.02816
1.03176
1.03039
1.03159
1.03298
1.04137
1.03532
1.03686
1.03583
1.03699
1.03132
1.03797
1.03516
1.03073
1.03821
1.04175
1.03839
1.04448
1.04122
1.04026
1.03548
1.04282
1.04355
1.05041
1.04491
1.04884
1.04051
1.03639
1.04286
1.04344
1.03628
1.03634
1.03155
1.03624
1.03508
1.03042
1.03473
1.03508
1.03314
1.03042
1.02854
1.031
1.02954
1.03495
1.02368
1.02598
1.033
1.03528
1.03384
1.03591
1.04083
1.0378
1.03358
1.03308
1.02911
1.03587
1.03674
1.03515
1.03951
1.03251
1.04074
1.04034
1.04446
1.04375
1.04793
1.04197
1.04436
1.04599
1.04883
1.04506
1.04442
1.04979
1.05054
1.04793
1.05076
1.05813
1.05707
1.05075
1.04927
1.04777
1.05252
1.04641
1.04328
1.04679
1.04671
1.04244
1.04369
1.04521
1.04214
1.03845
1.03451
1.03899
1.04428
1.0417
1.05152
1.04553
1.04147
1.03876
1.04081
1.04166
1.04087
1.0383
1.04635
1.05187
1.04851
1.0469
1.05615
1.04829
1.05762
1.06042
1.06069
1.06274
1.05239
1.04364
1.0512
1.05658
1.05336
1.0524
1.05476
1.05975
1.05431
1.0474
1.04465
1.04415
1.05209
1.05247
1.04712
1.04472
1.04487
1.04877
1.05797
1.06148
1.05439
1.05905
1.06372
1.05974
1.05255
1.05763
1.05896
1.05287
1.05592
1.05394
1.05946
1.05783
1.05774
1.06178
1.05471
1.05558
1.04755
1.0538
1.06472
1.06535
1.06221
1.05888
1.05872
1.0606
1.05959
1.06168
1.05552
1.05778
1.05716
1.05956
1.06495
1.05691
1.06487
1.0655
1.05631
1.05839
1.05222
1.05992
1.06137
1.05409
1.06589
1.06259
1.07076
1.06701
1.06985
1.07163
1.07444
1.06733
1.0711
1.06916
1.06158
1.06928
1.07223
1.07163
1.06875
1.06431
1.06253
1.05617
1.06644
1.06513
1.05666
1.05966
1.05068
1.0575
1.05969
1.05974
1.05379
1.06585
1.06992
1.07225
1.0629
1.06692
1.07025
1.07177
1.06847
1.0733
1.07583
1.0713
1.07022
1.07432
1.06662
1.07588
1.07623
1.07784
1.07864
1.07555
1.07733
1.07073
1.06646
1.06645
1.06272
1.07128
1.06377
1.06348
1.06312
1.06633
1.05933
1.06707
1.0725
1.06742
1.07171
1.06664
1.06608
1.06919
1.06091
1.05649
1.05993
1.06471
1.0536
1.06014
1.05857
1.05515
1.04763
1.05488
1.06298
1.05492
1.05396
1.0595
1.05575
1.06102
1.05701
1.06461
1.06214
1.05636
1.05958
1.0619
1.05452
1.05489
1.0548
1.05656
1.054
1.04733
1.04797
1.05391
1.05379
1.05127
1.05263
1.0435
1.05388
1.05572
1.06313
1.05538
1.05263
1.04946
1.04699
1.04435
1.04917
1.04832
1.04623
1.04511
1.04935
1.04535
1.04355
1.04811
1.04486
1.03602
1.04353
1.03506
1.04212
1.04171
1.03458
1.03429
1.04053
1.03778
1.03297
1.03391
1.04087
1.03604
1.04239
1.03965
1.03649
1.03798
1.04346
1.0496
1.05532
1.05288
1.04587
1.037
1.0436
1.03564
1.04523
1.04109
1.04275
1.04241
1.04315
1.03822
1.04384
1.0483
1.05795
1.06031
1.05899
1.05959
1.05781
1.06579
1.06819
1.0681
1.06371
1.06335
1.06035
1.0511
1.04398
1.04869
1.04678
1.04662
1.04732
1.0497
1.04531
1.03793
1.03503
1.04132
1.03781
1.04389
1.04101
1.03333
1.03157
1.02732
1.02525
1.02276
1.03042
1.03443
1.03108
1.02838
1.02174
1.02423
1.03076
1.02869
1.0316
1.02946
1.03072
1.02859
1.02714
1.01922
1.02884
1.02868
1.02868
1.03012
1.03189
1.03173
1.03506
1.03095
1.03024
1.03114
1.03823
1.03791
1.04792
1.03283
1.03412
1.03288
1.03838
1.03544
1.0299
1.03192
1.03321
1.03637
1.03599
1.04018
1.03378
1.04024
1.03995
1.03987
1.03777
1.03359
1.03574
1.03733
1.03424
1.0403
1.03605
1.03754
1.03591
1.03767
1.03552
1.0371
1.03473
1.02698
1.02679
1.03709
1.03608
1.03604
1.03044
1.03748
1.03477
1.03751
1.0287
1.03049
1.03028
1.0275
1.02775
1.02772
1.03222
1.03163
1.03095
1.03558
1.03368
1.02823
1.02637
1.02978
1.03724
1.03117
1.03186
1.02846
1.03547
1.02964
1.03783
1.04603
1.04255
1.04194
1.04685
1.04244
1.04637
1.04468
1.04174
1.04976
1.04964
1.04427
1.03606
1.03075
1.03749
1.03817
1.04439
1.04509
1.04195
1.03531
1.04004
1.04232
1.04165
1.03991
1.04522
1.0436
1.04843
1.04589
1.03683
1.03805
1.04508
1.0401
1.03773
1.04166
1.04845
1.04657
1.05111
1.0476
1.05525
1.05398
1.05286
1.04918
1.03979
1.03514
1.04488
1.03468
1.04026
1.03432
1.02741
1.0395
1.0404
1.03807
1.0501
1.04802
1.04166
1.03734
1.04564
1.04217
1.04569
1.04509
1.04365
1.04286
1.04056
1.03447
1.03159
1.03632
1.03499
1.03534
1.03399
1.03064
1.03507
1.03787
1.03329
1.03755
1.04066
1.03382
1.04008
1.02823
1.0255
1.03748
1.03431
1.04476
1.03848
1.04755
1.03944
1.0471
1.04305
1.04757
1.0573
1.05602
1.05841
1.06663
1.0651
1.05929
1.06223
1.0664
1.06111
1.06261
1.05866
1.05604
1.05623
1.05458
1.05711
1.06399
1.05725
1.06297
1.07208
1.06065
1.05313
1.05788
1.05184
1.05556
1.05533
1.06188
1.06114
1.06068
1.06186
1.05517
1.06475
1.05426
1.04328
1.04033
1.04057
1.04239
1.04214
1.04695
1.0563
1.05207
1.05933
1.05453
1.0532
1.05125
1.04428
1.0374
1.04466
1.04197
1.04181
1.0422
1.03866
1.04543
1.04743
1.05079
1.05283
1.04566
1.04985
1.0427
1.04229
1.04315
1.04484
1.03349
1.04
1.04023
1.03989
1.04604
1.04701
1.04996
1.05251
1.04512
1.04877
1.05734
1.06318
1.0679
1.05854
1.05164
1.05232
1.05819
1.06063
1.06175
1.05286
1.05633
1.05759
1.05239
1.05496
1.04968
1.05188
1.05517
1.05086
1.05529
1.06118
1.05416
1.05521
1.05042
1.05578
1.04631
1.04064
1.02817
1.02076
1.02311
1.02346
1.02834
1.02631
1.02125
1.01933
1.02299
1.02305
1.02018
1.03218
1.03063
1.02132
1.03
1.02402
1.02179
1.0237
1.03066
1.02748
1.0227
1.03423
1.0354
1.03327
1.03146
1.02743
1.03178
1.03681
1.03376
1.02528
1.03275
1.03265
1.03478
1.03813
1.04764
1.04218
1.03917
1.04436
1.04071
1.04622
1.0528
1.04778
1.04452
1.04007
1.03872
1.04121
1.04551
1.03905
1.03145
1.03139
1.04336
1.0421
1.03779
1.04182
1.04335
1.03973
1.04017
1.03649
1.03881
1.0436
1.03908
1.03675
1.04096
1.03626
1.03286
1.03013
1.02842
1.0311
1.03482
1.0376
1.04151
1.0422
1.03647
1.03841
1.04474
1.04536
1.04358
1.03446
1.03861
1.03778
1.03652
1.02835
1.02201
1.02133
1.02497
1.01285
1.02314
1.03213
1.03102
1.027
1.02692
1.02472
1.02221
1.02545
1.01681
1.01939
1.01248
1.01453
1.02352
1.03023
1.02176
1.01394
1.0179
1.02155
1.02567
1.02404
1.02788
1.03535
1.03332
1.04045
1.03696
1.04195
1.03785
1.04034
1.04928
1.03701
1.03572
1.03538
1.02912
1.03896
1.03845
1.03369
1.03127
1.03123
1.02941
1.03012
1.03256
1.03559
1.03704
1.0357
1.04111
1.03785
1.03328
1.04255
1.04192
1.0364
1.03868
1.04578
1.04234
1.0484
1.03716
1.04424
1.04723
1.04329
1.04891
1.05016
1.04617
1.04116
1.04632
1.05142
1.04847
1.04731
1.05096
1.05644
1.05273
1.04656
1.04546
1.03486
1.0289
1.03059
1.02777
1.03134
1.03218
1.03136
1.02644
1.01822
1.02526
1.01889
1.02013
1.02288
1.01753
1.01728
1.01642
1.00446
1.01216
1.02019
1.01675
1.0141
1.01834
1.01733
1.01532
1.03358
1.02972
1.03491
1.02514
1.03199
1.03079
1.04278
1.03931
1.03008
1.03468
1.03265
1.02948
1.03372
1.03435
1.02323
1.02244
1.02153
1.02355
1.02593
1.02897
1.03083
1.03882
1.04388
1.03415
1.03739
1.03045
1.03384
1.04085
1.02975
1.03149
1.03414
1.04242
1.03751
1.02966
1.03339
1.03546
1.02747
1.03693
1.03747
1.02564
1.03955
1.03716
1.03273
1.03227
1.03276
1.02408
1.02688
1.01536
1.01906
1.02129
1.02509
1.02732
1.02238
1.01958
1.01956
1.00715
1.00648
1.00772
1.00677
1.01173
1.00748
1.01051
1.01736
1.01811
1.00851
1.00752
1.00249
1.00713
1.00243
1.00628
1.00306
1.01229
1.01491
1.01553
1.01506
1.00531
1.00701
1.01248
1.01737
1.01639
1.01972
1.01142
1.0052
1.02063
1.01856
1.01834
1.01505
1.018
1.02216
1.02424
1.02344
1.0233
1.01826
1.02205
1.02205
1.01809
1.01803
1.01385
1.01699
1.02482
1.02246
1.0226
1.01852
1.02272
1.01389
1.02513
1.01495
1.025
1.01511
1.0237
1.02148
1.01745
1.02335
1.01812
1.02001
1.02038
1.02727
1.02287
1.01437
1.01339
1.01324
1.01208
1.01283
1.01542
1.01084
1.01444
1.00198
0.998152
0.993528
0.998959
0.998075
0.998347
0.999975
1.0052
1.00134
1.00407
1.0076
0.998772
1.0028
0.998152
1.00131
1.0095
1.00703
1.0131
1.01093
1.00851
1.01445
1.01248
1.01263
1.01349
1.01182
1.01519
1.00713
1.00659
1.01373
1.00785
1.01368
1.01955
1.02273
1.02358
1.02357
1.02428
1.03066
1.02842
1.03537
1.03416
1.03196
1.03309
1.02584
1.03029
1.03115
1.0256
1.02733
1.02836
1.02684
1.0356
1.02993
1.02439
1.02375
1.02728
1.02916
1.03554
1.02816
1.03764
1.03763
1.03714
1.03478
1.04606
1.04749
1.04972
1.05229
1.04498
1.05243
1.05455
1.04684
1.04721
1.03737
1.03599
1.03477
1.04607
1.04467
1.0445
1.04807
1.05064
1.04086
1.03466
1.03994
1.04671
1.0465
1.0478
1.04618
1.04317
1.03612
1.03113
1.03657
1.04232
1.04544
1.04206
1.04196
1.02843
1.02898
1.0272
1.02654
1.03693
1.03905
1.04212
1.04351
1.04517
1.04197
1.04255
1.03783
1.03735
1.03618
1.0308
1.03449
1.03721
1.03909
1.04457
1.04251
1.04556
1.04862
1.058
1.06042
1.05352
1.0448
1.03894
1.04422
1.0282
1.03966
1.04304
1.04296
1.04006
1.04477
1.04818
1.04543
1.04831
1.04514
1.03799
1.0423
1.03452
1.04026
1.03648
1.0342
1.03625
1.04389
1.04613
1.04622
1.03922
1.03846
1.03094
1.04295
1.0378
1.05313
1.04568
1.04032
1.04006
1.042
1.0431
1.0429
1.04819
1.03772
1.04218
1.03623
1.04595
1.03937
1.03566
1.03505
1.03867
1.03024
1.03241
1.02867
1.03009
1.03909
1.0336
1.03965
1.04757
1.04399
1.03763
1.03651
1.0335
1.02897
1.03178
1.02289
1.01944
1.02492
1.01996
1.01064
1.00985
1.02066
1.02227
1.02494
1.02291
1.03321
1.03612
1.03559
1.03369
1.0336
1.02572
1.0321
1.0395
1.04318
1.04322
1.03608
1.04293
1.03755
1.04444
1.05553
1.04564
1.04095
1.04931
1.04741
1.04939
1.04361
1.04762
1.04386
1.04511
1.05834
1.04803
1.05383
1.04921
1.05395
1.04943
1.04873
1.03869
1.04176
1.04205
1.03948
1.03909
1.04019
1.04144
1.04259
1.04879
1.04206
1.03847
1.03026
1.03549
1.03643
1.03783
1.03512
1.03456
1.03702
1.03875
1.04203
1.0343
1.05057
1.05499
1.06104
1.06248
1.06166
1.06037
1.05296
1.05868
1.05245
1.04412
1.04729
1.0442
1.04439
1.03344
1.04508
1.03575
1.04566
1.05146
1.04672
1.04363
1.04348
1.03756
1.04217
1.04208
1.03546
1.03906
1.04428
1.04194
1.04463
1.04621
1.03876
1.04
1.04591
1.04581
1.04575
1.04334
1.04266
1.05203
1.04581
1.04944
1.04246
1.04596
1.04694
1.05153
1.05337
1.05949
1.05548
1.06065
1.06226
1.0725
1.06034
1.05806
1.05893
1.06079
1.05652
1.06552
1.06236
1.05167
1.05727
1.06147
1.05352
1.04902
1.05312
1.05725
1.06611
1.05918
1.05707
1.05767
1.05855
1.06153
1.06091
1.05004
1.04829
1.04138
1.04593
1.03913
1.04807
1.04988
1.05262
1.05346
1.05714
1.06143
1.06421
1.06346
1.07063
1.06497
1.06716
1.05316
1.04965
1.05054
1.05097
1.04787
1.04338
1.04886
1.03854
1.03696
1.04085
1.0396
1.04277
1.05064
1.04148
1.04227
1.05031
1.05243
1.05614
1.0501
1.05507
1.05572
1.05776
1.05347
1.05008
1.05926
1.04982
1.04558
1.04096
1.06199
1.05713
1.05238
1.05825
1.05896
1.05888
1.04997
1.04535
1.05382
1.06085
1.05469
1.05736
1.05953
1.06541
1.06049
1.05446
1.05517
1.04826
1.05693
1.05442
1.04856
1.05486
1.0494
1.05446
1.05294
1.05421
1.04506
1.05298
1.06013
1.05371
1.05177
1.04967
1.05509
1.0605
1.05567
1.05094
1.05766
1.05206
1.04782
1.05219
1.05001
1.04511
1.04925
1.04748
1.04863
1.0517
1.04682
1.05482
1.05851
1.05943
1.05221
1.04331
1.03544
1.05168
1.03598
1.04433
1.04009
1.04121
1.04217
1.04635
1.04639
1.04637
1.04497
1.0429
1.03877
1.04481
1.04482
1.04221
1.05096
1.04177
1.04192
1.04029
1.03652
1.04232
1.03624
1.04077
1.03871
1.04293
1.04463
1.04236
1.03687
1.04829
1.04407
1.04047
1.04475
1.04507
1.0416
1.03804
1.03897
1.03571
1.03471
1.0438
1.0412
1.04025
1.04065
1.03888
1.04579
1.05084
1.04256
1.04727
1.05394
1.06255
1.04918
1.04502
1.04182
1.03738
1.0374
1.03774
1.03992
1.04563
1.0484
1.05158
1.04233
1.04888
1.04914
1.03729
1.03903
1.04014
1.05299
1.04128
1.04866
1.04473
1.05343
1.05021
1.0461
1.0489
1.04679
1.05348
1.0449
1.04153
1.03525
1.04003
1.03929
1.04047
1.03908
1.03455
1.03597
1.02842
1.03242
1.03634
1.03614
1.04162
1.0369
1.04577
1.05142
1.0419
1.04053
1.04426
1.05721
1.03979
1.05216
1.04859
1.0415
1.04748
1.04534
1.03983
1.03634
1.03903
1.02897
1.02946
1.03359
1.03863
1.03704
1.03959
1.03819
1.04436
1.04316
1.044
1.04775
1.05197
1.05347
1.05089
1.04894
1.04592
1.04346
1.05042
1.05351
1.05721
1.05638
1.06193
1.05633
1.05611
1.05434
1.0535
1.04839
1.05737
1.05954
1.0493
1.04445
1.05458
1.05618
1.05373
1.05914
1.06333
1.05467
1.05707
1.05587
1.05794
1.05246
1.04685
1.04533
1.04307
1.04251
1.0461
1.04723
1.04408
1.04126
1.04769
1.04824
1.06284
1.06512
1.05993
1.06157
1.07199
1.06499
1.06006
1.05945
1.05967
1.05635
1.06336
1.06099
1.05626
1.06312
1.06265
1.05747
1.05743
1.06629
1.06455
1.07099
1.06989
1.05742
1.05024
1.05474
1.05528
1.05734
1.05817
1.05387
1.05428
1.05239
1.05312
1.0478
1.04717
1.04252
1.0337
1.04813
1.04414
1.05448
1.04795
1.04924
1.04232
1.0416
1.03825
1.03439
1.04336
1.04546
1.04553
1.04526
1.04236
1.04952
1.05274
1.04769
1.04039
1.03802
1.03999
1.03203
1.04227
1.03863
1.03933
1.04038
1.0397
1.03663
1.03798
1.03796
1.03752
1.03661
1.04769
1.04376
1.04211
1.03858
1.03948
1.03722
1.03586
1.03793
1.03698
1.03259
1.02746
1.04026
1.04058
1.03746
1.03747
1.03945
1.03535
1.03066
1.0412
1.04258
1.03908
1.03956
1.05019
1.05535
1.05261
1.04906
1.06237
1.05611
1.05857
1.05554
1.04842
1.05472
1.05659
1.05378
1.0543
1.05256
1.05426
1.04973
1.04891
1.05763
1.05901
1.06269
1.06944
1.06061
1.0638
1.05206
1.05168
1.05228
1.06074
1.05724
1.0585
1.06015
1.06952
1.06999
1.07504
1.06559
1.06324
1.05985
1.06113
1.06138
1.06393
1.05232
1.05312
1.05792
1.04819
1.04739
1.04826
1.0454
1.04976
1.04831
1.04104
1.03872
1.05055
1.04615
1.04759
1.04074
1.03415
1.03393
1.03803
1.03597
1.03455
1.03862
1.04046
1.04155
1.04258
1.04849
1.04499
1.04763
1.03424
1.03873
1.04281
1.04369
1.04787
1.05751
1.05191
1.04522
1.04083
1.04503
1.04761
1.04526
1.04404
1.04283
1.04788
1.04499
1.03587
1.03463
1.03889
1.03499
1.03908
1.0345
1.03894
1.04578
1.04795
1.05159
1.04254
1.04142
1.04273
1.04126
1.03825
1.03907
1.03864
1.03649
1.04451
1.03968
1.04001
1.03921
1.03193
1.03241
1.02732
1.03452
1.0248
1.02896
1.02766
1.03777
1.03196
1.03415
1.03315
1.0326
1.03037
1.02932
1.03167
1.03868
1.03055
1.03196
1.02877
1.02761
1.03537
1.03038
1.03607
1.03474
1.03522
1.03626
1.03048
1.03417
1.03876
1.04421
1.0451
1.04497
1.03976
1.0416
1.05104
1.04785
1.04698
1.04171
1.0413
1.04246
1.04622
1.04188
1.04254
1.04215
1.03838
1.04097
1.04438
1.04461
1.03216
1.04336
1.03742
1.03177
1.03069
1.03213
1.0366
1.02997
1.03118
1.02617
1.02784
1.02596
1.02891
1.02575
1.02944
1.02652
1.02742
1.02767
1.02082
1.02247
1.02749
1.03755
1.03598
1.0299
1.03118
1.02803
1.02294
1.02878
1.02997
1.02307
1.02825
1.02741
1.03201
1.02762
1.02626
1.03098
1.02547
1.02245
1.03019
1.03174
1.0349
1.03783
1.03073
1.03883
1.03739
1.03845
1.03458
1.02974
1.02797
1.03032
1.02923
1.03824
1.04262
1.0407
1.03704
1.03382
1.03824
1.03216
1.03551
1.03413
1.039
1.0389
1.02536
1.03075
1.03119
1.03806
1.03968
1.03374
1.02849
1.0324
1.03241
1.02984
1.03168
1.0321
1.03076
1.02486
1.0343
1.02955
1.01824
1.02085
1.02275
1.02635
1.02449
1.02614
1.02974
1.03345
1.02951
1.0352
1.03875
1.03186
1.02576
1.02378
1.02835
1.02378
1.01586
1.01793
1.02186
1.02821
1.02487
1.0315
1.02662
1.0275
1.02265
1.0232
1.01279
1.01267
1.02042
1.01071
1.01174
1.01424
1.01731
1.01713
1.02304
1.01446
1.01515
1.01931
1.01117
1.00607
1.01238
1.02018
1.02093
1.02302
1.02123
1.02772
1.02572
1.01985
1.01159
1.01596
1.01552
1.01695
1.01163
1.00912
1.00499
1.00045
1.0009
1.00637
1.00146
0.998926
0.997133
1.00424
1.00192
1.0008
1.00004
1.00493
1.00414
1.00782
1.00598
1.00866
1.00628
1.00186
1.00514
1.00912
1.01305
1.01528
1.01338
1.01545
1.00758
1.0085
1.0096
1.00884
1.00519
1.00102
1.00684
1.01224
1.01218
1.01027
1.00695
1.01396
1.01501
1.01414
1.00717
1.00592
1.01659
1.01309
1.01129
1.01543
1.01393
1.01636
1.01558
1.02028
1.02049
1.02235
1.01809
1.03595
1.02895
1.02649
1.0274
1.0304
1.0318
1.03486
1.03565
1.03051
1.0349
1.02848
1.03418
1.03367
1.032
1.03901
1.02536
1.02649
1.0346
1.03403
1.02724
1.03343
1.0293
1.01848
1.01558
1.01695
1.0169
1.01977
1.02258
1.0123
1.01686
1.0145
1.00319
1.00225
0.999475
1.00704
1.00857
1.0128
1.01692
1.01495
1.02216
1.0125
1.01901
1.01495
1.02111
1.0258
1.02605
1.02726
1.02858
1.01984
1.01534
1.02158
1.0206
1.02659
1.02539
1.02801
1.03469
1.03058
1.0295
1.02845
1.02298
1.03034
1.04003
1.03543
1.04012
1.04117
1.04799
1.05073
1.04284
1.04969
1.05105
1.05238
1.05819
1.05452
1.05608
1.05314
1.05498
1.05397
1.04408
1.04532
1.04952
1.04495
1.04114
1.04597
1.03538
1.03499
1.03285
1.03595
1.04432
1.03792
1.03649
1.03896
1.04573
1.03806
1.04951
1.04603
1.0406
1.03878
1.04638
1.0446
1.0382
1.04271
1.03876
1.03327
1.02791
1.02653
1.02644
1.02607
1.03287
1.03404
1.04509
1.04329
1.03918
1.03212
1.03196
1.02962
1.03575
1.02662
1.02275
1.01713
1.01613
1.02013
1.02056
1.02051
1.00892
1.01656
1.01581
1.0213
1.00931
1.01216
1.01766
1.0198
1.01235
1.01305
1.01766
1.01495
1.02078
1.02342
1.01237
1.02229
1.02424
1.01985
1.02284
1.02645
1.03244
1.02294
1.0205
1.01784
1.02041
1.01049
1.00732
1.0138
1.00575
1.00567
1.00711
1.00273
1.0092
1.00578
1.00608
1.00455
1.00272
1.00811
0.999585
0.999316
0.998242
0.997593
0.9966
1.0074
1.00986
1.01182
1.01251
1.01317
1.00859
1.00831
1.00555
1.00299
1.00348
1.00249
1.00568
0.999974
1.00204
1.00662
1.0075
1.01639
1.01219
1.00952
1.01669
1.01026
1.009
1.01597
1.01114
1.00811
1.02075
1.01793
1.02448
1.01527
1.01307
1.01526
1.02153
1.01936
1.02325
1.01587
1.01829
1.01584
1.01621
1.01448
1.01415
1.01851
1.01899
1.02607
1.02997
1.02778
1.02126
1.02258
1.02047
1.02504
1.02559
1.02914
1.02817
1.0329
1.03106
1.026
1.02868
1.0242
1.02125
1.03201
1.02847
1.02252
1.01908
1.0141
1.00981
1.01881
1.01552
1.02174
1.01774
1.00533
1.00603
1.00601
1.00172
1.00225
1.01488
1.00687
1.00542
1.00347
1.00355
1.0116
1.00957
1.00316
1.00361
1.00399
1.00782
1.0141
1.01251
1.01082
1.00919
1.00564
1.00881
1.01193
1.01922
1.01336
1.02079
1.02457
1.02629
1.0194
1.02284
1.0166
1.02337
1.02366
1.02904
1.02497
1.02434
1.02467
1.03531
1.0376
1.04093
1.03379
1.02877
1.03098
1.02959
1.03263
1.02275
1.01999
1.01296
1.0149
1.02508
1.02171
1.02286
1.02976
1.02772
1.02052
1.02463
1.02111
1.01915
1.02379
1.01349
1.01716
1.0245
1.02552
1.02281
1.01405
1.02125
1.0249
1.02408
1.02692
1.02497
1.02128
1.02557
1.02822
1.02819
1.02457
1.02644
1.03532
1.03015
1.03395
1.03347
1.0384
1.02825
1.02788
1.02786
1.01723
1.03064
1.03113
1.02702
1.0289
1.02679
1.02374
1.02201
1.02185
1.03109
1.03524
1.03706
1.02459
1.02122
1.02587
1.02505
1.01943
1.02448
1.01979
1.02178
1.02581
1.02403
1.02252
1.02838
1.02649
1.02618
1.02711
1.02706
1.02061
1.0143
1.01029
1.01507
1.02768
1.02649
1.01762
1.02064
1.02622
1.03491
1.03671
1.0316
1.03652
1.02627
1.03509
1.02389
1.03508
1.0376
1.03568
1.04687
1.0415
1.03632
1.03979
1.04233
1.0472
1.04521
1.05299
1.05509
1.05405
1.0433
1.0538
1.04979
1.04327
1.04444
1.04912
1.0483
1.04087
1.04276
1.037
1.04365
1.04376
1.04441
1.04937
1.0458
1.05164
1.04933
1.04411
1.04349
1.03634
1.04088
1.04935
1.04841
1.05107
1.04129
1.0369
1.04249
1.04642
1.0462
1.04742
1.04352
1.04552
1.04776
1.04201
1.04868
1.04649
1.05071
1.04299
1.05096
1.03772
1.04711
1.04459
1.0432
1.03806
1.02946
1.02976
1.02854
1.01927
1.02353
1.02597
1.03583
1.04309
1.04479
1.04139
1.05025
1.04098
1.05122
1.05061
1.0515
1.04337
1.04387
1.04781
1.03704
1.05005
1.05214
1.05226
1.04437
1.04978
1.04569
1.03859
1.03381
1.04384
1.04038
1.03933
1.02944
1.03757
1.0333
1.028
1.0259
1.02819
1.02814
1.02389
1.03589
1.04052
1.03652
1.03687
1.03837
1.04336
1.04162
1.0349
1.03774
1.03958
1.03355
1.03114
1.03583
1.03456
1.03885
1.0377
1.03253
1.02772
1.03578
1.03501
1.03537
1.03411
1.02965
1.0243
1.03081
1.02723
1.02551
1.03099
1.0277
1.03732
1.02698
1.02424
1.02552
1.02067
1.02149
1.01707
1.01331
1.0151
1.0224
1.03027
1.02781
1.0298
1.02886
1.0273
1.0283
1.02769
1.03191
1.02606
1.02466
1.02682
1.02642
1.03509
1.03693
1.03189
1.03298
1.03387
1.03313
1.03296
1.03492
1.03146
1.02593
1.02845
1.03116
1.03516
1.03431
1.02974
1.03989
1.0421
1.03795
1.04119
1.0403
1.03481
1.0401
1.04351
1.03567
1.04361
1.04658
1.0521
1.0498
1.05438
1.04915
1.05222
1.04999
1.04716
1.06136
1.04748
1.05038
1.04716
1.05068
1.04515
1.04548
1.04591
1.04193
1.0515
1.03838
1.03382
1.04053
1.04066
1.04333
1.04378
1.0384
1.05036
1.04783
1.049
1.05105
1.04722
1.0431
1.03175
1.02946
1.03259
1.04417
1.03226
1.03276
1.03688
1.03829
1.04698
1.04978
1.04627
1.04167
1.04362
1.04336
1.0582
1.04692
1.04702
1.05847
1.05767
1.04959
1.04347
1.05177
1.05409
1.05354
1.05147
1.05371
1.05217
1.04031
1.0446
1.03915
1.04277
1.0491
1.04652
1.05643
1.04513
1.0484
1.05419
1.05439
1.05372
1.04386
1.04606
1.05189
1.05026
1.05039
1.05054
1.05123
1.05005
1.04433
1.04666
1.04539
1.04214
1.03726
1.04087
1.03274
1.02969
1.02806
1.03552
1.03998
1.04073
1.03681
1.0325
1.04009
1.03949
1.0339
1.0392
1.0319
1.02791
1.02145
1.02337
1.03824
1.03876
1.0302
1.03283
1.03473
1.03857
1.03705
1.02752
1.0286
1.02806
1.0316
1.03317
1.0356
1.03743
1.03646
1.03107
1.02382
1.02712
1.03754
1.02828
1.03474
1.03141
1.02329
1.01691
1.0297
1.02319
1.02938
1.02353
1.03272
1.03325
1.02297
1.03107
1.02304
1.03504
1.03449
1.03308
1.03168
1.03658
1.04229
1.04387
1.03498
1.02734
1.02556
1.03529
1.02952
1.03285
1.03284
1.03599
1.03385
1.03035
1.02873
1.03659
1.03459
1.04132
1.03612
1.0384
1.02976
1.03716
1.02726
1.03414
1.03827
1.03305
1.03864
1.04248
1.0435
1.04563
1.04686
1.04362
1.04032
1.03895
1.03687
1.04159
1.03308
1.0345
1.03864
1.03688
1.0339
1.03796
1.04114
1.03606
1.03721
1.04361
1.02941
1.03176
1.02563
1.02441
1.02523
1.03263
1.03324
1.03082
1.03014
1.02725
1.02987
1.035
1.03181
1.02812
1.02042
1.02507
1.03102
1.02284
1.03308
1.02448
1.02434
1.01766
1.02328
1.02476
1.01765
1.02231
1.02188
1.02028
1.0175
1.02343
1.02223
1.0271
1.02303
1.0254
1.02593
1.02774
1.02694
1.0198
1.02495
1.02704
1.00821
1.01276
1.01315
1.01138
1.01764
1.02112
1.0244
1.02068
1.01282
1.01334
1.01312
1.01498
1.01628
1.01764
1.01811
1.0179
1.0191
1.019
1.01704
1.01558
1.02052
1.01602
1.02276
1.02947
1.02661
1.03202
1.0345
1.02961
1.02664
1.02127
1.02805
1.02527
1.01713
1.01498
1.02467
1.02628
1.0286
1.03386
1.02727
1.03569
1.03574
1.0394
1.0406
1.04691
1.04634
1.04749
1.05414
1.0585
1.06381
1.06383
1.05502
1.05437
1.04972
1.04603
1.05005
1.05765
1.05105
1.05769
1.05175
1.05462
1.05551
1.05788
1.05967
1.05324
1.05296
1.0545
1.05326
1.04936
1.05996
1.04835
1.05451
1.05614
1.05384
1.046
1.04796
1.05432
1.05104
1.04959
1.05384
1.05229
1.05173
1.04269
1.04993
1.04864
1.0487
1.04624
1.04907
1.04634
1.04937
1.05247
1.0556
1.05033
1.04361
1.04957
1.04575
1.04637
1.04606
1.04709
1.04535
1.04774
1.05087
1.04275
1.04979
1.04632
1.04808
1.04991
1.04567
1.04294
1.04587
1.04828
1.04483
1.04852
1.04461
1.04854
1.04551
1.04581
1.03558
1.04306
1.03154
1.0277
1.03184
1.03935
1.03374
1.03276
1.03394
1.03448
1.02958
1.03373
1.0389
1.04209
1.03343
1.03133
1.02339
1.01957
1.02298
1.02576
1.01844
1.02078
1.01994
1.02439
1.01814
1.02673
1.02754
1.02275
1.01792
1.01717
1.01768
1.00805
1.00867
1.00634
1.01618
1.01433
1.0211
1.01711
1.01878
1.02192
1.02409
1.02654
1.02488
1.0178
1.02185
1.02991
1.02906
1.03371
1.02488
1.02442
1.03308
1.02797
1.02664
1.02068
1.02478
1.03137
1.03631
1.03979
1.04503
1.03672
1.04322
1.04154
1.04007
1.03988
1.03851
1.03713
1.04521
1.05432
1.04427
1.05075
1.04068
1.03902
1.04512
1.03931
1.02848
1.03109
1.03653
1.04292
1.03403
1.03986
1.04053
1.0386
1.04735
1.04236
1.04315
1.04517
1.04948
1.04625
1.05198
1.04858
1.05605
1.05001
1.0497
1.04797
1.05335
1.04972
1.04696
1.04833
1.05176
1.04313
1.04251
1.03973
1.04332
1.04442
1.03747
1.03528
1.03456
1.03168
1.03454
1.03665
1.03971
1.04282
1.03805
1.04802
1.0492
1.04399
1.04389
1.0408
1.04308
1.04443
1.03965
1.03779
1.0431
1.04244
1.04268
1.04351
1.04525
1.0448
1.05465
1.05948
1.05182
1.06128
1.0471
1.0462
1.0417
1.04321
1.04569
1.04422
1.04789
1.04954
1.04737
1.03867
1.03768
1.037
1.04206
1.04469
1.04261
1.03071
1.03034
1.02644
1.03323
1.03031
1.03294
1.02757
1.03512
1.04662
1.04979
1.04598
1.04567
1.03939
1.0473
1.04635
1.0381
1.03184
1.03418
1.03343
1.03777
1.03257
1.03307
1.04392
1.05193
1.0494
1.04529
1.03896
1.03863
1.0357
1.03639
1.0427
1.04801
1.04916
1.05398
1.04509
1.04016
1.04418
1.04832
1.04149
1.04362
1.05186
1.04643
1.04186
1.04036
1.03811
1.04005
1.03168
1.03077
1.03915
1.03397
1.03586
1.03681
1.03424
1.04104
1.04202
1.03341
1.03063
1.02516
1.03274
1.02698
1.02709
1.02909
1.03208
1.02948
1.03058
1.02556
1.02456
1.02475
1.02887
1.03444
1.04265
1.04227
1.04151
1.03212
1.03245
1.03913
1.03596
1.04473
1.03717
1.028
1.03241
1.02598
1.02344
1.0274
1.02576
1.02266
1.02051
1.02272
1.03281
1.02529
1.03253
1.03307
1.0335
1.03208
1.03684
1.04082
1.04191
1.04398
1.03358
1.03759
1.0301
1.02808
1.03268
1.02972
1.03282
1.03165
1.03595
1.02642
1.02479
1.02466
1.02484
1.02863
1.02232
1.02199
1.02919
1.02108
1.02926
1.01997
1.03078
1.0351
1.02808
1.01878
1.02544
1.0188
1.02262
1.02268
1.01925
1.02011
1.01367
1.01208
1.01907
1.02296
1.02279
1.02328
1.02425
1.02091
1.02679
1.02319
1.01995
1.00861
1.01175
1.01315
1.01855
1.01428
1.01566
1.01725
1.012
1.01058
1.01049
1.01366
1.01257
1.01
1.01238
1.00723
1.00039
1.00797
1.01106
1.00572
1.00384
1.00152
1.00716
1.00827
1.01033
1.01256
1.01626
1.0207
1.02287
1.02688
1.02141
1.02526
1.02139
1.02376
1.015
1.018
1.01383
1.01218
1.01198
1.02023
1.02388
1.01361
1.02219
1.02302
1.01145
1.01377
1.01515
1.01669
1.01699
1.02027
1.01535
1.02442
1.02388
1.02518
1.02441
1.03186
1.03008
1.04069
1.02925
1.03274
1.02331
1.02766
1.02651
1.02103
1.02398
1.01698
1.02203
1.02754
1.02326
1.03663
1.03041
1.02866
1.02924
1.02479
1.02473
1.0246
1.02918
1.02033
1.01641
1.01041
1.01132
1.00527
0.99853
1.00253
1.00393
1.0002
0.993986
0.994434
0.986984
0.992178
0.992597
0.99375
1.00332
0.993547
0.996997
0.995024
1.00104
1.00319
1.00602
1.0054
1.00909
1.00255
1.00495
1.01744
1.01468
1.01881
1.0182
1.01974
1.01213
1.01752
1.01192
1.00633
1.00254
1.00204
0.998314
0.999324
1.00405
0.994482
1.00167
0.999432
1.00016
1.00261
1.00012
0.996831
0.999517
0.993767
0.987924
0.996703
0.996543
0.993664
0.999484
0.991209
0.988267
0.992502
0.986881
0.982608
0.988991
0.989634
0.993652
1.00215
0.996099
1.0125
1.00713
1.00143
1.0048
1.00366
1.00301
1.00677
1.01327
1.01326
1.01191
1.00305
1.00979
1.00891
1.00543
1.00245
1.01102
1.0121
1.01748
1.01307
1.01758
1.0154
1.01336
1.00515
1.00403
1.00257
1.00219
1.00128
1.00879
1.00244
0.993819
0.990231
0.997107
1.00038
1.00247
1.00354
0.997353
1.00107
0.991331
0.995519
0.994095
0.995293
0.989392
0.996864
1.0047
0.99971
1.00453
1.00749
1.00079
1.01106
1.01598
1.00572
1.00353
1.0046
1.00538
1.00575
1.00609
1.01413
1.01159
1.00205
1.00403
1.00765
1.00496
1.01124
1.01005
1.00391
0.993685
0.998477
0.992419
1.00013
1.00466
1.00342
0.994111
0.997805
0.996086
1.00642
0.998173
1.00471
1.00057
1.00325
1.00258
1.00396
0.999405
1.00815
1.00696
0.998541
0.996523
0.990066
0.998632
1.00278
0.996929
0.991514
0.997043
1.00269
1.00661
1.00825
1.0027
1.00953
1.00276
1.00301
1.00275
1.00005
0.998573
0.997075
1.00447
1.00908
1.00905
1.00305
0.99923
1.00292
1.00086
0.999264
1.00382
0.998144
0.998101
0.999212
0.994859
0.992032
0.995389
0.993149
0.992841
0.989272
0.985807
1.00197
1.006
0.99192
0.992296
0.982022
0.981669
0.989712
0.9885
0.992362
0.993878
0.990109
0.995824
1.00193
1.00008
0.998426
1.0034
0.998559
0.999069
1.00423
1.0009
1.00251
1.00474
1.00558
1.00329
1.0004
1.00511
1.00054
0.992482
0.996932
0.99369
1.0052
1.00136
0.998517
1.00688
1.00149
1.00639
0.998523
0.99817
1.0029
1.00823
1.00567
1.01648
1.01892
1.02065
1.03243
1.02456
1.02388
1.02033
1.01596
1.02999
1.02438
1.02899
1.02629
1.02752
1.0357
1.02426
1.03228
1.03217
1.02832
1.02694
1.02871
1.02239
1.02304
1.01356
1.0199
1.02146
1.01956
1.02414
1.02048
1.01644
1.02362
1.02844
1.03372
1.03349
1.02368
1.02995
1.03365
1.04017
1.04111
1.03364
1.03549
1.03252
1.03828
1.03369
1.03512
1.03775
1.03393
1.0316
1.02261
1.02757
1.02335
1.02488
1.02169
1.01989
1.02006
1.02208
1.02968
1.02055
1.03055
1.02633
1.02605
1.01522
1.0321
1.02764
1.02566
1.03236
1.03166
1.02249
1.01951
1.01244
1.01409
1.01956
1.01912
1.02069
1.01707
1.02277
1.01007
1.02302
1.02063
1.01758
1.02211
1.01622
1.00953
1.01057
1.01754
1.01013
1.00438
1.01305
1.01611
1.00391
1.00954
1.01323
1.01865
1.01618
1.02432
1.01947
1.02319
1.01434
1.00865
1.00478
1.00589
1.00354
1.00134
1.00174
0.99856
0.997741
0.994426
1.00273
1.00339
1.00455
1.01012
1.00561
1.0069
1.00951
1.00132
1.00748
1.006
1.0043
1.00406
1.00643
1.00045
1.00433
0.996092
0.990011
0.994459
0.995377
0.998616
0.994835
0.993624
0.994648
0.99679
0.993805
0.988894
0.997017
0.996672
0.992812
0.987175
0.980722
0.991296
0.997082
0.989926
0.997144
0.998699
0.996027
0.993082
0.999513
0.99126
0.990967
0.986169
0.988332
0.994562
0.998041
0.990917
0.987618
0.990595
0.991225
0.990551
0.989218
0.987029
0.990806
0.994077
0.994515
0.990883
0.982233
0.991572
0.995603
0.98682
0.985737
0.978067
0.975455
0.981119
0.979219
0.976531
0.97034
0.973519
0.980707
0.984774
0.988665
0.988334
0.978851
0.990226
0.995464
0.998484
0.992921
0.992886
0.996479
0.990903
0.994242
1.00134
1.0041
1.00274
1.00014
0.996823
0.992349
0.998012
1.01053
0.995829
0.984768
0.98694
0.979348
0.989427
0.990907
0.989881
0.987809
0.997738
0.998621
0.992827
0.992342
0.999166
0.993535
0.996418
0.992791
0.995509
1.00242
1.00133
1.00151
1.00209
1.00016
0.998727
1.00318
0.99872
0.99348
0.994749
0.994511
0.993969
0.997347
1.00055
0.999853
0.99445
0.996487
0.997715
0.994841
0.99941
1.004
0.998264
1.00288
0.996072
0.999793
0.999589
0.99818
0.999549
0.994158
1.0016
1.00456
1.00379
1.00265
1.00925
0.998138
0.996635
0.994578
1.00139
1.00574
1.00325
1.00144
1.00515
1.00747
1.0071
1.00773
1.00874
1.01379
1.01261
1.00692
1.01062
1.015
1.01178
1.01535
1.01022
1.01089
1.01344
1.02329
1.0211
1.01971
1.01821
1.02122
1.00816
1.01392
1.01468
1.01478
1.01643
1.02183
1.01061
1.01127
1.01915
1.01026
1.01372
1.00958
1.00425
1.00913
1.00923
1.00896
1.01139
1.01444
1.02137
1.01515
1.01552
1.01715
1.01714
1.00886
1.01691
1.00985
1.01281
1.01618
1.01515
1.01636
1.01396
1.01016
1.0093
1.01787
1.01747
1.01262
1.01213
1.00822
1.01431
1.00701
1.00661
1.00844
1.00044
1.00312
1.00068
1.01094
1.00156
1.00761
1.00421
1.0043
1.01138
1.00944
1.0006
0.999056
0.998997
1.00487
1.00669
1.00577
1.003
1.00686
1.00717
1.01594
1.01656
1.01998
1.01584
1.01388
1.02658
1.01646
1.02173
1.01149
1.0096
1.0127
1.0112
1.01562
1.00119
1.00742
1.00779
1.00937
1.01903
1.02214
1.01936
1.02306
1.01599
1.02227
1.02178
1.0249
1.02058
1.01702
1.01554
1.02496
1.0277
1.03103
1.02395
1.02096
1.02296
1.01796
1.02261
1.01792
1.0147
1.0257
1.02254
1.02398
1.0198
1.02273
1.01965
1.02788
1.02694
1.02157
1.01436
1.02233
1.02078
1.03045
1.01943
1.01632
1.01856
1.02308
1.02744
1.03195
1.02185
1.02847
1.02036
1.02186
1.01521
1.01743
1.01273
1.00862
1.01068
1.01184
1.01459
1.01305
1.01266
1.01297
1.01212
1.00216
1.00625
1.00595
1.00719
1.01231
0.995043
0.997215
0.991954
0.993648
0.999514
0.999079
1.00081
0.989426
0.990092
0.995808
0.990283
0.990591
0.990947
0.995006
0.998484
0.99594
0.998914
0.997104
0.994909
0.983705
0.989942
0.997797
0.996883
0.996001
0.997313
1.00219
0.998854
0.991856
0.990861
0.99426
0.987573
0.993103
0.987555
0.99862
1.00059
0.998039
0.999627
0.99781
1.0095
1.00684
