1.34887
1.35644
1.355
1.36327
1.35778
1.36381
1.36436
1.35948
1.3521
1.35807
1.34213
1.35288
1.34762
1.35561
1.35135
1.35451
1.35855
1.35244
1.35502
1.35531
1.34934
1.34701
1.35044
1.35065
1.35819
1.34799
1.35793
1.3596
1.35956
1.35718
1.35616
1.35634
1.35569
1.35959
1.35979
1.35244
1.34788
1.36147
1.35453
1.35007
1.36263
1.35876
1.35184
1.35462
1.35228
1.35113
1.35489
1.35435
1.35398
1.35803
1.36062
1.36012
1.36338
1.35106
1.35825
1.35873
1.36016
1.36118
1.35783
1.36114
1.35315
1.35786
1.35756
1.35064
1.35548
1.3582
1.3541
1.35796
1.35539
1.35476
1.35074
1.35776
1.34927
1.34654
1.35319
1.35518
1.35094
1.34858
1.34665
1.34653
1.35723
1.35648
1.34823
1.35037
1.35416
1.35625
1.34999
1.35252
1.35103
1.36027
1.35995
1.35274
1.35421
1.35615
1.35802
1.36439
1.35377
1.35431
1.35391
1.35923
1.36516
1.35553
1.34829
1.35855
1.3571
1.35816
1.35752
1.35602
1.35422
1.36067
1.36055
1.35248
1.35378
1.34937
1.35684
1.35602
1.35175
1.35649
1.35514
1.35372
1.36175
1.35805
1.3506
1.35603
1.36354
1.35027
1.35358
1.3611
1.34982
1.35832
1.35543
1.34939
1.35541
1.35756
1.34457
1.35804
1.35887
1.35719
1.35
1.34686
1.34685
1.34781
1.35254
1.34854
1.35024
1.35651
1.3601
1.36006
1.35245
1.34596
1.35908
1.35069
1.35977
1.35232
1.35065
1.35492
1.35016
1.35577
1.35589
1.35432
1.34434
1.35237
1.35084
1.35592
1.35394
1.35084
1.35038
1.35295
1.3546
1.35477
1.34818
1.35028
1.35328
1.35254
1.35389
1.35349
1.35798
1.36148
1.35708
1.36058
1.35619
1.35831
1.35446
1.3534
1.35718
1.34456
1.35368
1.34915
1.34396
1.3509
1.35378
1.35931
1.35988
1.35869
1.35279
1.35394
1.36228
1.36352
1.35811
1.35722
1.35641
1.35803
1.35362
1.35243
1.35731
1.35312
1.3553
1.35451
1.35185
1.35311
1.36012
1.36854
1.35346
1.35667
1.35127
1.34474
1.35004
1.35644
1.35853
1.34839
1.35399
1.35385
1.35233
1.3577
1.35367
1.35906
1.35295
1.35382
1.35737
1.35357
1.3532
1.35654
1.35477
1.35485
1.35309
1.3588
1.35736
1.35693
1.35661
1.35486
1.35597
1.35851
1.35145
1.357
1.34946
1.35181
1.35735
1.35564
1.35625
1.35357
1.35363
1.35802
1.35807
1.35743
1.36133
1.36439
1.36237
1.3571
1.36157
1.35696
1.35696
1.35574
1.35673
1.35962
1.35743
1.35835
1.35693
1.35338
1.35084
1.34617
1.35841
1.34814
1.35121
1.35214
1.35249
1.35325
1.35438
1.34558
1.35258
1.35058
1.35216
1.35129
1.34762
1.35844
1.35238
1.35572
1.35705
1.35801
1.3611
1.35884
1.35535
1.35825
1.35412
1.35487
1.35196
1.35755
1.35125
1.35302
1.35482
1.34762
1.34914
1.3524
1.35183
1.35164
1.3504
1.3573
1.36577
1.35166
1.35253
1.35297
1.35394
1.35861
1.3614
1.35046
1.34895
1.35229
1.35335
1.35871
1.35446
1.36036
1.35939
1.35254
1.3587
1.35654
1.35572
1.3521
1.34962
1.35104
1.35326
1.35468
1.35646
1.3615
1.35594
1.35972
1.36605
1.35724
1.36198
1.35824
1.35839
1.35422
1.35854
1.35273
1.35119
1.35371
1.3514
1.35047
1.34859
1.36389
1.35208
1.35504
1.3574
1.34519
1.34667
1.35297
1.35233
1.34196
1.35841
1.3592
1.35661
1.36094
1.34917
1.35063
1.34734
1.35251
1.3571
1.34784
1.35805
1.35582
1.35109
1.35711
1.35335
1.35136
1.35884
1.35725
1.355
1.35179
1.34704
1.35139
1.34823
1.35566
1.35689
1.35217
1.3504
1.3585
1.35634
1.35207
1.35326
1.35932
1.35699
1.35122
1.35002
1.35467
1.35809
1.35076
1.35207
1.3536
1.35358
1.36457
1.35714
1.3558
1.35009
1.34835
1.35063
1.35573
1.35531
1.35321
1.35112
1.34934
1.35084
1.3567
1.35546
1.35504
1.35076
1.35172
1.36342
1.34751
1.35592
1.34926
1.35749
1.35428
1.35353
1.36263
1.35509
1.35868
1.35963
1.34964
1.34978
1.35396
1.3597
1.35507
1.35635
1.35832
1.34959
1.34666
1.35489
1.34876
1.34468
1.35688
1.36088
1.35036
1.34826
1.34882
1.35563
1.34804
1.35443
1.35912
1.35305
1.35614
1.35688
1.35524
1.34981
1.35141
1.3516
1.36225
1.35619
1.3622
1.36008
1.36144
1.34803
1.35339
1.35947
1.3554
1.34536
1.35685
1.35717
1.35664
1.35994
1.3509
1.35602
1.35375
1.34672
1.35707
1.35698
1.35562
1.35798
1.3605
1.36022
1.35554
1.35278
1.35366
1.35607
1.36591
1.35141
1.35429
1.36073
1.35144
1.35484
1.35592
1.34561
1.35225
1.35462
1.34875
1.35819
1.35998
1.35244
1.34779
1.35086
1.34672
1.34751
1.34732
1.35273
1.35011
1.3507
1.35482
1.36134
1.35763
1.3606
1.35345
1.35072
1.35284
1.34912
1.3524
1.34855
1.35262
1.35615
1.36159
1.35132
1.35004
1.34783
1.35379
1.35479
1.35053
1.36033
1.34987
1.3544
1.35563
1.35754
1.36351
1.35242
1.35802
1.35622
1.36458
1.35721
1.36271
1.35732
1.35808
1.35511
1.35204
1.34977
1.35671
1.3496
1.35142
1.35337
1.35129
1.35915
1.35652
1.35388
1.35188
1.34776
1.35327
1.35702
1.35735
1.36213
1.3544
1.34956
1.35746
1.35332
1.35495
1.35334
1.34715
1.35039
1.35405
1.3509
1.35072
1.34657
1.35408
1.36032
1.35962
1.35525
1.35185
1.35547
1.35587
1.36018
1.36189
1.36651
1.36037
1.35115
1.35638
1.35505
1.35549
1.35247
1.35461
1.36287
1.35681
1.36245
1.35969
1.35767
1.35568
1.36125
1.35495
1.35838
1.35318
1.34653
1.35045
1.36151
1.3621
1.35639
1.35039
1.35853
1.35571
1.35322
1.35294
1.35023
1.35416
1.35115
1.35462
1.35639
1.34543
1.35247
1.35515
1.35604
1.35765
1.35644
1.35294
1.34939
1.35147
1.35139
1.3522
1.35822
1.35423
1.35501
1.36106
1.3575
1.36388
1.35649
1.35692
1.36183
1.35939
1.35613
1.35991
1.35971
1.34743
1.35229
1.35026
1.35542
1.35994
1.35572
1.36176
1.35291
1.3607
1.35771
1.35483
1.3558
1.3551
1.35514
1.36116
1.35385
1.35957
1.36153
1.35694
1.35487
1.35443
1.35418
1.35062
1.35966
1.35361
1.35614
1.35693
1.35883
1.34999
1.34798
1.36012
1.3514
1.35558
1.34968
1.35922
1.36077
1.35286
1.35287
1.35559
1.35313
1.35964
1.35341
1.35917
1.35959
1.35607
1.35795
1.35283
1.35112
1.35277
1.36106
1.35004
1.34762
1.35154
1.35943
1.35553
1.35137
1.35419
1.34829
1.35614
1.35646
1.35904
1.35388
1.35326
1.35589
1.35207
1.35614
1.35408
1.35342
1.35934
1.35282
1.35515
1.35353
1.34904
1.35065
1.35368
1.34863
1.3534
1.35604
1.36499
1.35596
1.35318
1.35513
1.34884
1.3541
1.34813
1.35887
1.35109
1.35559
1.35809
1.35673
1.35602
1.35505
1.36393
1.36008
1.35228
1.35974
1.35984
1.35349
1.35545
1.35896
1.34745
1.35197
1.35363
1.35426
1.35269
1.35162
1.35424
1.3468
1.35319
1.35525
1.35815
1.35844
1.35476
1.35575
1.35139
1.35875
1.34893
1.35768
1.35696
1.35208
1.35085
1.35362
1.351
1.35629
1.36294
1.35828
1.35355
1.35462
1.35482
1.36257
1.36086
1.36251
1.35658
1.35066
1.35908
1.36054
1.36255
1.36016
1.35621
1.34998
1.35134
1.35785
1.354
1.36109
1.35661
1.35763
1.35457
1.35358
1.35313
1.35623
1.3555
1.34961
1.35544
1.3576
1.35972
1.352
1.35509
1.34403
1.34811
1.35185
1.35073
1.35782
1.35085
1.34905
1.34915
1.34932
1.36173
1.35356
1.35149
1.36462
1.35334
1.34716
1.35293
1.35049
1.34887
1.35658
1.35752
1.36039
1.35372
1.35625
1.35429
1.35507
1.35193
1.35268
1.35772
1.35035
1.35412
1.34884
1.35346
1.34932
1.35102
1.34954
1.34626
1.35225
1.35848
1.3591
1.35657
1.35212
1.35635
1.3594
1.35757
1.36128
1.35845
1.34825
1.34643
1.35099
1.34792
1.34262
1.34489
1.34832
1.35104
1.35335
1.35222
1.34997
1.36047
1.35295
1.35534
1.35215
1.35521
1.35624
1.36047
1.35675
1.35333
1.35576
1.36138
1.35881
1.35579
1.34983
1.36166
1.36042
1.35762
1.35141
1.3533
1.35288
1.35271
1.35612
1.35733
1.3625
1.35639
1.35129
1.35394
1.35619
1.3577
1.36046
1.35224
1.34911
1.35812
1.35248
1.34906
1.35696
1.35061
1.3505
1.36006
1.36023
1.35858
1.36003
1.3596
1.35752
1.36272
1.34995
1.3555
1.35146
1.35661
1.35501
1.35461
1.35698
1.35675
1.35434
1.34962
1.35661
1.35173
1.34478
1.35805
1.34624
1.35428
1.35135
1.35382
1.35317
1.35614
1.35455
1.35494
1.35092
1.36467
1.35912
1.35547
1.35453
1.35721
1.351
1.36093
1.35934
1.35763
1.36378
1.35613
1.36033
1.35629
1.35256
1.35291
1.3503
1.34728
1.34098
1.34939
1.35784
1.3535
1.3507
1.35292
1.35319
1.35028
1.35377
1.34996
1.35531
1.35738
1.35521
1.35675
1.34918
1.35374
1.35641
1.35896
1.35378
1.34938
1.35848
1.35385
1.3568
1.34979
1.36216
1.35845
1.36278
1.36148
1.34511
1.35147
1.34973
1.35389
1.35111
1.34905
1.34911
1.3466
1.3468
1.34749
1.35985
1.35045
1.35018
1.35677
1.35984
1.35583
1.35628
1.34997
1.35176
1.35877
1.35656
1.35821
1.36167
1.35845
1.35154
1.35614
1.35322
1.35549
1.34925
1.34488
1.34768
1.34515
1.34951
1.35466
1.35472
1.34903
1.3555
1.34736
1.3577
1.35087
1.34689
1.35562
1.35295
1.35894
1.35737
1.35393
1.35708
1.34638
1.35018
1.35267
1.3518
1.35115
1.35267
1.35198
1.35037
1.35332
1.35562
1.35382
1.35037
1.35704
1.3514
1.35229
1.34946
1.35256
1.34781
1.34997
1.35576
1.35678
1.34968
1.35336
1.35702
1.3487
1.34784
1.35103
1.34641
1.34746
1.35415
1.34551
1.35698
1.35793
1.35828
1.3594
1.34746
1.35427
1.3519
1.34722
1.34847
1.35323
1.35575
1.35103
1.35833
1.35482
1.35647
1.35235
1.34494
1.35049
1.3569
1.35788
1.36069
1.35236
1.35276
1.356
1.36232
1.3553
1.36165
1.35225
1.34049
1.35372
1.34573
1.34848
1.3547
1.35171
1.3578
1.35281
1.35545
1.35668
1.35881
1.34896
1.34894
1.35667
1.34594
1.35868
1.35842
1.35339
1.35476
1.36176
1.35733
1.36702
1.36931
1.36463
1.36258
1.36645
1.35937
1.35613
1.35285
1.34573
1.35126
1.35471
1.35321
1.35486
1.35922
1.3639
1.35995
1.35502
1.35114
1.34765
1.35078
1.35789
1.34804
1.35898
1.36483
1.35372
1.35464
1.34883
1.35854
1.35923
1.34887
1.35598
1.34977
1.36028
1.35654
1.35828
1.36232
1.35647
1.3491
1.35816
1.35762
1.35589
1.3512
1.35027
1.35267
1.35352
1.35567
1.35601
1.35673
1.35469
1.35338
1.34494
1.35192
1.35645
1.35665
1.35908
1.34543
1.35759
1.35425
1.35185
1.35757
1.35258
1.35729
1.35669
1.3587
1.35694
1.35897
1.35761
1.3603
1.35787
1.34785
1.35598
1.35348
1.35516
1.35206
1.34764
1.3526
1.35589
1.35681
1.35828
1.35247
1.35529
1.35052
1.35128
1.34844
1.35509
1.3548
1.35737
1.35858
1.35733
1.35363
1.35643
1.36
1.34954
1.35178
1.35304
1.35773
1.35129
1.36077
1.35497
1.35719
1.35523
1.34883
1.3526
1.34651
1.34974
1.3573
1.35573
1.35547
1.3604
1.35752
1.35518
1.35704
1.34166
1.35603
1.34955
1.35662
1.3597
1.35432
1.35937
1.355
1.3561
1.34517
1.35317
1.35811
1.35685
1.35862
1.35445
1.35869
1.36136
1.35162
1.36078
1.35049
1.34498
1.3501
1.35317
1.34816
1.34528
1.35835
1.35567
1.35296
1.35913
1.36114
1.35837
1.35915
1.36168
1.36463
1.36239
1.35849
1.35947
1.35599
1.36021
1.36754
1.3547
1.35894
1.35555
1.35901
1.35881
1.35279
1.35304
1.34457
1.35277
1.35563
1.35543
1.35383
1.34781
1.35528
1.35224
1.34029
1.34376
1.35219
1.35385
1.35022
1.35185
1.35504
1.35205
1.35529
1.34664
1.34791
1.3505
1.35344
1.35789
1.35835
1.35588
1.35886
1.35524
1.3578
1.34157
1.35238
1.35455
1.35675
1.34959
1.34939
1.35005
1.35044
1.35339
1.34468
1.34546
1.35205
1.3506
1.35262
1.35578
1.35187
1.35997
1.35379
1.35458
1.35279
1.34477
1.34556
1.34963
1.35537
1.36347
1.35946
1.35348
1.3589
1.35926
1.35315
1.35192
1.35321
1.35617
1.36356
1.35491
1.35769
1.36496
1.35726
1.35503
1.35051
1.35101
1.35389
1.36151
1.36056
1.34605
1.34805
1.34542
1.34777
1.34534
1.35317
1.35276
1.35282
1.34677
1.3535
1.34911
1.35131
1.35478
1.35061
1.35804
1.34981
1.34682
1.35589
1.35561
1.35728
1.3542
1.36182
1.35715
1.3547
1.35138
1.34606
1.35047
1.35401
1.35215
1.35072
1.35142
1.35797
1.35596
1.35884
1.36325
1.35733
1.3608
1.35551
1.35512
1.35236
1.35827
1.3522
1.35731
1.35404
1.36033
1.36069
1.34738
1.35274
1.35574
1.35582
1.35831
1.35198
1.35164
1.3456
1.35026
1.35819
1.35855
1.35657
1.35139
1.35164
1.34734
1.35365
1.34614
1.34762
1.35601
1.36021
1.35649
1.35499
1.34938
1.34855
1.35565
1.35503
1.36071
1.35904
1.3582
1.35937
1.35177
1.35693
1.35035
1.3546
1.35998
1.3577
1.34967
1.35525
1.35796
1.35873
1.35606
1.35371
1.3559
1.35707
1.35405
1.35572
1.35733
1.35187
1.36231
1.35538
1.35323
1.3481
1.35041
1.35808
1.35349
1.34789
1.35738
1.35541
1.35131
1.34855
1.35279
1.35004
1.34696
1.35539
1.36157
1.35154
1.35598
1.34849
1.35223
1.35428
1.34937
1.35325
1.35259
1.35225
1.35111
1.35497
1.35205
1.35316
1.35588
1.35565
1.35399
1.35313
1.35246
1.35253
1.35276
1.35612
1.34976
1.35071
1.35003
1.34847
1.3503
1.35313
1.35314
1.34958
1.3519
1.34833
1.35597
1.34816
1.35734
1.35972
1.36133
1.35517
1.35178
1.35658
1.35907
1.36175
1.35557
1.35268
1.35236
1.35757
1.35579
1.35085
1.35769
1.36129
1.35397
1.35768
1.3576
1.35672
1.35457
1.35506
1.3543
1.35253
1.35276
1.35562
1.35432
1.35028
1.35393
1.35151
1.36341
1.354
1.35545
1.351
1.34499
1.36268
1.35887
1.35608
1.3524
1.35704
1.35602
1.35525
1.36162
1.35937
1.35901
1.36036
1.35679
1.35123
1.35309
1.35559
1.3587
1.35469
1.34975
1.35347
1.35337
1.35894
1.35296
1.35121
1.35592
1.3512
1.34952
1.34871
1.35676
1.35755
1.356
1.35076
1.35519
1.35379
1.3563
1.35627
1.357
1.3538
1.35139
1.35858
1.35195
1.34873
1.35356
1.35374
1.35812
1.35436
1.35269
1.35091
1.35014
1.3561
1.35608
1.36
1.35259
1.35586
1.35829
1.35726
1.35593
1.35875
1.35517
1.35117
1.35409
1.35938
1.36208
1.3472
1.34992
1.35546
1.36183
1.35321
1.35931
1.36394
1.35553
1.35127
1.34584
1.35128
1.34537
1.35489
1.34781
1.34442
1.35285
1.34806
1.35895
1.36091
1.36105
1.35675
1.35095
1.35205
1.36263
1.35557
1.35411
1.35717
1.35025
1.35065
1.34692
1.35259
1.35499
1.35294
1.34818
1.34871
1.35599
1.35352
1.35258
1.35651
1.36462
1.36118
1.36096
1.3538
1.35394
1.35496
1.35632
1.35391
1.34966
1.3511
1.35119
1.35214
1.35727
1.35533
1.35593
1.35743
1.36055
1.34999
1.35717
1.35134
1.35489
1.35241
1.35171
1.35226
1.35448
1.35185
1.35705
1.35903
1.35773
1.35412
1.35992
1.35679
1.35947
1.35955
1.35145
1.35453
1.35608
1.35196
1.35769
1.35245
1.35105
1.35068
1.35683
1.35245
1.35945
1.35172
1.35395
1.35301
1.36272
1.35623
1.35686
1.35674
1.35358
1.36059
1.3574
1.35031
1.35635
1.36159
1.34812
1.35891
1.35176
1.3531
1.35608
1.35433
1.35475
1.35343
1.35552
1.36249
1.3588
1.34982
1.35388
1.34923
1.35733
1.35412
1.35852
1.35544
1.36085
1.36466
1.35963
1.35647
1.35079
1.35112
1.3499
1.35673
1.35843
1.35798
1.357
1.34878
1.35072
1.35395
1.3598
1.35806
1.35161
1.35802
1.3583
1.35054
1.34903
1.35381
1.35451
1.35592
1.35985
1.35629
1.35645
1.3535
1.35684
1.35445
1.3602
1.36037
1.35704
1.35413
1.3611
1.35546
1.34871
1.35214
1.34919
1.35371
1.35436
1.35966
1.35939
1.34849
1.35626
1.35953
1.35378
1.35523
1.35673
1.35108
1.35182
1.35266
1.3558
1.35538
1.35113
1.35768
1.34393
1.35023
1.3511
1.34861
1.36279
1.35419
1.35133
1.35542
1.35241
1.35459
1.35828
1.35683
1.35302
1.35978
1.36766
1.35247
1.35749
1.35528
1.35375
1.3541
1.34127
1.36109
1.36216
1.35881
1.35267
1.35563
1.34798
1.35351
1.35961
1.36232
1.35925
1.34699
1.35482
1.35638
1.36005
1.35575
1.36315
1.36018
1.35632
1.35669
1.36181
1.35671
1.34983
1.35416
1.35447
1.35311
1.3581
1.35876
1.36421
1.36002
1.36236
1.35304
1.35663
1.35311
1.35586
1.35623
1.352
1.35161
1.34411
1.35344
1.35743
1.35719
1.35819
1.35416
1.35223
1.35366
1.36163
1.3522
1.35498
1.34904
1.35958
1.35319
1.35572
1.35659
1.35562
1.35638
1.35486
1.354
1.35547
1.35327
1.35016
1.34705
1.3502
1.35599
1.35773
1.34879
1.35435
1.35697
1.36009
1.36059
1.35591
1.35239
1.36029
1.35277
1.35291
1.35547
1.35192
1.35064
1.35433
1.35315
1.34875
1.34138
1.34692
1.35398
1.3503
1.35586
1.34998
1.3531
1.35878
1.3573
1.36016
1.36032
1.35328
1.34626
1.3492
1.35347
1.35845
1.34857
1.35395
1.35039
1.35206
1.35544
1.35188
1.35702
1.35537
1.35366
1.35182
1.35122
1.35641
1.36011
1.35263
1.35292
1.35311
1.36698
1.35137
1.35391
1.35314
1.35312
1.3543
1.34551
1.3498
1.34915
1.34816
1.34067
1.34937
1.35713
1.34848
1.35631
1.35235
1.35799
1.35879
1.35291
1.35142
1.35006
1.35045
1.35067
1.34733
1.34731
1.35574
1.35993
1.34987
1.35619
1.3551
1.34753
1.35256
1.3558
1.35378
1.35579
1.3527
1.35839
1.35205
1.34999
1.34565
1.34476
1.34474
1.34439
1.34573
1.355
1.35813
1.35208
1.35322
1.34605
1.35434
1.35086
1.36452
1.35732
1.35892
1.35667
1.35273
1.35456
1.36032
1.35917
1.36893
1.35745
1.35909
1.35142
1.3511
1.35432
1.35362
1.35798
1.35381
1.35926
1.35116
1.35207
1.35414
1.35433
1.35832
1.35771
1.3493
1.35111
1.35576
1.35424
1.35832
1.34812
1.35635
1.35441
1.35401
1.35237
1.35048
1.35101
1.35619
1.35701
1.35264
1.35218
1.3638
1.3626
1.35299
1.34917
1.35525
1.35907
1.35223
1.35179
1.35179
1.3503
1.35012
1.35063
1.35456
1.35636
1.35671
1.35563
1.361
1.36117
1.35555
1.35211
1.34641
1.35913
1.34361
1.34997
1.35323
1.35785
1.35121
1.35452
1.36297
1.35315
1.35102
1.34449
1.35701
1.3586
1.36345
1.35727
1.3532
1.35923
1.35658
1.35477
1.36177
1.35644
1.35173
1.34813
1.35369
1.34993
1.35461
1.3536
1.35401
1.35954
1.35577
1.35164
1.35309
1.35544
1.35349
1.35177
1.35322
1.3579
1.35783
1.35463
1.35168
1.3438
1.35874
1.35257
1.35306
1.34806
1.34976
1.34647
1.35349
1.35046
1.3472
1.34452
1.347
1.33946
1.35063
1.34825
1.35756
1.36164
1.35869
1.35536
1.34661
1.34742
1.35434
1.35049
1.34533
1.35336
1.36289
1.35165
1.35056
1.34853
1.36036
1.34881
1.34798
1.35492
1.34484
1.35082
1.3519
1.34805
1.36038
1.35623
1.35451
1.34707
1.35046
1.34759
1.34887
1.35523
1.35249
1.35597
1.34832
1.35804
1.34543
1.3572
1.35622
1.35297
1.35618
1.35772
1.34594
1.35479
1.35456
1.34992
1.34729
1.35053
1.34608
1.35518
1.35677
1.35916
1.35974
1.3527
1.35851
1.35175
1.35074
1.3499
1.34746
1.35953
1.3546
1.35154
1.34743
1.35429
1.34789
1.35884
1.35084
1.35145
1.34647
1.34605
1.35857
1.36251
1.35552
1.35237
1.35131
1.35224
1.34956
1.35565
1.35494
1.35613
1.35098
1.3479
1.35084
1.35417
1.35284
1.35457
1.35324
1.35382
1.35024
1.35661
1.35836
1.35448
1.35336
1.35251
1.35277
1.35842
1.34866
1.35274
1.35551
1.36061
1.35534
1.35563
1.35866
1.35479
1.35321
1.35135
1.35069
1.34565
1.34701
1.35568
1.35654
1.35337
1.35778
1.35555
1.35844
1.35671
1.35849
1.35448
1.35124
1.3525
1.35218
1.35908
1.3562
1.35866
1.36538
1.36209
1.35551
1.35524
1.35667
1.34733
1.35521
1.35291
1.35474
1.35364
1.35281
1.35289
1.35278
1.35113
1.35107
1.35615
1.35086
1.35423
1.35235
1.3561
1.34731
1.35141
1.35272
1.35538
1.35346
1.34964
1.34127
1.3538
1.34959
1.35153
1.34971
1.34981
1.35443
1.35388
1.35271
1.35697
1.34915
1.35882
1.35995
1.36941
1.3599
1.36385
1.35522
1.35041
1.3508
1.35598
1.36041
1.35845
1.35497
1.35589
1.34974
1.34354
1.34953
1.3511
1.35172
1.35252
1.35191
1.35368
1.35333
1.34712
1.35055
1.35552
1.35537
1.34875
1.35052
1.35356
1.35188
1.35327
1.34801
1.34156
1.35173
1.34901
1.34845
1.34895
1.34503
1.35336
1.35932
1.35161
1.3539
1.35365
1.35621
1.35553
1.34243
1.35418
1.35021
1.35668
1.35522
1.35189
1.35297
1.35489
1.35686
1.35298
1.34504
1.35756
1.35802
1.35769
1.3582
1.35687
1.36452
1.35198
1.36552
1.35523
1.36302
1.34842
1.34876
1.35077
1.35508
1.35039
1.35169
1.36121
1.35581
1.361
1.35454
1.35461
1.35552
1.35308
1.36176
1.34951
1.34789
1.34787
1.35147
1.3581
1.36477
1.36403
1.36116
1.35551
1.35181
1.35279
1.35394
1.3549
1.35778
1.3548
1.34933
1.3546
1.35585
1.36235
1.36049
1.35619
1.35787
1.35087
1.36155
1.35237
1.36326
1.35693
1.35839
1.35511
1.35633
1.35289
1.35079
1.35283
1.35445
1.35401
1.34876
1.35912
1.35256
1.35239
1.34977
1.35427
1.35255
1.36093
1.35874
1.35613
1.35392
1.35431
1.35394
1.34802
1.35464
1.35091
1.35295
1.35346
1.35276
1.3504
1.3451
1.34942
1.35067
1.3518
1.35321
1.35364
1.35737
1.35579
1.35441
1.35346
1.35372
1.35217
1.35029
1.34453
1.35701
1.3528
1.34685
1.34748
1.34723
1.34635
1.35132
1.3499
1.35755
1.35282
1.35029
1.35252
1.35449
1.35373
1.35411
1.36229
1.35911
1.35297
1.36039
1.35585
1.35318
1.3526
1.35741
1.34822
1.35632
1.35601
1.35002
1.35663
1.35897
1.35337
1.35397
1.35519
1.3533
1.3563
1.35301
1.35387
1.35124
1.35966
1.35324
1.35327
1.36002
1.35882
1.35414
1.35557
1.35333
1.35998
1.3545
1.36171
1.35528
1.35319
1.35593
1.3521
1.35541
1.35186
1.35364
1.34475
1.35227
1.35042
1.34668
1.35446
1.35794
1.35685
1.35401
1.35579
1.35996
1.35406
1.354
1.35542
1.35141
1.35268
1.35031
1.35969
1.35471
1.35476
1.35082
1.35817
1.3512
1.35856
1.34911
1.35541
1.36128
1.34622
1.35668
1.3582
1.35984
1.35765
1.36741
1.36578
1.36446
1.35569
1.35567
1.35386
1.35077
1.35144
1.35553
1.35758
1.35916
1.35787
1.35327
1.35301
1.3555
1.35093
1.34957
1.3544
1.35663
1.34296
1.35651
1.3567
1.34988
1.35221
1.36346
1.35
1.35695
1.35129
1.35662
1.35871
1.35298
1.35777
1.3498
1.35111
1.3522
1.34747
1.34885
1.36247
1.36033
1.34943
1.35741
1.35322
1.35271
1.35231
1.35216
1.3579
1.35764
1.35121
1.35517
1.35157
1.35826
1.35591
1.35344
1.35543
1.34711
1.36146
1.35515
1.35066
1.35475
1.34741
1.34375
1.35855
1.35433
1.34961
1.35368
1.35316
1.35306
1.35488
1.34919
1.35031
1.35644
1.35005
1.34982
1.35303
1.35219
1.35135
1.35568
1.35718
1.35341
1.35769
1.34832
1.34928
1.34916
1.34596
1.35083
1.34999
1.35988
1.3452
1.34903
1.3428
1.3574
1.35322
1.35747
1.35149
1.35404
1.35337
1.35455
1.35128
1.34713
1.34201
1.34737
1.34717
1.35237
1.35852
1.35481
1.35786
1.36126
1.35704
1.35168
1.35402
1.34845
1.34916
1.35501
1.35568
1.36208
1.34985
1.34461
1.35049
1.34673
1.35536
1.35162
1.34487
1.34884
1.35391
1.35632
1.35137
1.34349
1.35523
1.34972
1.34815
1.34911
1.34938
1.34906
1.34824
1.34655
1.34876
1.35409
1.35316
1.36119
1.35176
1.35697
1.35831
1.35313
1.34923
1.35287
1.34906
1.35264
1.35812
1.35965
1.35576
1.35454
1.35565
1.35425
1.35203
1.35333
1.35507
1.34666
1.35281
1.35345
1.35719
1.35391
1.35768
1.35984
1.35917
1.35958
1.35981
1.36178
1.35438
1.35307
1.35667
1.35387
1.36015
1.35027
1.35524
1.35265
1.35738
1.35787
1.35624
1.3622
1.35712
1.35676
1.3596
1.35301
1.35632
1.34666
1.35167
1.34682
1.35464
1.3483
1.35563
1.34752
1.35205
1.35873
1.35404
1.3562
1.35387
1.3546
1.35494
1.35102
1.35993
1.3557
1.35134
1.34738
1.35372
1.35217
1.35327
1.34964
1.34987
1.34685
1.35156
1.35123
1.34499
1.34888
1.35492
1.35771
1.35187
1.35419
1.35762
1.35287
1.34854
1.34782
1.34937
1.36058
1.35994
1.35838
1.35635
1.35021
1.35038
1.35612
1.35352
1.35405
1.35049
1.35528
1.35284
1.35689
1.34829
1.35224
1.35631
1.35199
1.3475
1.3563
1.34997
1.3491
1.3538
1.3543
1.34896
1.35337
1.35222
1.3564
1.35605
1.36563
1.36442
1.36394
1.35392
1.35712
1.35447
1.35379
1.35503
1.34629
1.35143
1.3488
1.35839
1.36016
1.35715
1.35114
1.35227
1.36114
1.3506
1.34941
1.35993
1.35673
1.35892
1.36162
1.35308
1.35927
1.35345
1.35847
1.3592
1.35757
1.35358
1.34719
1.3584
1.35194
1.36309
1.35413
1.3535
1.34969
1.35228
1.35073
1.35903
1.3586
1.3579
1.36074
1.35518
1.35423
1.36147
1.36374
1.35878
1.34782
1.35283
1.3591
1.35048
1.35804
1.34743
1.35775
1.34854
1.35632
1.35609
1.35655
1.35861
1.35257
1.35882
1.35574
1.35643
1.35566
1.36185
1.36178
1.35238
1.35794
1.35024
1.3438
1.3526
1.35616
1.36635
1.35868
1.3614
1.3565
1.35751
1.35579
1.35221
1.35257
1.35928
1.35129
1.35864
1.35702
1.35209
1.35323
1.3533
1.36037
1.35685
1.3509
1.34876
1.34891
1.35525
1.35004
1.35796
1.35313
1.34663
1.34534
1.34918
1.34771
1.35117
1.35252
1.35812
1.3589
1.35438
1.35433
1.34426
1.34398
1.35201
1.34703
1.34682
1.35281
1.34857
1.34292
1.3459
1.34956
1.35194
1.35141
1.35441
1.35666
1.35713
1.3554
1.35227
1.35648
1.35575
1.35261
1.35429
1.35268
1.34966
1.34998
1.3497
1.35811
1.35299
1.35265
1.35288
1.35199
1.35093
1.34777
1.35557
1.36197
1.35314
1.35081
1.35447
1.35406
1.35349
1.36079
1.36488
1.36466
1.35817
1.35003
1.34598
1.35461
1.34925
1.35062
1.35414
1.3514
1.35717
1.35347
1.34873
1.3505
1.35196
1.36244
1.35428
1.36377
1.35481
1.35334
1.35488
1.35881
1.34867
1.36081
1.36224
1.35528
1.3488
1.35842
1.35518
1.35357
1.35977
1.36039
1.35781
1.35649
1.35807
1.35166
1.35192
1.35949
1.35823
1.35842
1.35574
1.35312
1.36012
1.35208
1.3602
1.35722
1.34839
1.35369
1.35572
1.35529
1.35759
1.3449
1.34575
1.35247
1.35059
1.35473
1.35993
1.35342
1.35357
1.35599
1.35536
1.3566
1.35542
1.357
1.34427
1.35496
1.35448
1.35591
1.35483
1.36005
1.35419
1.35705
1.34871
1.35173
1.35388
1.35263
1.35754
1.36282
1.35556
1.35966
1.35827
1.35773
1.35573
1.3595
1.35086
1.36077
1.3579
1.36224
1.35753
1.35807
1.35957
1.35375
1.34961
1.34871
1.35504
1.35942
1.35189
1.35729
1.35549
1.35247
1.34772
1.35303
1.34799
1.35597
1.35807
1.35619
1.35554
1.35612
1.35902
1.35399
1.35075
1.34915
1.34972
1.35687
1.34748
1.34624
1.35303
1.35295
1.34986
1.34496
1.35286
1.35759
1.34693
1.34321
1.34817
1.35311
1.35626
1.35325
1.35305
1.3617
1.35485
1.35104
1.3542
1.35645
1.35299
1.35378
1.35602
1.35599
1.34635
1.3568
1.36357
1.35719
1.3583
1.35636
1.35072
1.35407
1.35004
1.35338
1.3576
1.35847
1.35568
1.3542
1.35347
1.35111
1.35673
1.34991
1.35035
1.35497
1.35566
1.35358
1.3504
1.35448
1.35909
1.35475
1.36057
1.36054
1.36022
1.35331
1.35651
1.35682
1.35633
1.35539
1.35921
1.35923
1.35532
1.35908
1.35442
1.35619
1.35224
1.35056
1.35492
1.35354
1.3527
1.35173
1.35287
1.35045
1.34526
1.3439
1.35954
1.35909
1.35614
1.35094
1.3478
1.34956
1.35497
1.35628
1.35676
1.3503
1.35516
1.35738
1.35418
1.35495
1.35699
1.36029
1.35461
1.35586
1.35285
1.34571
1.3577
1.35565
1.35233
1.35
1.35731
1.35479
1.34599
1.35097
1.35512
1.34966
1.35294
1.35411
1.3559
1.35977
1.35688
1.35438
1.34991
1.34964
1.35344
1.35338
1.36287
1.35612
1.34917
1.35183
1.35767
1.35593
1.35302
1.35246
1.35636
1.35729
1.34931
1.34477
1.35133
1.35122
1.34741
1.35316
1.35914
1.3518
1.35484
1.34513
1.34326
1.34611
1.34724
1.34893
1.35097
1.35079
1.34371
1.35561
1.34992
1.36136
1.3483
1.35196
1.34523
1.3524
1.33731
1.33351
1.34695
1.34943
1.35341
1.35642
1.34815
1.34695
1.35407
1.35044
1.35736
1.35276
1.34695
1.3493
1.34042
1.35404
1.35253
1.34992
1.34838
1.3556
1.35691
1.34909
1.35512
1.35696
1.35795
1.35214
1.35634
1.36471
1.34725
1.35497
1.349
1.35281
1.35212
1.34949
1.35271
1.35199
1.35593
1.35151
1.35528
1.35366
1.35234
1.34834
1.34486
1.34596
1.35411
1.35735
1.35463
1.3654
1.35424
1.35581
1.35537
1.36168
1.3607
1.35908
1.35879
1.35235
1.35751
1.35635
1.35373
1.35163
1.35471
1.35648
1.35724
1.36012
1.35599
1.35552
1.35053
1.35439
1.35079
1.34587
1.34994
1.35647
1.34847
1.35198
1.35292
1.35492
1.35645
1.34656
1.35542
1.35386
1.3584
1.36127
1.35724
1.35275
1.3506
1.3538
1.35716
1.35633
1.35793
1.3506
1.35607
1.35489
1.36195
1.35293
1.35626
1.35458
1.35599
1.35175
1.35424
1.35381
1.34781
1.34838
1.34692
1.35178
1.35123
1.34545
1.35278
1.3469
1.3539
1.34518
1.3532
1.34839
1.35158
1.34589
1.34366
1.35455
1.35193
1.35053
1.34256
1.35183
1.34753
1.34669
1.3456
1.34829
1.34906
1.35215
1.35478
1.35466
1.3582
1.34986
1.35377
1.35401
1.35333
1.35034
1.35241
1.35017
1.35667
1.35257
1.35262
1.35518
1.3561
1.35101
1.36144
1.35955
1.34968
1.35174
1.35354
1.35264
1.35627
1.35434
1.35219
1.35785
1.35764
1.35365
1.3491
1.34941
1.3617
1.36103
1.35673
1.35056
1.34725
1.35396
1.35868
1.35108
1.35361
1.35046
1.3503
1.35325
1.35628
1.3535
1.36098
1.35399
1.35292
1.35339
1.35661
1.35831
1.366
1.36238
1.35135
1.35638
1.35959
1.35171
1.35279
1.35315
1.35499
1.34869
1.35159
1.35982
1.34709
1.35552
1.35609
1.35876
1.35582
1.34909
1.35426
1.36055
1.35643
1.3443
1.35004
1.35098
1.34446
1.35741
1.35566
1.36212
1.35241
1.34972
1.3462
1.35267
1.35299
1.35491
1.3505
1.35425
1.35076
1.35368
1.35046
1.34835
1.35624
1.35498
1.3564
1.35058
1.35409
1.35361
1.34723
1.3477
1.34165
1.34631
1.34999
1.35387
1.35472
1.34925
1.34949
1.35559
1.35031
1.35152
1.36515
1.35428
1.35975
1.34819
1.34626
1.34887
1.35561
1.35083
1.34836
1.35183
1.35499
1.35345
1.35379
1.3499
1.34665
1.36282
1.35572
1.35956
1.35882
1.35309
1.3525
1.36144
1.35707
1.34948
1.35016
1.35208
1.35883
1.35706
1.35974
1.35585
1.35867
1.35649
1.34804
1.35232
1.35805
1.35115
1.35587
1.361
1.3545
1.36219
1.35848
1.36434
1.35769
1.35478
1.35136
1.34646
1.34868
1.34676
1.35618
1.34926
1.35442
1.35672
1.35442
1.35097
1.35645
1.35742
1.35127
1.3532
1.35098
1.34862
1.36312
1.36225
1.36026
1.35632
1.35142
1.35415
1.3494
1.35574
1.35224
1.34601
1.35793
1.35572
1.36431
1.35643
1.34532
1.34752
1.35307
1.35735
1.35434
1.34723
1.35062
1.34767
1.35353
1.34588
1.35576
1.35042
1.3595
1.34779
1.35235
1.35595
1.3502
1.35681
1.35635
1.35379
1.35394
1.34866
1.356
1.34629
1.34719
1.35706
1.35885
1.3558
1.35271
1.3521
1.35169
1.35843
1.35854
1.35855
1.3573
1.35608
1.35607
1.35497
1.35426
1.35361
1.357
1.35238
1.35684
1.35538
1.35616
1.3541
1.35398
1.35322
1.35216
1.34968
1.35129
1.35449
1.35429
1.356
1.35599
1.36314
1.35732
1.36159
1.35676
1.3577
1.36023
1.35463
1.36039
1.34626
1.35444
1.35684
1.35248
1.35286
1.35492
1.36045
1.35318
1.35526
1.36229
1.35637
1.35787
1.36098
1.36047
1.35029
1.35815
1.35644
1.35377
1.35547
1.35662
1.36584
1.35652
1.35652
1.348
1.35813
1.35915
1.35307
1.35116
1.3548
1.34996
1.35445
1.35311
1.35092
1.35312
1.35344
1.35688
1.35788
1.3625
1.34942
1.35269
1.35524
1.35537
1.35145
1.35219
1.35632
1.35663
1.35804
1.35497
1.35935
1.35713
1.35577
1.35036
1.35421
1.3465
1.35532
1.34835
1.35314
1.35449
1.34906
1.35224
1.34674
1.35299
1.3509
1.35199
1.35612
1.34797
1.34828
1.35255
1.3582
1.35593
1.36146
1.35497
1.35654
1.35702
1.34923
1.35151
1.34774
1.34527
1.35263
1.3521
1.35125
1.35895
1.35708
1.35538
1.35431
1.3562
1.34926
1.35841
1.35392
1.35276
1.35724
1.35846
1.34958
1.35206
1.35728
1.35109
1.35159
1.34993
1.35593
1.34688
1.3555
1.35469
1.35603
1.35335
1.34828
1.35156
1.35111
1.3474
1.35197
1.35017
1.35727
1.3504
1.35136
1.3592
1.354
1.35906
1.36236
1.35813
1.36308
1.34996
1.34955
1.3539
1.35011
1.35798
1.35485
1.35979
1.34485
1.35392
1.35287
1.35437
1.35632
1.35828
1.35387
1.35034
1.35915
1.3542
1.35473
1.35853
1.34912
1.35142
1.36001
1.35116
1.35215
1.34862
1.35209
1.35264
1.35137
1.36007
1.35441
1.35957
1.35425
1.3548
1.35381
1.35222
1.35373
1.35174
1.34762
1.35404
1.35009
1.35302
1.36124
1.36126
1.36389
1.36162
1.36323
1.36446
1.36151
1.35079
1.35503
1.35598
1.35065
1.35608
1.3555
1.35534
1.3505
1.36472
1.35271
1.35683
1.34536
1.35066
1.35084
1.3511
1.35121
1.35015
1.35342
1.35156
1.35805
1.35892
1.35445
1.35068
1.35777
1.35792
1.3477
1.34995
1.35198
1.35581
1.35224
1.36253
1.35442
1.35934
1.35744
1.36354
1.35494
1.3531
1.35036
1.35115
1.3574
1.3462
1.35214
1.35315
1.35718
1.35978
1.35637
1.35159
1.35454
1.35653
1.3526
1.35768
1.35387
1.35161
1.35361
1.36341
1.35185
1.35129
1.35269
1.35973
1.35851
1.35323
1.35008
1.34651
1.34922
1.35582
1.3494
1.34836
1.35804
1.34949
1.35404
1.35469
1.35138
1.35672
1.35615
1.3499
1.35368
1.34993
1.35183
1.34485
1.35386
1.35669
1.35125
1.35576
1.34915
1.35293
1.36429
1.34855
1.34595
1.35366
1.35527
1.35527
1.35178
1.34848
1.35454
1.34927
1.35241
1.35073
1.34981
1.35761
1.35
1.35437
1.34975
1.353
1.3491
1.34948
1.35613
1.35645
1.35066
1.35402
1.34827
1.35121
1.35837
1.35797
1.35849
1.34932
1.35522
1.35925
1.35522
1.35829
1.35849
1.34736
1.35105
1.35315
1.36115
1.35693
1.34942
1.35128
1.34908
1.34891
1.35522
1.34944
1.35371
1.34645
1.35617
1.36302
1.36306
1.35092
1.35297
1.35885
1.34818
1.35049
1.35314
1.35628
1.3536
1.35195
1.35264
1.34774
1.34844
1.35355
1.35933
1.36244
1.35419
1.3593
1.35249
1.34757
1.35957
1.35674
1.35997
1.35447
1.35331
1.35531
1.34423
1.35611
1.35309
1.35532
1.35438
1.35318
1.35962
1.35727
1.35691
1.36319
1.36212
1.3592
1.35589
1.35422
1.35945
1.3549
1.35959
1.36573
1.36257
1.3488
1.35847
1.35223
1.35535
1.35022
1.35512
1.35755
1.3587
1.35536
1.3502
1.35348
1.35531
1.35585
1.35757
1.3573
1.35733
1.3644
1.35852
1.35972
1.35883
1.35737
1.35239
1.35402
1.35657
1.35038
1.35198
1.35388
1.35469
1.34954
1.35117
1.34971
1.36004
1.3569
1.34687
1.34904
1.35018
1.35326
1.35411
1.3483
1.34547
1.35534
1.35264
1.35951
1.35444
1.34892
1.35079
1.35497
1.35531
1.35106
1.35303
1.35554
1.36503
1.358
1.35085
1.35117
1.36074
1.35418
1.35515
1.36149
1.35412
1.3515
1.35022
1.34882
1.35071
1.35372
1.35616
1.35461
1.36436
1.35648
1.35471
1.35766
1.35133
1.35107
1.35847
1.35657
1.35501
1.34972
1.34834
1.34944
1.35048
1.3547
1.35742
1.35298
1.35675
1.3637
1.35628
1.36063
1.36136
1.35715
1.35479
1.36214
1.3549
1.35316
1.35553
1.36193
1.36134
1.36129
1.35219
1.35631
1.35019
1.35637
1.35361
1.35692
1.35545
1.35573
1.35225
1.35572
1.35536
1.35636
1.36162
1.35763
1.36021
1.35743
1.35546
1.35308
1.35459
1.3502
1.35053
1.35155
1.35375
1.3607
1.35953
1.35768
1.35864
1.35354
1.36283
1.35502
1.35733
1.34978
1.35389
1.35235
1.3534
1.35541
1.36109
1.35645
1.35763
1.35427
1.35387
1.3538
1.35131
1.35671
1.34965
1.34854
1.35252
1.34762
1.36069
1.35042
1.3529
1.35043
1.35494
1.35566
1.3558
1.3577
1.35225
1.35556
1.34649
1.35695
1.36171
1.36218
1.35404
1.35621
1.35463
1.35156
1.35227
1.36033
1.3512
1.35127
1.35172
1.36019
1.34856
1.3522
1.3508
1.35335
1.35467
1.3579
1.35436
1.36278
1.34588
1.34282
1.35401
1.36515
1.3578
1.35951
1.35527
1.35173
1.34829
1.35332
1.35487
1.3591
1.35439
1.36051
1.36113
1.35884
1.35478
1.35221
1.35098
1.36016
1.36516
1.352
1.35798
1.35122
1.35123
1.35455
1.35462
1.35341
1.35146
1.34961
1.35166
1.35977
1.36413
1.35847
1.35628
1.35441
1.35636
1.35298
1.35442
1.34523
1.35113
1.35145
1.3468
1.35471
1.35948
1.35487
1.35412
1.34988
1.35197
1.34988
1.35268
1.35058
1.34869
1.35473
1.34349
1.34633
1.3414
1.34529
1.35224
1.35085
1.34649
1.3512
1.3502
1.35421
1.35321
1.35664
1.35909
1.35642
1.35746
1.34906
1.35622
1.3499
1.35184
1.35566
1.35006
1.35838
1.35701
1.35649
1.35366
1.35584
1.35694
1.3506
1.3538
1.35846
1.35326
1.35894
1.35374
1.34663
1.35901
1.34704
1.35257
1.34748
1.3501
1.35171
1.35449
1.35149
1.35061
1.35555
1.34798
1.35196
1.35275
1.35408
1.35195
1.35232
1.3556
1.3458
1.34783
1.34592
1.35034
1.34864
1.35379
1.35327
1.35961
1.35721
1.35401
1.35964
1.34815
1.35549
1.34603
1.35232
1.34956
1.35534
1.35669
1.35644
1.35677
1.35116
1.35712
1.35788
1.35588
1.35296
1.35469
1.35354
1.34708
1.35182
1.35727
1.35567
1.35241
1.35304
1.35561
1.35271
1.35981
1.35918
1.36148
1.36062
1.35448
1.35668
1.36213
1.3601
1.36243
1.34686
1.34911
1.34888
1.34999
1.35171
1.35085
1.34572
1.35175
1.35395
1.35055
1.35349
1.35762
1.35974
1.35883
1.36118
1.35415
1.35834
1.35768
1.35655
1.35357
1.35853
1.35824
1.35252
1.35538
1.36066
1.35892
1.35924
1.35746
1.35312
1.3537
1.35598
1.35377
1.34956
1.35464
1.34558
1.34953
1.35114
1.35536
1.35308
1.35372
1.34768
1.34641
1.34729
1.34955
1.34771
1.34334
1.34942
1.3506
1.35082
1.35203
1.35074
1.35411
1.35231
1.35203
1.3531
1.35006
1.3567
1.35379
1.34855
1.35483
1.34848
1.3461
1.34543
1.34397
1.34758
1.35163
1.35063
1.35411
1.35564
1.35402
1.35112
1.36392
1.35625
1.35104
1.36032
1.35022
1.3575
1.3506
1.3487
1.35222
1.35199
1.35447
1.35352
1.3527
1.35207
1.35571
1.34866
1.34584
1.35334
1.35387
1.35969
1.35686
1.35681
1.35562
1.35655
1.35407
1.35156
1.35376
1.36031
1.35675
1.3593
1.35665
1.36075
1.3563
1.35917
1.361
1.3582
1.35315
1.36005
1.35555
1.35389
1.35319
1.34983
1.35665
1.35671
1.34731
1.35831
1.35998
1.35749
1.35433
1.36029
1.3547
1.35245
1.35619
1.35186
1.34918
1.35424
1.35663
1.35526
1.35846
1.35315
1.35323
1.35422
1.35227
1.35702
1.35758
1.35024
1.35408
1.34915
1.34866
1.355
1.35135
1.35473
1.35475
1.3582
1.35581
1.35397
1.35402
1.35005
1.35156
1.35326
1.35422
1.3561
1.35239
1.36015
1.35556
1.34841
1.35693
1.35584
1.34904
1.35767
1.35446
1.35457
1.34961
1.34863
1.35398
1.34928
1.34901
1.35488
1.35475
1.35542
1.34807
1.34845
1.35348
1.34622
1.35265
1.35118
1.35072
1.35903
1.36279
1.35294
1.34981
1.34881
1.35281
1.3617
1.357
1.35249
1.35146
1.364
1.36305
1.35572
1.35596
1.35644
1.34996
1.35448
1.35756
1.35404
1.35618
1.35724
1.35449
1.35487
1.34736
1.35497
1.35625
1.34739
1.35668
1.35149
1.34915
1.3478
1.35861
1.34189
1.3513
1.35012
1.35349
1.35252
1.351
1.35575
1.35671
1.35746
1.36448
1.35358
1.35531
1.36541
1.3584
1.35412
1.3532
1.35541
1.35845
1.36148
1.35636
1.35485
1.36003
1.35987
1.35359
1.35545
1.35781
1.35375
1.36203
1.35423
1.35458
1.35714
1.36137
1.35474
1.35336
1.34801
1.34796
1.35229
1.35138
1.35466
1.35942
1.35085
1.34612
1.35058
1.35815
1.36061
1.35912
1.3544
1.35234
1.3486
1.34654
1.35069
1.35116
1.35626
1.35398
1.36064
1.35427
1.35912
1.35207
1.35569
1.35413
1.35289
1.35154
1.34863
1.34847
1.3467
1.35472
1.34784
1.34735
1.34361
1.35376
1.35627
1.3603
1.35785
1.35429
1.36008
1.35246
1.35573
1.34858
1.35372
1.34469
1.35956
1.35295
1.33896
1.35403
1.35412
1.35198
1.36306
1.35854
1.35383
1.35281
1.35094
1.35687
1.3469
1.35596
1.35012
1.34622
1.35657
1.35103
1.35339
1.35268
1.36088
1.36382
1.36207
1.35357
1.36156
1.35192
1.35604
1.34878
1.34696
1.3506
1.35095
1.34955
1.35061
1.35293
1.35365
1.35421
1.35224
1.34502
1.34853
1.35449
1.35364
1.35546
1.35117
1.3491
1.35049
1.34959
1.35055
1.35538
1.34291
1.35249
1.3522
1.35279
1.35233
1.3551
1.34886
1.34914
1.34893
1.34809
1.35245
1.35132
1.35461
1.3459
1.347
1.34574
1.3551
1.35441
1.35237
1.35151
1.35175
1.35084
1.35282
1.3473
1.34242
1.3409
1.3444
1.34633
1.35269
1.35215
1.35911
1.35856
1.35479
1.3514
1.35322
1.35916
1.36087
1.35378
1.35669
1.35539
1.35532
1.35809
1.34893
1.35597
1.36385
1.35735
1.35561
1.36081
1.36144
1.35911
1.35251
1.35486
1.35536
1.35192
1.35222
1.36408
1.35057
1.35187
1.35502
1.35589
1.35819
1.36261
1.35949
1.34692
1.34723
1.35001
1.35248
1.36222
1.35709
1.34904
1.35359
1.35405
1.35823
1.35705
1.3557
1.35368
1.34814
1.35745
1.35287
1.3553
1.36158
1.36294
1.35632
1.3552
1.36156
1.35841
1.35477
1.349
1.3547
1.36015
1.35516
1.35712
1.3568
1.35045
1.35191
1.35022
1.35336
1.35376
1.35615
1.35482
1.35985
1.36021
1.35213
1.3563
1.35469
1.35611
1.35352
1.3552
1.35101
1.36166
1.35416
1.35221
1.35638
1.3549
1.35769
1.35336
1.3523
1.3504
1.34971
1.35358
1.35879
1.34502
1.34694
1.35374
1.35633
1.35901
1.35963
1.36298
1.35336
1.35823
1.35035
1.35833
1.36316
1.34514
1.34642
1.34433
1.35717
1.35252
1.34804
1.35203
1.35518
1.35337
1.36017
1.35797
1.35572
1.34992
1.35217
1.35528
1.34967
1.35393
1.35367
1.35308
1.35532
1.36118
1.35223
1.3487
1.34597
1.34037
1.34873
1.35075
1.35612
1.35047
1.35302
1.35425
1.35626
1.3528
1.35301
1.35429
1.35281
1.35487
1.35514
1.3503
1.35121
1.35105
1.36003
1.36231
1.35238
1.35398
1.35674
1.35502
1.34965
1.35076
1.35257
1.35752
1.3532
1.35603
1.35409
1.35728
1.35507
1.35263
1.35166
1.35345
1.35813
1.35041
1.35495
1.35155
1.3485
1.35735
1.35383
1.36132
1.34743
1.34772
1.35134
1.34682
1.34987
1.34978
1.36136
1.34912
1.35227
1.36016
1.35398
1.3503
1.35684
1.35972
1.35857
1.35006
1.35203
1.35661
1.34797
1.34944
1.35264
1.36017
1.35805
1.35973
1.35617
1.35029
1.35912
1.3536
1.3541
1.35173
1.35055
1.3551
1.35204
1.34381
1.35451
1.35341
1.35418
1.35892
1.35654
1.34881
1.34344
1.34705
1.34934
1.35606
1.34898
1.3601
1.35752
1.35865
1.35469
1.35089
1.35238
1.35339
1.35075
1.34946
1.35041
1.35676
1.3561
1.35772
1.35561
1.34774
1.35921
1.35619
1.35954
1.35661
1.35747
1.36034
1.35529
1.36408
1.35926
1.35904
1.35456
1.35413
1.35007
1.35441
1.35907
1.35364
1.35391
1.35262
1.35306
1.36033
1.35803
1.36013
1.36004
1.35128
1.34322
1.34924
1.35095
1.35268
1.3583
1.34275
1.34748
1.35587
1.35305
1.3522
1.34642
1.34491
1.35383
1.35568
1.34614
1.35521
1.34715
1.35123
1.35637
1.34972
1.35442
1.34826
1.35646
1.35225
1.35738
1.3632
1.35014
1.35106
1.34531
1.35553
1.35141
1.3494
1.35279
1.34881
1.35067
1.35604
1.35394
1.35109
1.35067
1.35527
1.35451
1.35311
1.35466
1.3533
1.35127
1.3509
1.35298
1.35405
1.34747
1.35244
1.34946
1.34851
1.35062
1.35548
1.3537
1.35444
1.35033
1.35644
1.35333
1.35632
1.35411
1.35167
1.35319
1.35368
1.35121
1.35245
1.35054
1.34555
1.35427
1.34762
1.35215
1.35424
1.35788
1.34943
1.34761
1.34754
1.35169
1.35836
1.35171
1.34865
1.34658
1.35496
1.34942
1.3474
1.35482
1.35083
1.34419
1.34937
1.34961
1.34858
1.34959
1.35844
1.35313
1.3546
1.35668
1.36003
1.34702
1.35478
1.3532
1.35408
1.34756
1.36382
1.35691
1.35195
1.35743
1.35736
1.3564
1.358
1.35327
1.3611
1.35459
1.35455
1.35289
1.34785
1.35188
1.35968
1.35627
1.36243
1.35729
1.35056
1.34797
1.34658
1.35942
1.35091
1.35555
1.35927
1.35589
1.35479
1.35405
1.35023
1.35634
1.35133
1.35262
1.35152
1.35713
1.35979
1.35134
1.35409
1.35411
1.35272
1.35341
1.35158
1.35007
1.35577
1.36055
1.35969
1.35433
1.3572
1.35622
1.35358
1.35796
1.34738
1.35137
1.35022
1.35972
1.36225
1.36106
1.36131
1.36229
1.35894
1.36083
1.35588
1.36838
1.3594
1.36095
1.35739
1.34836
1.35366
1.35611
1.3472
1.35392
1.35957
1.34358
1.35527
1.34744
1.3523
1.35614
1.35369
1.34788
1.35322
1.35089
1.33934
1.35885
1.36212
1.35171
1.34089
1.35946
1.35645
1.35646
1.35516
1.3519
1.35376
1.35635
1.34534
1.35389
1.3466
1.35199
1.35086
1.35703
1.353
1.34966
1.35499
1.3482
1.35505
1.35542
1.35703
1.35698
1.35436
1.34931
1.36249
1.35708
1.35297
1.3489
1.34511
1.36235
1.35116
1.3522
1.35386
1.35708
1.35698
1.34978
1.34556
1.34127
1.34767
1.35844
1.35317
1.35349
1.35763
1.35778
1.35543
1.3534
1.35746
1.35699
1.35292
1.35033
1.35188
1.36225
1.35889
1.35427
1.35671
1.36122
1.35987
1.35792
1.35942
1.3537
1.35214
1.35939
1.35966
1.35605
1.35955
1.35693
1.35477
1.35688
1.35705
1.35455
