0.997148
1.00429
1.00029
1.00419
1.00384
1.00594
1.00538
1.00039
0.997563
0.995691
0.995785
0.999631
0.993076
0.997524
0.986776
0.985661
0.996231
0.997534
0.991782
0.986528
0.976007
0.983267
0.98104
0.993574
0.996349
0.991789
0.986051
0.989932
1.00259
1.00621
1.00452
0.995268
0.988529
0.99176
0.988389
0.984929
0.987503
0.995882
0.991981
0.987421
0.981337
0.984185
0.987597
0.990025
0.993239
0.990346
0.990611
0.995024
0.995222
0.992264
0.988889
0.999982
1.00342
0.999625
0.997992
0.992782
0.995809
0.998379
1.00402
1.00372
0.989533
0.996928
1.00378
1.00014
1.01176
1.00758
1.01121
1.01644
1.01781
1.01539
1.01983
1.01287
1.00402
0.993933
1.00821
1.01197
1.01787
1.01541
1.00877
1.01685
1.01807
1.02056
1.01959
1.01674
1.02962
1.02174
1.01801
1.01785
1.01614
1.01748
1.01557
1.01491
1.01903
1.02424
1.02617
1.02513
1.01844
1.02223
1.02534
1.02526
1.02024
1.01191
1.00542
1.0136
0.998782
0.997762
0.997238
0.99872
0.99375
0.996438
0.993589
1.00056
0.996143
1.00377
1.00841
1.01088
1.0058
1.00171
0.993734
0.990429
1.00016
1.00704
1.00176
0.99731
0.997195
0.991416
0.994155
0.999106
0.984855
0.989124
0.99412
0.992353
0.997502
0.995919
0.992828
1.00008
0.993716
0.997266
0.989068
0.99522
0.995661
0.994905
0.993076
0.992895
1.00273
0.997664
0.998126
0.993205
0.990818
0.995878
1.00761
1.00249
1.00371
1.00494
1.00627
1.00727
0.998745
0.995783
0.999464
1.00185
0.996712
1.00205
1.0075
1.01054
1.00196
1.00366
1.00374
1.00645
1.01244
1.00366
0.99281
0.996839
0.995698
1.00128
0.997403
1.00073
1.00593
1.0079
1.01184
1.00482
1.00014
0.999217
0.997929
1.00068
0.990478
0.99664
1.00353
1.00445
1.00068
1.00221
1.00673
1.00307
0.9988
1.01236
1.00953
1.00237
1.01058
1.00443
1.00138
1.00595
1.00343
0.993563
0.988722
0.982661
0.986012
0.979692
0.976397
0.972051
0.960384
0.963489
0.961888
0.961075
0.960849
0.961388
0.961847
0.951461
0.960621
0.969325
0.965113
0.958903
0.958273
0.967287
0.968997
0.973557
0.967819
0.969905
0.96357
0.972976
0.98085
0.977562
0.971996
0.98118
0.970132
0.972375
0.966335
0.962978
0.970384
0.972743
0.978068
0.96673
0.968468
0.971663
0.970196
0.970918
0.965466
0.970742
0.984536
0.977635
0.975052
0.974919
0.971604
0.968345
0.973383
0.970435
0.972609
0.978495
0.977565
0.96663
0.959377
0.966077
0.979216
0.984622
0.975238
0.973344
0.979479
0.987091
0.982825
0.976968
0.968061
0.964112
0.971575
0.964347
0.957659
0.967767
0.974541
0.976749
0.98219
0.976498
0.987346
0.984362
0.990254
0.988644
0.989779
0.996907
0.997378
0.993978
0.996143
1.0004
0.996056
0.988492
0.998448
0.994996
0.995454
0.994125
0.997649
1.0002
0.997864
0.994402
0.994298
0.994367
0.993966
0.998436
1.00561
1.00197
0.99974
1.01271
1.00644
1.00175
0.997244
0.998641
1.00392
1.00891
1.0113
1.00196
0.998039
1.00392
1.00396
1.01191
1.0098
1.01564
1.01622
1.00166
1.00408
0.999925
0.998668
0.997456
0.993291
0.997267
1.00127
0.995022
0.996356
0.99579
1.00259
1.00956
1.01102
1.01149
1.00804
1.00218
0.994687
0.995146
0.996319
0.990399
0.984939
0.994071
0.993748
0.996409
0.990213
0.996198
0.995157
0.988989
0.991707
0.986268
0.990888
0.995191
0.994246
0.990363
1.00132
1.00171
0.996889
0.992089
0.989154
0.989254
0.981579
0.983212
0.994733
0.994115
1.0042
1.0027
1.00436
1.00881
1.00379
1.00178
1.00376
1.00397
1.0009
1.00042
0.999016
1.00201
0.992817
1.00186
1.00078
0.994161
0.998947
0.99905
1.00341
0.996849
1.00475
1.0135
1.01893
1.01893
1.01816
1.0113
1.01156
1.0172
1.01223
1.0205
1.01375
1.0086
1.00971
1.00385
1.00547
1.00632
1.0043
1.00564
1.00931
1.01063
1.00265
1.00756
1.01729
1.01364
1.00333
1.00398
1.00051
0.997859
1.00457
1.00742
1.00766
1.00397
1.00603
1.0051
1.00546
1.00896
1.01104
1.00966
1.01063
1.0065
1.00091
1.00961
1.01106
1.00902
1.01719
1.01489
1.01325
1.00823
1.0082
1.00748
1.00153
1.01284
1.00759
1.0109
1.00381
1.00306
1.00273
1.00355
1.00601
1.01273
1.01312
1.00643
1.00493
1.01106
1.00822
1.00554
1.00556
1.00854
1.01527
1.00722
1.01099
1.01836
1.01644
1.01401
1.00839
1.00562
1.00149
0.99886
1.00021
0.992076
0.994382
0.984669
0.984382
0.986328
0.988338
0.986407
0.997322
0.990803
0.996809
0.996027
0.994989
1.00131
1.00323
0.998119
1.0036
1.00775
0.997624
1.00776
0.999543
0.991492
0.995326
0.992741
0.989215
0.984687
0.987176
0.985748
0.986835
0.990277
0.983194
0.990512
0.988118
0.974477
0.97287
0.984614
0.982093
0.979231
0.978388
0.979209
0.973726
0.977837
0.987172
0.980655
0.979521
0.982782
0.982025
0.986027
0.989932
0.986831
0.9816
0.996849
0.9921
0.986853
0.990023
0.996236
0.993792
0.998767
1.00183
0.994453
1.00137
1.01065
1.0212
1.02001
1.01015
1.01135
1.0032
1.00877
1.00813
1.0103
1.01786
1.00976
1.00383
1.00258
1.00099
1.00293
0.999851
1.00609
1.00206
0.996549
1.00483
0.997497
1.00021
0.996658
0.996878
0.998873
0.991445
0.989555
0.988642
0.982393
0.982024
0.969714
0.970604
0.96454
0.970031
0.974286
0.979058
0.989397
0.989695
0.996053
0.996518
0.991588
0.990209
0.989522
0.984925
0.989121
0.992185
0.993992
0.993283
0.981982
0.988237
0.982297
0.980852
0.975721
0.970162
0.977635
0.97627
0.980427
0.985383
0.989059
0.989438
0.982924
0.983682
0.97526
0.980765
0.976516
0.989408
0.99359
0.992856
0.99884
1.00465
0.994736
0.997563
0.985169
0.991688
0.988294
0.994056
0.994508
0.987405
0.988168
0.986434
0.98328
0.982266
0.981526
0.988624
0.986018
0.987558
0.988997
0.990816
0.987295
0.988469
0.995617
0.994931
1.00208
1.00777
0.999975
0.998317
1.00816
1.00423
1.01182
1.00771
1.00178
1.00402
1.00447
0.998087
0.989175
0.988651
0.978835
0.98501
0.99199
0.999885
1.00112
0.996381
0.993915
0.985139
0.979401
0.977522
0.977979
0.972425
0.967673
0.969544
0.974029
0.977662
0.976165
0.976939
0.971254
0.972086
0.972109
0.960342
0.966016
0.97008
0.971478
0.965616
0.973008
0.973014
0.979115
0.972803
0.977824
0.9818
0.981796
0.985572
0.984403
0.981187
0.980848
0.97827
0.978374
0.989241
0.981289
0.974114
0.979408
0.990836
0.989967
0.989015
0.989241
0.985598
0.986006
0.995105
0.993347
0.989934
0.993955
0.999697
0.998108
0.987829
0.983404
0.987774
0.984922
0.984446
0.982797
0.982103
0.982399
0.981835
0.988074
0.984423
0.977459
0.977177
0.98071
0.972755
0.976321
0.985412
0.978676
0.981837
0.983044
0.975068
0.981452
0.984388
0.988027
0.979221
0.970416
0.97038
0.973369
0.978258
0.986054
0.987195
0.977274
0.977642
0.963507
0.967165
0.959873
0.959336
0.969304
0.965155
0.96268
0.963752
0.963261
0.970123
0.975944
0.975048
0.967401
0.970481
0.984896
0.989071
0.989056
0.989071
0.997466
0.990996
0.995747
1.00155
1.00325
0.999774
0.996567
0.995424
0.995779
0.998326
0.994722
0.994014
0.988236
0.991667
0.992204
0.997392
0.997246
0.986691
0.991078
0.997862
0.987669
0.980813
0.98406
0.984706
0.983275
0.986166
0.982822
0.980257
0.98459
0.983124
0.987302
0.986632
0.98841
0.992649
0.990497
1.00026
0.996802
0.993766
1.00066
0.993235
0.992502
0.989923
0.994369
0.992316
0.988868
0.993663
0.987715
0.996511
0.995085
0.990513
0.991816
0.989556
0.990805
1.00051
0.992446
0.995424
0.99112
0.990147
0.984873
0.982822
0.981832
0.989981
0.988657
0.98412
0.984029
0.985309
0.989824
0.997763
0.99142
0.998524
0.994544
0.996107
0.989232
0.993833
0.995944
0.996472
0.992768
0.999889
1.00727
1.00807
1.01621
1.01251
1.00226
1.01186
0.996191
0.99221
0.988467
0.985979
0.98618
0.998227
0.994934
0.993652
0.996318
0.998659
0.995779
0.98413
0.990566
0.983103
0.986364
0.985992
0.990947
0.994746
0.990081
0.9883
0.99028
0.98628
0.986029
0.974089
0.978498
0.985286
0.983056
0.979285
0.989774
0.990213
0.98657
0.987463
0.98506
0.983752
0.983005
0.982869
0.980681
0.987419
0.977298
0.978159
0.981782
0.989457
0.989264
0.986987
0.990232
0.988381
0.996636
1.00165
0.989046
0.997643
1.00686
1.00048
0.994856
0.990573
0.987245
0.9917
0.993264
0.989598
0.994181
0.997385
0.985493
0.988224
0.996489
0.991274
0.992757
0.991816
0.992489
0.990134
0.989956
0.980717
0.98173
0.983764
0.993472
0.993369
0.992664
0.986789
0.991578
0.985922
0.996271
0.998817
0.997135
0.997209
1.00909
1.00299
0.999403
1.00164
1.00295
1.00731
1.01003
1.00472
0.995734
0.997439
1.00564
1.01269
1.00368
1.00611
0.991469
0.996671
0.998565
0.987604
0.999321
0.994637
0.986493
0.984776
0.985517
0.98608
0.977959
0.976704
0.980008
0.97582
0.980738
0.985536
0.988946
0.989283
0.989949
0.984885
0.986573
0.988051
0.982302
0.985837
0.9866
0.979653
0.978886
0.982945
0.994025
0.995244
1.00373
0.999764
0.999731
0.999697
1.00358
1.01014
1.00067
1.0043
1.00656
1.0042
1.00516
0.995418
1.00007
1.00008
1.00044
0.991669
0.993826
0.996394
0.996544
0.991987
0.997877
1.00119
0.993295
0.989923
0.991572
1.00102
1.0004
1.0096
1.00157
1.0041
1.00003
0.992187
0.994966
0.999529
1.00101
0.991663
0.991389
0.988236
0.985848
0.989435
0.987328
1.00137
0.999448
0.99574
0.991673
0.994558
0.989294
0.987836
0.99148
0.993734
0.989994
0.989351
0.99189
0.992355
0.985671
0.992482
0.983655
0.994853
0.999034
0.999023
1.00197
0.99858
1.00527
1.00924
1.00284
1.00238
0.998307
0.996221
0.985818
0.984552
0.990084
0.995559
1.00011
0.995637
1.00338
1.00465
1.00113
1.00199
1.00347
0.997859
1.00222
1.00375
0.999783
0.99885
1.00105
0.994685
1.00544
0.993302
0.998133
0.993247
0.993903
0.992813
0.991893
0.993641
0.998638
1.00216
1.0016
1.00539
1.00096
1.00101
1.00576
1.00015
1.00448
1.00617
1.01064
1.00616
1.00139
1.00457
1.00202
1.00492
1.00494
0.994441
1.0048
1.00029
1.0001
0.998976
0.998517
1.00486
1.00991
1.00568
0.999839
0.999625
0.998083
1.00529
0.998732
1.00841
1.00408
1.00674
0.999726
1.00583
1.01103
0.998512
1.0081
1.00587
0.99995
0.999807
1.0045
1.00473
1.01476
1.03212
1.02571
1.02664
1.02388
1.01415
1.01481
1.00788
1.00156
1.0065
1.01417
1.01869
1.02003
1.0169
1.02293
1.01965
1.01609
1.02361
1.01986
1.02439
1.02234
1.02356
1.0232
1.02351
1.01552
1.01715
1.01904
1.01931
1.01144
1.00935
1.01168
1.01658
1.01544
1.00822
1.00259
1.00527
1.00251
1.00519
0.998131
1.00504
1.00055
0.995079
0.993708
0.996213
0.996265
0.993864
1.00069
0.998547
0.998642
0.99634
0.994448
0.994589
0.994775
0.991578
0.999563
0.99182
0.996999
0.987378
0.991972
0.988772
0.97566
0.979547
0.982277
0.979757
0.982318
0.98547
0.990316
0.995197
0.999728
0.992431
0.995468
0.991766
0.988779
0.996074
0.991675
0.98628
0.993009
0.989997
0.99483
0.989087
0.99224
0.990253
0.991755
0.992147
0.988708
0.986688
0.994409
0.997868
0.993634
0.991621
0.986192
1.00056
1.0035
0.995713
1.00145
1.01337
1.00944
1.00406
1.00727
1.00674
1.00518
0.998702
1.00993
1.00628
0.999507
0.998091
0.993995
0.993247
1.00131
1.0042
1.01043
1.00998
1.005
1.01107
1.00796
1.01571
1.01328
1.01293
1.00966
1.02068
1.02003
1.0108
1.01978
1.01645
1.01332
1.00899
1.00849
1.01483
1.01516
1.01233
1.00979
1.00614
1.01375
1.01379
1.01606
1.01351
1.01142
1.01596
1.01108
1.00447
1.01386
1.01638
1.01211
1.01385
1.01432
1.02142
1.01593
1.00506
0.998581
1.00516
1.00987
1.01674
1.01437
1.01473
1.0078
1.01308
1.01589
1.01707
1.0249
1.01395
1.01479
1.00807
1.00856
0.999953
0.997193
0.997495
0.991168
0.99335
0.993604
0.992613
0.999557
0.998209
0.993826
0.997903
0.996842
0.996023
0.995471
0.993543
0.995804
0.994749
0.997931
0.995191
1.0011
1.00305
1.00877
1.0016
0.996403
1.00221
1.00035
1.00338
0.991544
0.992939
0.991889
0.990883
0.992553
0.986692
0.989177
0.99762
1.00056
1.00247
0.997791
0.994331
0.998673
0.993508
1.00468
0.993914
0.992554
0.995581
1.00158
0.997609
0.997103
0.99781
0.99166
1.00469
0.999767
0.998189
0.996563
0.995864
1.00303
1.00963
0.996791
0.996865
0.996638
1.00004
1.00187
1.00102
0.999828
1.00777
1.00466
1.00638
0.995205
1.00473
0.999801
0.996918
1.00307
1.00055
0.996871
0.990813
0.999209
1.00563
1.00644
1.00992
1.00911
1.00962
1.01536
1.01199
1.00593
1.01327
1.015
1.00845
1.0183
1.02189
1.01635
1.01691
1.01743
1.01534
1.01481
1.017
1.01232
1.02017
1.00958
1.0113
1.01095
1.01057
1.01641
1.00868
1.01108
1.02371
1.01902
1.01593
1.01384
1.01547
1.01391
1.01001
1.00262
1.00654
0.99389
1.00653
1.00525
1.00855
1.00515
1.00729
1.00291
1.00651
1.00881
1.01628
1.01012
1.00967
1.00821
1.01219
1.01143
1.01276
1.01193
1.0055
1.01394
1.00211
0.998192
1.0049
1.00962
1.00842
1.00272
0.998094
0.994176
0.994372
0.994456
0.99211
0.986938
0.991868
0.988908
0.991248
0.987779
0.990113
0.991127
0.9917
0.991413
1.00251
0.997531
0.993553
1.00293
1.00638
1.00306
0.997119
0.98795
0.99467
0.995213
0.989673
0.993225
0.983861
0.986384
0.987952
0.986559
0.982487
0.975983
0.972604
0.958985
0.966738
0.96588
0.962913
0.963844
0.972379
0.967902
0.961026
0.961311
0.96971
0.967836
0.973024
0.970768
0.978105
0.976822
0.968665
0.973475
0.968794
0.961982
0.972566
0.974548
0.97453
0.97248
0.968251
0.971828
0.969478
0.97239
0.972794
0.986834
0.978448
0.974848
0.96766
0.974478
0.975172
0.979424
0.982593
0.983514
0.981791
0.984108
0.98878
0.985123
0.986105
0.983363
0.971816
0.9673
0.967354
0.975997
0.974916
0.978205
0.970275
0.973215
0.979688
0.977205
0.968975
0.973399
0.964301
0.969668
0.964695
0.959603
0.962806
0.971964
0.977216
0.981412
0.974449
0.97778
0.980782
0.974498
0.970958
0.977961
0.975524
0.986165
0.976892
0.982234
0.976829
0.971718
0.972584
0.967301
0.974837
0.975312
0.972052
0.970124
0.97408
0.976266
0.963686
0.959551
0.963346
0.967962
0.957197
0.957872
0.965892
0.966496
0.959109
0.963315
0.968584
0.975303
0.987933
0.983482
0.987144
0.985559
0.981689
0.985452
0.976464
0.984912
0.985773
0.98304
0.984144
0.98154
0.982053
0.980435
0.990975
0.987182
0.989797
0.991917
0.98719
0.984338
0.987694
0.992182
0.995884
0.996533
0.995429
0.995537
0.991243
0.995454
0.995896
1.00944
0.992961
0.997651
0.996292
1.00373
1.00103
0.99319
0.99182
0.990674
0.994912
0.999484
0.997537
1.00513
0.993807
0.990247
0.986484
0.983857
0.974465
0.970649
0.979657
0.9774
0.978682
0.973956
0.977298
0.971182
0.969194
0.964227
0.95936
0.962459
0.966799
0.975823
0.970343
0.968964
0.973361
0.970106
0.971583
0.973514
0.976299
0.973683
0.976233
0.981568
0.971522
0.971643
0.976222
0.979397
0.983757
0.975626
0.98157
0.985187
0.978498
0.972265
0.965887
0.970815
0.970344
0.968132
0.966873
0.967223
0.969154
0.968256
0.972127
0.971929
0.979328
0.982333
0.986284
0.988336
0.986664
0.990471
0.989427
0.990708
0.988359
0.993165
0.997596
0.997574
0.995187
1.00584
0.99821
1.00145
0.991617
0.988745
0.985611
0.985952
0.988486
0.986623
0.974356
0.974684
0.977621
0.969615
0.97098
0.965428
0.961391
0.966376
0.971065
0.970452
0.9693
0.981774
0.982053
0.986101
0.985189
0.986377
0.975338
0.981671
0.977864
0.975258
0.973257
0.976413
0.975706
0.97195
0.971091
0.97331
0.974461
0.983843
0.981812
0.983627
0.977736
0.980658
0.978669
0.983506
0.985348
0.980714
0.994389
0.994765
0.997824
1.0009
0.990505
0.996852
1.00508
0.995451
0.995835
0.996089
1.00743
1.01078
1.00429
1.00206
1.00995
1.00765
1.00281
1.00001
0.993101
0.996137
0.995347
1.00252
0.991824
0.991222
0.995073
1.00415
1.01398
1.01136
1.00852
1.00723
1.01269
1.01017
1.00492
1.00873
1.01267
1.02096
1.0138
1.01572
1.01006
1.00664
1.00227
1.00245
0.997119
0.999882
0.997986
1.00338
1.00033
1.00306
1.00636
1.00968
1.00695
1.00439
1.00038
0.999307
0.995455
0.994494
0.993627
1.00233
0.99689
0.995416
0.993084
0.986994
0.992867
0.982042
0.984933
0.986977
0.99537
0.993675
0.998944
1.01239
1.00451
1.00575
1.00404
1.01206
1.00201
1.01171
1.01034
1.00202
1.00809
1.00953
1.00252
1.00692
0.995943
0.991426
0.991643
0.986853
0.985493
0.986834
0.981116
0.98273
0.990336
0.987538
0.984562
0.994335
0.991777
0.99679
0.998239
1.00108
1.00119
0.999715
0.999303
0.997774
0.998793
0.994868
1.00312
0.996184
0.99766
1.01036
1.0097
1.01272
1.01488
1.01598
1.01148
1.01029
1.01585
1.01112
1.00858
1.00429
1.00212
0.995902
0.998324
1.00366
0.993708
0.989562
0.989389
0.990637
0.99343
0.995238
0.998326
1.00689
0.999452
0.995182
0.992017
1.00376
1.01053
1.00863
1.00192
1.0029
0.991839
0.996588
1.00066
1.00023
0.999743
0.99567
1.00151
0.997024
0.990694
1.00571
1.00561
1.0006
1.00016
0.996045
0.995966
0.994249
0.992016
0.98795
0.986087
0.987132
0.987924
0.983801
0.979347
0.983204
0.984976
0.9916
0.998328
1.0007
1.00282
0.993461
0.993586
0.991016
0.992717
0.992263
0.987833
0.994091
0.998589
1.00023
0.991768
0.991632
0.987694
0.984606
0.986127
0.991434
0.982915
0.982093
0.979936
0.979064
0.989343
0.99217
0.995713
0.991497
0.988255
0.986064
0.981539
0.973658
0.977982
0.974706
0.979323
0.991013
0.997211
0.995559
0.993227
0.986002
0.98002
0.989245
0.984252
0.986976
0.982109
0.984879
0.982305
0.988957
0.985268
0.980857
0.984933
0.980217
0.984738
0.983374
0.981203
0.986967
0.983945
1.00085
1.00428
0.99622
0.995556
1.00039
1.00641
0.997115
0.998181
1.00048
0.994486
0.99871
1.00266
0.999051
0.995689
0.996387
0.994453
0.987014
0.988003
0.978597
0.986684
0.977785
0.994269
0.993317
0.998306
0.982405
0.978022
0.969412
0.968373
0.972832
0.972443
0.9791
0.981903
0.986218
0.992259
0.981615
0.985829
0.980598
0.984657
0.977911
0.976053
0.976576
0.972756
0.972063
0.971141
0.973676
0.981381
0.976715
0.983761
0.979952
0.97682
0.977406
0.974832
0.982153
0.978099
0.975014
0.979332
0.985799
0.989358
0.991502
0.990415
0.988361
0.991402
0.99289
0.993119
0.988332
0.99465
0.996694
0.997622
1.00024
0.993013
0.989147
0.990292
0.993867
0.992113
0.996519
0.996818
1.00051
0.991853
1.00129
0.995495
0.993612
0.993969
1.00033
0.998644
0.995015
0.988965
0.988081
0.990847
0.983447
0.98792
0.981662
0.984823
0.982301
0.982117
0.981318
0.981857
0.979405
0.981016
0.987893
0.991112
0.991975
0.988183
0.997187
1.00042
0.999857
0.996618
0.998548
0.996918
0.99468
0.994343
0.984871
0.989025
0.98108
0.98465
0.990106
0.993065
0.995975
0.98862
0.990427
0.997697
1.00044
0.990457
0.996083
0.990878
0.993449
0.991813
0.98814
0.987843
0.987304
0.985402
0.987528
0.982788
0.984733
0.988131
0.981517
0.986849
0.986689
0.982318
0.99256
0.990414
0.991991
0.983842
0.983683
0.971925
0.979926
0.974441
0.967492
0.96058
0.963024
0.963929
0.963494
0.96281
0.959917
0.961695
0.961171
0.9593
0.966197
0.97018
0.97093
0.967976
0.976671
0.970216
0.975788
0.974821
0.981356
0.98595
0.984173
0.976631
0.979435
0.982633
0.984286
0.970366
0.975795
0.977799
0.974879
0.977591
0.968868
0.977965
0.98045
0.973852
0.967508
0.97952
0.977059
0.985321
0.982375
0.984019
0.97674
0.978014
0.980563
0.976181
0.96615
0.974692
0.982696
0.980552
0.980127
0.996161
0.998682
0.997797
0.999362
1.00785
0.995509
0.995491
0.983651
0.98229
0.983397
0.985844
0.978664
0.979023
0.979088
0.98043
0.98407
0.983115
0.987713
0.990392
0.990803
0.989192
0.990569
0.987665
0.988843
0.9876
0.986688
0.984656
0.977822
0.983404
0.977873
0.974895
0.980452
0.984366
0.977577
0.97554
0.979332
0.984576
0.975385
0.979897
0.979174
0.977698
0.975651
0.97422
0.980794
0.984143
0.976115
0.975898
0.970248
0.978532
0.984782
0.977
0.981504
0.971626
0.966313
0.968334
0.973939
0.977911
0.977245
0.984407
0.983892
0.981417
0.979924
0.984035
0.979453
0.978601
0.986282
0.982597
0.9811
0.987431
0.98819
0.993941
0.996092
0.993219
0.983441
0.993879
0.991383
0.98897
0.989443
0.99597
0.995717
0.992427
0.98406
0.98146
0.979288
0.982574
0.979765
0.976457
0.971301
0.972459
0.971054
0.976235
0.986309
0.995764
0.992776
0.994973
1.00161
1.0048
0.997767
0.993129
0.99046
0.995824
0.996818
0.998753
1.00492
1.00029
1.00659
0.998351
0.999561
0.995039
1.00034
1.00163
1.00443
1.01501
1.01233
1.01523
1.00644
1.018
1.0163
1.00744
1.01417
1.01282
1.00528
0.999011
0.994894
0.986287
0.986976
0.992924
0.989132
0.993867
0.988853
0.993198
0.998077
0.996214
0.995245
1.00589
1.00053
0.982037
0.986699
0.979116
0.99463
0.990844
0.99468
0.98974
0.990645
0.996476
0.991275
0.986876
0.989732
0.985146
0.99814
0.987553
0.994093
0.992173
0.992002
0.993123
0.993224
0.996209
1.00323
1.00055
0.995253
0.987601
1.00267
1.0011
0.995427
0.995537
0.992971
0.99856
0.997426
0.98984
0.993099
0.99626
0.999978
0.992154
0.994316
0.993767
0.99464
0.993874
0.989122
0.988286
0.993388
0.986845
0.987577
0.98997
0.989285
0.985493
0.985401
0.980976
0.994575
0.99868
1.00339
1.00207
0.998648
0.990423
0.992152
0.994769
0.991928
0.982961
0.97271
0.976936
0.974505
0.975397
0.982295
0.978863
0.975371
0.976033
0.967557
0.973293
0.97525
0.978081
0.983187
0.979353
0.983146
0.979042
0.979741
0.97784
0.989978
0.979916
0.986753
0.985284
0.982326
0.978778
0.983671
0.99286
0.988418
0.985235
0.978529
0.974458
0.977059
0.978555
0.981944
0.973203
0.98253
0.989223
0.986903
0.985995
0.975425
0.9828
0.986251
0.982678
0.982877
0.983664
0.991296
0.99281
0.993733
0.985308
0.986476
0.988046
0.988635
0.98819
0.986359
0.991756
0.988206
0.992884
0.994716
0.992187
0.989736
0.983848
0.986037
0.985783
0.989808
0.985516
0.982069
0.982522
0.981571
0.983439
0.980985
0.972546
0.979464
0.977679
0.978402
0.981879
0.975868
0.968924
0.976008
0.987119
0.98939
0.984945
0.985896
0.98348
0.982975
0.985537
0.987985
0.976763
0.990906
0.984154
0.975931
0.982891
0.989991
0.988491
1.00145
1.00065
1.00969
1.00738
0.996391
0.993377
0.989634
0.993094
0.991483
0.987917
0.994698
0.994821
0.994273
0.981957
0.976089
0.987993
0.985775
0.989109
0.986726
0.990358
0.995937
0.993794
0.991587
0.996785
1.00074
0.997078
0.998971
1.00656
1.00753
1.00669
1.00651
1.00347
1.00649
1.02053
1.0092
1.01262
1.00742
1.01168
1.00823
1.00444
1.01165
1.00883
1.00205
1.00111
0.997897
1.00651
1.00943
1.01515
1.01285
1.003
1.00808
0.999857
1.00743
0.999489
1.00201
1.00355
0.998862
1.00866
1.01092
1.00492
1.00269
1.00802
1.01219
1.0032
1.00703
1.00479
1.00575
1.02253
1.02086
1.01774
1.0115
1.00996
1.01367
1.01382
1.01727
1.00851
1.01108
1.0161
1.01063
1.01048
1.02278
1.02859
1.0274
1.02059
1.02981
1.0214
1.01888
1.014
1.01024
1.01198
1.0089
1.00298
1.00821
1.00667
0.999467
1.00431
1.00696
1.00694
1.01175
1.00522
0.994404
1.00252
1.00812
1.01178
1.01182
1.01084
1.00784
1.0059
1.00705
1.00023
1.00701
1.01714
1.01679
1.0132
1.01471
1.01105
1.0148
1.02166
1.01494
1.00835
1.01355
1.01313
1.00639
1.01617
1.01599
1.01495
1.02078
1.01346
1.01423
1.0124
1.01166
1.01527
1.00761
1.01351
1.01718
1.00996
1.00837
1.01185
1.01303
1.01133
1.01822
1.01279
1.01622
1.01332
1.00455
1.00606
1.00567
0.99976
1.00096
0.993951
0.98926
0.994863
1.00276
0.992931
0.995197
0.998209
0.994805
0.996129
0.999706
0.999753
0.998868
0.998991
1.00665
1.00166
0.996367
0.998995
1.009
1.01172
1.01577
1.0166
1.01678
1.01004
1.00806
1.0084
1.00981
1.01142
1.01442
1.0157
1.01599
1.01762
1.0154
1.01945
1.02303
1.02547
1.01753
1.0132
1.00093
1.00726
1.01174
1.00868
1.00702
1.00712
1.01017
1.01248
1.01597
1.01524
1.01712
1.02409
1.02256
1.02744
1.02621
1.01313
1.01551
1.01602
1.01114
1.02706
1.02365
1.01247
1.01436
1.00199
1.0084
1.012
1.01103
1.01868
1.02428
1.02011
1.02294
1.01708
1.01327
1.00906
1.0062
0.996991
0.992783
0.985753
0.994412
0.991703
0.998207
1.00488
0.999355
1.00726
1.0013
0.996761
0.994471
0.996263
1.00443
1.00453
1.0087
1.00533
0.995652
0.997231
0.997063
0.992843
0.991173
1.00494
0.988754
0.992893
0.988347
0.998047
1.00134
1.00488
0.996732
0.99406
0.999041
1.00166
0.991195
0.999656
0.998058
1.00025
1.00635
1.0067
1.01349
1.01376
1.00448
1.00406
0.997398
1.00031
0.996369
0.990362
0.994996
0.99644
0.997657
0.994133
0.990577
0.990449
0.997426
0.992594
1.00038
1.00655
1.00627
1.00505
1.0079
1.00244
1.00655
1.00659
1.00965
1.00118
1.00795
1.00831
1.00968
1.00723
1.00926
1.00594
1.00335
1.00961
1.00432
0.996863
0.99822
0.992919
0.99304
1.0024
0.998734
0.993406
0.99902
0.996986
0.997488
0.999926
1.00853
1.00289
0.995161
0.989553
0.997039
0.991696
0.992187
0.992858
0.993323
0.988165
0.992679
1.00405
1.01394
1.01396
1.00739
1.00697
1.01395
1.00437
0.996903
0.997469
0.991766
0.992065
0.999861
0.998965
1.00538
1.0018
0.998869
0.992783
0.990908
0.985777
0.980864
0.993597
0.989079
0.988681
0.983906
0.982434
0.996192
0.991663
0.99582
1.0055
1.00326
1.0085
1.00811
0.997578
0.996743
0.990783
0.991271
0.982784
0.984518
0.983818
0.993404
0.996166
0.990469
0.985301
0.991398
0.991901
0.999758
0.997845
0.996538
1.00869
1.00895
1.00189
1.00408
0.995462
1.00057
1.00347
1.00913
1.00826
1.01041
1.00736
0.99848
1.01016
1.00486
1.01398
1.00962
1.00128
0.995323
0.999045
1.00229
1.00159
1.00638
1.01316
1.01242
1.00801
1.00554
1.01048
1.0141
1.01565
1.01912
1.01183
1.01057
1.00319
1.0007
1.00243
1.00725
1.00964
1.00734
1.00142
1.00411
1.01186
1.00456
0.997682
1.00891
1.01682
1.01579
1.01189
1.00732
1.00655
0.994503
0.998324
0.990465
0.987157
0.983214
0.977876
0.984459
0.988908
0.994251
1.00385
1.00615
1.00076
1.00843
0.995975
0.994216
0.990514
0.993242
0.9925
0.990933
0.985495
0.998946
0.992835
0.993261
0.995037
0.998504
1.00073
1.01322
1.00788
1.00294
1.00344
0.997965
0.99228
0.998989
0.995593
0.992519
0.994136
0.999782
0.995802
0.998232
0.996796
0.997871
0.999043
0.983924
0.987573
0.998242
1.00257
1.0107
1.00813
1.00496
1.01508
1.01046
1.01174
1.01163
0.99889
1.00175
0.99774
1.00431
1.00168
0.998218
0.993457
0.997045
0.996676
0.999319
1.00063
1.00617
1.00153
1.00914
1.00221
1.00851
1.01469
1.02247
1.01738
1.01479
1.01551
1.01151
1.00326
1.00735
0.999522
1.00294
1.01015
1.00225
0.999479
1.00147
1.01106
1.01092
1.01516
1.00626
1.01156
1.01295
1.00885
1.00774
1.00789
1.01095
1.01132
1.00724
1.00493
0.997462
0.997197
1.00463
0.995516
1.00459
1.00406
0.993831
0.998242
1.00125
1.00237
0.999561
1.00297
1.00925
1.00953
1.00823
1.00918
1.00975
1.00748
1.00921
1.01114
1.00696
1.00286
1.00549
1.00859
1.0056
1.0099
1.00682
0.998613
0.999821
1.0004
0.994999
0.99031
0.990986
0.999908
0.995632
0.991211
0.993102
0.998203
0.997725
0.996134
0.996258
1.00127
1.00509
1.0003
1.00212
1.00905
1.00517
1.011
1.00599
1.01032
1.00448
1.00332
1.00544
1.00256
0.995157
0.986047
0.990688
0.989785
0.990794
0.987848
0.985598
0.983542
0.989371
0.993053
0.999439
0.998833
0.994703
0.988881
0.999213
0.996413
1.00402
1.0037
1.00564
0.998995
0.99697
1.00209
1.00221
0.988066
0.984819
0.99288
0.990144
0.988987
0.999209
0.99509
0.995621
0.998266
0.99681
0.986386
0.99413
0.996732
0.98607
0.994424
0.995729
0.99875
0.996545
0.993203
0.993313
0.994787
1.00387
1.00692
0.996887
0.989657
0.992832
0.986967
0.996156
0.993345
0.9994
0.998519
1.00504
0.999112
0.99039
0.996162
0.991168
0.992416
0.986176
0.992971
0.983233
0.979804
0.977289
0.974824
0.981479
0.981539
0.971826
0.975352
0.976565
0.976003
0.975648
0.974532
0.977901
0.975137
0.97472
0.985931
0.981079
0.977633
0.977333
0.974556
0.981512
0.982389
0.983249
0.97752
0.98188
0.98791
0.987364
0.981845
0.988018
0.984427
0.975624
0.980466
0.977796
0.98677
0.991815
0.997899
0.988344
0.988988
0.989107
0.985135
0.988934
0.979688
0.980746
0.985867
0.9831
0.985436
0.987516
0.988764
0.99376
0.998896
0.999083
1.00018
1.00796
1.00697
1.00078
1.00499
1.00267
0.996072
0.991957
0.984282
0.991557
0.996327
0.997237
1.00214
0.992617
0.982608
0.973997
0.974017
0.976406
0.978269
0.985374
0.99363
0.990223
0.995676
0.993693
0.989147
0.980196
0.984842
0.991921
0.995662
0.997267
0.997316
0.994342
0.99699
1.00274
1.00201
0.99865
1.0005
1.00539
0.992178
0.98985
0.990069
0.982594
0.984253
0.987707
0.993497
0.999303
0.99927
0.9896
0.995312
0.990734
0.981207
0.986254
0.988567
1.00696
1.01362
1.00754
1.00579
1.0149
1.01119
1.00963
1.01254
1.01077
1.00757
1.00156
1.00396
0.996192
0.988879
0.980948
0.986259
0.988802
0.988513
0.980574
0.979211
0.980422
0.984574
0.979981
0.994523
0.997139
0.991004
0.993103
0.982565
0.982462
0.979778
0.978483
0.986393
0.985952
0.985512
0.989321
0.989453
0.989693
0.988028
0.994415
0.996595
1.00137
1.0019
0.99525
0.99431
0.990596
0.994569
0.986764
0.983283
0.989966
0.99155
0.986969
0.986557
0.997849
0.993635
0.984968
0.99108
1.00118
0.990836
0.989022
0.990322
0.991132
0.982187
0.982582
0.988068
0.992334
0.995102
0.99757
0.991292
0.989819
1.00022
1.00306
1.0012
0.992903
0.987864
0.990178
0.99304
0.995801
0.996716
0.993405
0.997117
0.995824
0.990907
0.989552
1.00125
0.997034
0.997971
0.990913
0.984989
0.987481
0.98878
0.980127
0.98415
0.976376
0.984652
0.979854
0.980725
0.977947
0.973662
0.983245
0.986006
0.985934
0.981368
0.975729
0.97155
0.971904
0.973178
0.980916
0.981619
0.991039
0.995782
0.991262
0.993131
0.987179
0.989654
0.988848
0.99664
0.999681
1.0011
1.00395
1.00187
1.00002
0.997827
0.994313
0.99595
1.00888
0.998465
1.00334
1.00742
1.00353
0.997055
0.991224
0.992389
0.983639
0.99723
0.995995
1.00488
1.00325
1.00247
1.01274
1.0013
0.99471
1.00518
1.01828
1.01966
1.00467
1.00407
1.0052
1.0008
1.00106
0.992012
0.987505
0.985479
0.98997
0.985179
0.983831
0.989756
0.995729
0.985311
0.990823
0.989473
0.986979
0.989915
0.993613
0.98959
0.984941
0.988943
0.978601
0.987942
0.992333
0.9902
0.987962
0.987174
0.989545
0.986447
0.992623
0.994927
0.990403
0.988829
0.986889
0.982947
0.990487
0.982372
0.973206
0.989889
0.984142
0.980755
0.991981
0.985214
0.986096
0.977513
0.979271
0.978907
0.976329
0.979858
0.986654
0.976263
0.977086
0.975315
0.971072
0.970988
0.973035
0.981733
0.970992
0.97601
0.974046
0.973133
0.969867
0.969568
0.968204
0.961594
0.96395
0.962697
0.96687
0.969463
0.965659
0.967548
0.964977
0.968515
0.98161
0.994479
0.992622
0.988007
0.994982
0.986319
0.976433
0.985927
0.980579
0.979548
0.992492
0.991297
0.984046
0.988898
0.989898
0.981001
0.984838
0.983249
0.985307
0.984625
0.976932
0.981309
0.980731
0.97899
0.978504
0.976378
0.976524
0.971087
0.976315
0.987573
0.982275
0.983526
0.987197
0.981073
0.983553
0.983134
0.980578
0.973312
0.974991
0.976472
0.985436
0.98884
0.98622
0.986476
0.987978
0.983228
0.983768
0.988532
0.987448
0.989658
0.999142
1.00088
0.995614
0.999918
0.990113
0.998497
0.982672
0.985305
0.988041
0.991503
0.995037
0.995648
0.998145
0.986569
0.985164
0.990919
0.994717
0.989034
0.988069
0.992073
0.97023
0.976743
0.976862
0.97703
0.982077
0.98987
0.987176
0.989945
0.990125
0.996465
0.988598
0.984415
0.990788
0.991839
0.993927
0.99658
0.991889
0.994757
0.996337
0.995907
1.00603
1.00907
1.00394
1.00537
1.00574
1.01068
1.00694
0.99862
0.993727
0.998537
0.999502
1.00851
1.00222
1.0068
0.999015
0.998916
1.0026
1.00485
1.00403
0.996722
1.00337
0.996202
1.00154
0.998547
0.998043
1.00175
1.00337
1.00427
0.999672
1.00144
0.998607
0.998706
1.00255
0.99818
0.994387
0.998711
0.999788
0.998162
0.994327
0.995124
0.996555
1.00146
0.997209
0.993435
0.996099
0.984629
0.977694
0.979445
0.980685
0.97682
0.971672
0.981139
0.982328
0.97733
0.977671
0.972198
0.973657
0.977857
0.971615
0.974018
0.973064
0.969727
0.967478
0.962013
0.962676
0.966647
0.96996
0.975595
0.978241
0.977473
0.980316
0.976348
0.970455
0.97769
0.977566
0.985682
0.983057
0.999506
0.998735
0.995724
0.990247
0.984139
0.988902
0.995377
1.00092
1.00011
0.994536
0.997034
0.993594
0.985683
0.978919
0.98586
0.981489
0.964208
0.96646
0.973049
0.9774
0.978523
0.971343
0.967734
0.977403
0.9697
0.972078
0.970755
0.974246
0.968105
0.966242
0.957648
0.961472
0.964528
0.959786
0.962267
0.966718
0.963109
0.971875
0.968287
0.973315
0.965519
0.977152
0.9774
0.969757
0.966392
0.9657
0.969271
0.97325
0.973622
0.968891
0.967974
0.9692
0.962185
0.963655
0.967397
0.957358
0.959436
0.966391
0.962922
0.964336
0.96508
0.963148
0.967621
0.965586
0.96962
0.971381
0.966732
0.967031
0.971275
0.968141
0.969645
0.966041
0.980506
0.983182
0.986781
0.982107
0.986626
0.989726
0.988359
0.983197
0.980678
0.986189
0.979327
0.97258
0.976384
0.981464
0.986322
0.99533
0.99308
0.978809
0.980725
0.994033
0.993958
0.993006
0.993214
0.98954
0.987643
0.992256
0.988472
0.990722
0.992331
0.98647
0.982974
0.987164
0.986643
0.984022
0.979585
0.972735
0.969804
0.967634
0.964705
0.965361
0.965087
0.967804
0.960928
0.958894
0.961678
0.963333
0.963231
0.965803
0.971896
0.972223
0.965388
0.972562
0.965945
0.965883
0.965839
0.967625
0.96973
0.966806
0.966475
0.967179
0.95974
0.959969
0.974784
0.969405
0.962553
0.957939
0.948224
0.952586
0.958446
0.952996
0.957645
0.958487
0.958103
0.957703
0.95941
0.953058
0.956203
0.963657
0.956537
0.957708
0.96541
0.956189
0.955614
0.960342
0.960598
0.966469
0.967912
0.967768
0.968818
0.971929
0.979067
0.981792
0.986891
0.985115
0.986784
0.986738
0.98182
0.976442
0.972438
0.980774
0.978789
0.970596
0.974487
0.976051
0.974764
0.969715
0.966558
0.968027
0.972792
0.968543
0.966883
0.96352
0.967
0.963407
0.959005
0.962461
0.963072
0.952433
0.952349
0.957991
0.966766
0.962999
0.964009
0.96118
0.958871
0.956638
0.9601
0.965665
0.965764
0.970613
0.980041
0.980097
0.981263
0.983365
0.980392
0.980337
0.975962
0.980132
0.986147
0.986838
0.987484
0.981594
0.97932
0.979052
0.973615
0.973743
0.9847
0.980004
0.980011
0.976352
0.97364
0.979355
0.979047
0.981136
0.997556
0.989257
0.986639
0.981413
0.97386
0.975406
0.98036
0.970747
0.967745
0.970626
0.975679
0.979048
0.982218
0.974175
0.963764
0.958461
0.962965
0.974574
0.963644
0.962034
0.964819
0.954838
0.946884
0.948228
0.960755
0.951501
0.952002
0.949772
0.953251
0.947324
0.958694
0.952652
0.9595
0.955453
0.961735
0.966104
0.972497
0.974008
0.966545
0.97246
0.968427
0.98232
0.987722
0.98398
0.97683
0.973261
0.973602
0.971441
0.972734
0.966848
0.981949
0.981226
0.972273
0.974104
0.970619
0.968183
0.968407
0.96738
0.968394
0.974477
0.981114
0.981698
0.980544
0.991177
0.99316
0.989966
0.986976
0.987908
0.988805
0.987874
0.99331
0.993295
0.9888
0.982207
0.984778
0.99177
0.995709
0.995698
0.98887
0.991057
0.978302
0.976321
0.988298
0.986651
0.98369
0.988586
0.988749
0.989041
0.991102
0.994174
0.99366
0.983776
0.989789
0.985363
0.985678
0.981226
0.978471
0.980865
0.97524
0.973383
0.976902
0.966487
0.97261
0.974443
0.979484
0.980803
0.969766
0.967395
0.972245
0.975109
0.972317
0.977876
0.97667
0.962775
0.966587
0.969973
0.963548
0.962166
0.969792
0.967512
0.966503
0.966665
0.973861
0.976646
0.974845
0.966127
0.9644
0.964731
0.977888
0.974918
0.972735
0.969144
0.981579
0.975493
0.983323
0.979738
0.975116
0.978151
0.974274
0.98288
0.983041
0.981075
0.982153
0.983621
0.983504
0.985919
0.977617
0.978144
0.971727
0.975944
0.983366
0.989878
0.99411
0.992776
0.989782
0.988776
0.982014
0.986608
0.98922
0.989273
0.986022
0.984248
0.988783
0.980528
0.983738
0.981973
0.981954
0.982888
0.978845
0.988662
0.989296
0.985987
0.983519
0.981194
0.982843
0.979154
0.982444
0.975525
0.986961
0.99345
0.995851
0.995489
0.990962
0.990981
0.985266
0.986111
0.982818
0.980999
0.985123
0.986649
0.979841
0.981674
0.982683
0.973362
0.974709
0.976303
0.973712
0.976495
0.99329
0.994441
0.992909
0.998603
0.993874
0.986204
0.994787
0.988465
0.980028
0.982065
0.969119
0.97763
0.991304
0.986588
0.990264
0.994558
0.990027
0.989068
0.998065
0.991078
0.983393
0.997856
1.00091
1.00371
1.0029
0.99853
0.997744
1.00634
1.00359
1.01246
1.0146
1.01933
1.01913
1.01423
1.00958
1.01475
1.02115
1.02436
1.02869
1.0242
1.02759
1.02715
1.02246
1.02173
1.02643
1.0355
1.04131
1.03873
1.0331
1.03028
1.03248
1.02749
1.01992
1.0215
1.02855
1.02846
1.02145
1.02134
1.02296
1.01244
1.01945
1.02205
1.01933
1.01821
1.01211
1.01909
1.01528
1.01107
1.00834
1.00574
1.0059
1.00734
1.00664
1.00691
1.01136
1.00973
1.01477
1.00742
1.00683
1.00472
0.998591
0.995021
0.997492
0.998657
0.992846
0.992381
0.991267
0.993487
0.991453
0.992839
0.986301
0.992035
0.98811
0.99252
0.989098
0.983898
0.985779
0.985504
0.98816
0.991991
0.996068
0.997545
0.999446
1.00542
1.0017
0.988032
0.993116
0.997132
0.998243
1.0001
0.991458
0.992648
0.997722
0.991729
0.995323
0.996089
0.99564
0.996057
0.992333
0.992531
0.98933
1.00203
0.991816
1.00178
0.997363
1.00197
0.995669
0.985921
0.990682
0.992694
0.984461
0.982247
0.984478
0.984304
0.986945
0.989333
0.988357
0.987362
0.986565
0.993265
0.988957
0.988367
0.979613
0.97457
0.971158
0.973148
0.973736
0.973718
0.976061
0.979301
0.978749
0.977816
0.971011
0.959987
0.970926
0.977832
0.985644
0.986992
0.983699
0.985061
0.975491
0.977269
0.983838
0.980555
0.972187
0.971958
0.97368
0.971151
0.974745
0.972853
0.986192
0.986234
0.989715
0.985952
0.985351
0.990227
0.98527
0.984598
0.985952
0.988183
0.9895
0.99134
0.995588
0.998897
1.00248
1.0056
1.00655
1.00611
1.00659
1.0051
1.01329
1.00497
1.01178
1.01724
1.01195
1.00441
1.00144
1.00918
1.01289
1.0169
1.01251
1.01489
1.01207
1.01102
1.01
1.0072
1.00278
1.009
1.01191
1.01417
1.00614
1.0109
1.01703
1.01136
1.01329
1.00633
1.01027
1.00693
1.00847
1.00585
0.996152
0.98985
0.984782
0.980037
0.985369
0.990166
0.991222
0.992535
0.990246
0.992938
0.98574
0.991439
0.987029
0.986026
0.979066
0.978236
0.977894
0.978076
0.974519
0.977077
0.98041
0.985807
0.977396
0.983628
0.990296
0.981911
0.972387
0.981947
0.981041
0.989634
0.984465
0.972501
0.982233
0.994672
0.989563
0.990543
0.987847
0.986365
0.988549
0.989432
0.986027
0.986934
0.983554
0.978016
0.975682
0.968619
0.966714
0.9707
0.963793
0.956673
0.965987
0.966417
0.968527
0.962567
0.967276
0.970234
0.981689
0.976914
0.977707
0.980004
0.986574
0.987427
0.981919
0.96924
0.981575
0.980821
0.982313
0.976397
0.973424
0.969008
0.971442
0.980059
0.977671
0.979082
0.980219
0.976004
0.981176
0.979656
0.982419
0.987249
0.983276
0.992305
0.993213
0.983875
0.977333
0.987992
0.985869
0.982754
0.983746
0.990395
0.980717
0.993893
0.988142
0.984093
0.97657
0.979849
0.975923
0.981213
0.992518
0.979331
0.984719
0.97972
0.982849
0.9909
0.992902
0.99757
0.993694
1.0024
1.00352
1.00687
1.00708
1.00411
0.999228
1.00073
1.0034
0.997433
1.00471
0.998488
1.00306
1.00229
0.993841
0.99081
0.992715
0.989621
0.986384
0.980834
0.991563
0.988953
0.99262
0.994945
0.986829
0.993343
0.994148
0.995238
1.00421
1.00564
0.99623
0.992505
0.991214
0.99722
1.01024
1.01606
1.00628
1.0091
1.0119
1.00488
1.00956
0.997365
1.01706
1.00558
1.00813
1.00146
0.994662
1.00311
1.00689
1.01937
1.01892
1.02331
1.01802
1.01312
0.998925
1.00037
1.00772
1.00336
1.00729
1.01626
1.01439
1.01887
1.02118
1.02202
1.01464
1.01411
1.02804
1.02804
1.03133
1.02694
1.02732
1.02917
1.02959
1.02868
1.01642
1.01319
1.01093
1.01613
1.01748
1.01173
1.00896
1.00439
1.01175
0.99933
0.992876
0.996008
0.992757
0.992362
0.99865
0.995743
1.00078
1.00128
1.00064
0.998043
0.997147
1.00173
0.990019
1.00151
0.998321
0.996344
0.992501
0.987901
0.995279
1.00767
1.0065
1.00213
1.00417
1.00823
1.01151
1.00223
1.00954
1.01484
1.01081
1.01505
1.01081
1.01088
1.00661
1.0027
1.0063
1.00292
1.00105
0.997998
0.993971
0.994158
0.998668
0.999405
0.995852
0.993046
0.996536
1.00339
1.0009
1.00034
0.995677
0.995237
1.0001
0.987583
0.988602
0.98394
0.992337
0.987924
0.995816
0.993198
0.985235
0.989224
0.979436
0.982804
0.984995
0.982108
0.977067
0.977242
0.971929
0.978237
0.977093
0.979419
0.976578
0.971392
0.974247
0.978753
0.985037
0.978532
0.990454
0.983449
0.993377
0.983312
0.9828
0.984813
0.984095
0.979689
0.983566
0.984995
0.982334
0.980653
0.98362
0.994794
0.995436
0.995413
0.999045
0.996765
1.00143
0.998452
0.994152
0.989169
0.990031
0.988987
0.992388
0.992899
0.991251
0.986281
0.97739
0.977668
0.982056
0.987774
0.984516
0.980336
0.975787
0.969068
0.976532
0.978184
0.975332
0.972182
0.977042
0.973853
0.97954
0.987751
0.992853
0.991426
0.995534
0.990045
0.991946
0.983507
0.988092
0.984669
0.987813
0.98194
0.989224
0.995915
0.991872
0.995528
0.988758
0.987451
0.985408
0.982489
0.97492
0.9827
0.995134
0.99293
0.983492
0.980806
0.986273
0.986151
0.997182
0.991936
0.986937
0.996778
0.997993
0.996253
0.984724
0.986336
0.990891
0.993816
0.995701
1.00119
0.993829
0.991637
0.99161
0.989208
0.99142
0.993536
0.989967
0.988601
0.996532
0.996743
0.982997
0.978073
0.977949
0.977102
0.980175
0.981603
0.987109
0.991992
0.99376
0.988779
0.998565
0.987379
1.00055
0.995908
0.994652
0.991447
0.994395
0.998756
0.991654
1.00085
0.996381
0.996172
0.988481
0.989479
1.00014
0.992794
0.987648
0.996055
0.998495
1.00192
1.00409
1.00252
1.00603
1.00434
1.00109
1.00518
0.996861
0.995396
0.989451
0.992832
0.984762
0.990523
0.993671
0.984327
0.985321
0.983616
0.992013
0.992623
0.99622
0.997654
0.998987
0.994821
1.00629
0.998704
0.992891
0.996899
0.993579
0.993491
0.984303
0.986416
0.98946
0.991016
1.00216
0.997026
0.986339
0.990535
0.988285
0.983319
0.992734
0.992422
0.988847
0.988815
0.990437
0.986979
0.993852
0.993447
0.996088
0.990467
0.992079
0.995263
1.00174
1.00796
0.995581
1.00365
0.992427
0.991604
0.989209
0.991199
0.988875
0.99916
0.994172
0.997667
0.993168
0.985451
0.988815
0.980762
0.979509
0.992593
0.993302
0.988357
0.99308
0.996264
0.99719
1.00025
0.992318
0.993735
0.986135
0.991222
0.994449
0.991058
0.997997
1.00462
1.0066
1.00028
1.0021
0.993065
0.9939
0.99561
0.999234
0.999965
0.999324
0.99191
0.989417
0.997646
0.996356
0.993597
0.993338
0.993683
0.98483
0.995838
0.996809
1.00554
1.00479
0.998479
1.00366
0.999578
0.990186
0.985644
0.985286
0.992596
0.990235
0.992334
0.991188
0.982387
0.984758
0.988206
0.989631
0.989007
0.985437
0.988452
0.991487
0.990036
0.989793
0.985891
0.998789
0.990332
0.986138
0.981098
0.982046
0.980036
0.977833
0.976525
0.978047
0.983209
0.975357
0.985281
0.977396
0.972588
0.974472
0.985394
0.984416
0.984854
0.989774
0.985867
0.982325
0.97601
0.970214
0.982561
0.981821
0.980383
0.977707
0.976801
0.986685
0.991061
0.99834
0.986489
0.990198
0.983104
0.983975
0.980878
0.986373
0.983715
0.983267
0.978588
0.984214
0.982518
0.980149
0.976536
0.978468
0.980264
0.980343
0.983283
0.976438
0.980131
0.9752
0.980415
0.979187
0.983644
0.98184
0.986662
0.986211
0.983597
0.986088
0.981265
0.979752
0.986738
0.982539
0.981338
0.981393
0.982919
0.980289
0.980536
0.984374
0.98217
0.978855
0.984999
0.980423
0.984039
0.990301
0.982072
0.98558
0.996842
0.995325
0.991462
1.00221
1.00218
0.999796
1.00574
1.00728
1.00646
1.01249
1.01317
1.01039
1.00617
1.0077
1.00572
0.993312
0.997754
1.00071
0.996904
0.993273
0.989934
0.989562
0.990015
0.998591
1.00675
1.00983
1.00277
1.00941
1.0157
1.01202
1.00396
1.00548
0.998574
0.989281
0.992671
0.995834
0.992801
0.995913
0.993494
0.990219
0.996096
0.988947
0.992255
0.988133
0.985879
0.989809
0.98815
0.989162
0.996333
0.990517
0.99346
0.989392
0.98993
0.992091
0.989405
0.996254
0.989227
0.986381
0.999492
0.996096
0.992559
0.995341
0.999001
0.995051
0.992474
0.994626
0.998893
1.00751
0.999034
1.01278
1.00702
1.00738
0.99734
0.990411
0.990356
0.994967
0.998782
0.995281
1.00113
1.00481
1.00678
0.994395
1.0066
1.00099
0.998335
1.00038
0.997505
0.999169
0.991172
0.99579
1.00087
0.999416
1.00352
0.998333
1.00434
1.00829
1.00396
1.00059
1.00075
1.00232
0.996565
0.991746
0.987799
0.989188
0.997001
1.00174
0.997293
0.996225
0.995906
0.995998
0.994673
0.992538
0.976578
0.979948
0.984451
0.982194
0.98089
0.972918
0.976184
0.97133
0.976459
0.979416
0.980324
0.982314
0.982632
0.984053
0.978524
0.971237
0.973436
0.973469
0.977349
0.977496
0.977177
0.971005
0.974056
0.96567
0.961071
0.970731
0.97164
0.967551
0.970878
0.972475
0.971322
0.972283
0.974962
0.968648
0.966108
0.967601
0.971306
0.96833
0.973551
0.981274
0.974091
0.976239
0.97454
0.977359
0.981287
0.983256
0.994243
0.993848
1.00192
1.00158
1.00084
1.00609
0.988614
0.988112
0.986898
0.987494
0.98939
0.991105
0.988631
0.99408
0.992553
0.995972
0.992686
0.991945
0.990343
0.979914
0.989755
0.986806
0.985079
0.99085
0.990893
0.989847
0.983529
0.985888
0.989318
0.990932
0.987406
0.998768
0.999212
0.998527
0.987608
0.982868
0.991684
0.993288
0.994768
1.00208
0.989261
0.977298
0.988568
0.989479
0.975328
0.979184
0.979929
0.9815
0.981489
0.985323
0.991133
0.995881
0.994062
0.985711
0.989016
0.990521
0.990707
0.992005
1.00064
0.997024
0.995815
0.993584
0.985199
0.989522
0.986865
0.991934
0.98632
1.0017
0.991812
0.999102
1.00366
0.993853
0.995014
0.992716
0.992966
1.00304
0.991491
0.994277
0.997119
0.991572
0.988502
0.991034
0.97478
0.974108
0.982434
0.990947
0.978396
0.977127
0.977054
0.981397
0.977331
0.973057
0.966418
0.970685
0.974394
0.981484
0.979718
0.981028
0.980571
0.985711
0.983706
0.980008
0.984376
0.983982
0.9888
0.990336
0.991214
0.988885
0.990868
0.992234
0.993049
1.0003
0.992882
0.993513
0.994028
0.995256
0.998707
0.996878
1.00158
1.00236
0.989895
0.99693
0.991853
0.995829
0.99425
0.991562
0.992155
0.99034
0.991908
0.99816
