0.000  1.39130 
1.000  1.34402 
2.000  1.34170 
3.000  1.33842 
4.000  1.34038 
5.000  1.34177 
6.000  1.34011 
7.000  1.33941 
8.000  1.33776 
9.000  1.33870 
10.000  1.33970 
11.000  1.33906 
12.000  1.33889 
13.000  1.33648 
14.000  1.33702 
15.000  1.33921 
16.000  1.33923 
17.000  1.33823 
18.000  1.33713 
19.000  1.33520 
20.000  1.33665 
21.000  1.33751 
22.000  1.33595 
23.000  1.33585 
24.000  1.33640 
25.000  1.33433 
26.000  1.33521 
27.000  1.33373 
28.000  1.33428 
29.000  1.33738 
30.000  1.33472 
31.000  1.33299 
32.000  1.33320 
33.000  1.33527 
34.000  1.33429 
35.000  1.33346 
36.000  1.33271 
37.000  1.33216 
38.000  1.33186 
39.000  1.33071 
40.000  1.33209 
41.000  1.33005 
42.000  1.33109 
43.000  1.33006 
44.000  1.32949 
45.000  1.33024 
46.000  1.32926 
47.000  1.32746 
48.000  1.33222 
49.000  1.33054 
50.000  1.32891 
51.000  1.32925 
52.000  1.32960 
53.000  1.32783 
54.000  1.32931 
55.000  1.32930 
56.000  1.32932 
57.000  1.32799 
58.000  1.32956 
59.000  1.32742 
60.000  1.33017 
61.000  1.32683 
62.000  1.32721 
63.000  1.32338 
64.000  1.32689 
65.000  1.32587 
66.000  1.32428 
67.000  1.32700 
68.000  1.32487 
69.000  1.32550 
70.000  1.32401 
71.000  1.32401 
72.000  1.32536 
73.000  1.32457 
74.000  1.32533 
75.000  1.32220 
76.000  1.32257 
77.000  1.32403 
78.000  1.32171 
79.000  1.32551 
80.000  1.32309 
81.000  1.32171 
82.000  1.31880 
83.000  1.32131 
84.000  1.31940 
85.000  1.31728 
86.000  1.31887 
87.000  1.31752 
88.000  1.31874 
89.000  1.31943 
90.000  1.31572 
91.000  1.31765 
92.000  1.31889 
93.000  1.31859 
94.000  1.31635 
95.000  1.31822 
96.000  1.31342 
97.000  1.31261 
98.000  1.31170 
99.000  1.31227 
100.000  1.30887 
101.000  1.30850 
102.000  1.30743 
103.000  1.30822 
104.000  1.30760 
105.000  1.30343 
106.000  1.30615 
107.000  1.30742 
108.000  1.30759 
109.000  1.30365 
110.000  1.30708 
111.000  1.30005 
112.000  1.30428 
113.000  1.30393 
114.000  1.30175 
115.000  1.30309 
116.000  1.30142 
117.000  1.30027 
118.000  1.30081 
119.000  1.30093 
120.000  1.30039 
121.000  1.29744 
122.000  1.29610 
123.000  1.29742 
124.000  1.29611 
125.000  1.29571 
126.000  1.29772 
127.000  1.29674 
128.000  1.29394 
129.000  1.29308 
130.000  1.29233 
131.000  1.29107 
132.000  1.28941 
133.000  1.29244 
134.000  1.29253 
135.000  1.29343 
136.000  1.29129 
137.000  1.29066 
138.000  1.28905 
139.000  1.29024 
140.000  1.28892 
141.000  1.28682 
142.000  1.29088 
143.000  1.28885 
144.000  1.28992 
145.000  1.28486 
146.000  1.28460 
147.000  1.28424 
148.000  1.28415 
149.000  1.28366 
150.000  1.28372 
151.000  1.28345 
152.000  1.28214 
153.000  1.28106 
154.000  1.27992 
155.000  1.27983 
156.000  1.28008 
157.000  1.28089 
158.000  1.27877 
159.000  1.27952 
160.000  1.28018 
161.000  1.27903 
162.000  1.28103 
163.000  1.27908 
164.000  1.27873 
165.000  1.28100 
166.000  1.28056 
167.000  1.27998 
168.000  1.27846 
169.000  1.28092 
170.000  1.27632 
171.000  1.27597 
172.000  1.27944 
173.000  1.27746 
174.000  1.27875 
175.000  1.27753 
176.000  1.27403 
177.000  1.27421 
178.000  1.27564 
179.000  1.27306 
180.000  1.27540 
181.000  1.27256 
182.000  1.27189 
183.000  1.27103 
184.000  1.27121 
185.000  1.26811 
186.000  1.26810 
187.000  1.26983 
188.000  1.26657 
189.000  1.26358 
190.000  1.26449 
191.000  1.26012 
192.000  1.26355 
193.000  1.26007 
194.000  1.26069 
195.000  1.26018 
196.000  1.25833 
197.000  1.25815 
198.000  1.25513 
199.000  1.25247 
200.000  1.25629 
201.000  1.25483 
202.000  1.25318 
203.000  1.25146 
204.000  1.25012 
205.000  1.24909 
206.000  1.25075 
207.000  1.25185 
208.000  1.25227 
209.000  1.24949 
210.000  1.24900 
211.000  1.24762 
212.000  1.24981 
213.000  1.24874 
214.000  1.24840 
215.000  1.24874 
216.000  1.24792 
217.000  1.24641 
218.000  1.24685 
219.000  1.24432 
220.000  1.24684 
221.000  1.24652 
222.000  1.24788 
223.000  1.24694 
224.000  1.24984 
225.000  1.24762 
226.000  1.24438 
227.000  1.24492 
228.000  1.24345 
229.000  1.24351 
230.000  1.24437 
231.000  1.24153 
232.000  1.23907 
233.000  1.24304 
234.000  1.23891 
235.000  1.24052 
236.000  1.23917 
237.000  1.24032 
238.000  1.23702 
239.000  1.23703 
240.000  1.24079 
241.000  1.23733 
242.000  1.23730 
243.000  1.23651 
244.000  1.24056 
245.000  1.24024 
246.000  1.24079 
247.000  1.24037 
248.000  1.23709 
249.000  1.23873 
250.000  1.23806 
251.000  1.23729 
252.000  1.23544 
253.000  1.23325 
254.000  1.23166 
255.000  1.23168 
256.000  1.23345 
257.000  1.23527 
258.000  1.23262 
259.000  1.23045 
260.000  1.23105 
261.000  1.22957 
262.000  1.22768 
263.000  1.22602 
264.000  1.22829 
265.000  1.22832 
266.000  1.22756 
267.000  1.22597 
268.000  1.22134 
269.000  1.22226 
270.000  1.22509 
271.000  1.22328 
272.000  1.22236 
273.000  1.22597 
274.000  1.22274 
275.000  1.22080 
276.000  1.22190 
277.000  1.22105 
278.000  1.22145 
279.000  1.22193 
280.000  1.22083 
281.000  1.22353 
282.000  1.22111 
283.000  1.21950 
284.000  1.22162 
285.000  1.21804 
286.000  1.21622 
287.000  1.21907 
288.000  1.21596 
289.000  1.21364 
290.000  1.21651 
291.000  1.21240 
292.000  1.21383 
293.000  1.21385 
294.000  1.21406 
295.000  1.21309 
296.000  1.21216 
297.000  1.21233 
298.000  1.21255 
299.000  1.21040 
300.000  1.21200 
301.000  1.20824 
302.000  1.20635 
303.000  1.20852 
304.000  1.20945 
305.000  1.20671 
306.000  1.20839 
307.000  1.20279 
308.000  1.20546 
309.000  1.20835 
310.000  1.20774 
311.000  1.20597 
312.000  1.20789 
313.000  1.20495 
314.000  1.20124 
315.000  1.20373 
316.000  1.20242 
317.000  1.19792 
318.000  1.20093 
319.000  1.19972 
320.000  1.19558 
321.000  1.19738 
322.000  1.19535 
323.000  1.19571 
324.000  1.19712 
325.000  1.19246 
326.000  1.19211 
327.000  1.19267 
328.000  1.19388 
329.000  1.19490 
330.000  1.19441 
331.000  1.19478 
332.000  1.19420 
333.000  1.19557 
334.000  1.19818 
335.000  1.19609 
336.000  1.19570 
337.000  1.19291 
338.000  1.19621 
339.000  1.19439 
340.000  1.19308 
341.000  1.19186 
342.000  1.19186 
343.000  1.19097 
344.000  1.18664 
345.000  1.19071 
346.000  1.18844 
347.000  1.18394 
348.000  1.18570 
349.000  1.18337 
350.000  1.18091 
351.000  1.18324 
352.000  1.18489 
353.000  1.18096 
354.000  1.17940 
355.000  1.17680 
356.000  1.18154 
357.000  1.17877 
358.000  1.17791 
359.000  1.18024 
360.000  1.17943 
361.000  1.17639 
362.000  1.17590 
363.000  1.17582 
364.000  1.17240 
365.000  1.17301 
366.000  1.16928 
367.000  1.17360 
368.000  1.17158 
369.000  1.17173 
370.000  1.16988 
371.000  1.17081 
372.000  1.17060 
373.000  1.17060 
373.000  1.17060 
374.000  1.16964 
375.000  1.17025 
376.000  1.17049 
377.000  1.16868 
378.000  1.17117 
379.000  1.17113 
380.000  1.17307 
381.000  1.17399 
382.000  1.17169 
383.000  1.17070 
384.000  1.17246 
385.000  1.17248 
386.000  1.17026 
387.000  1.16632 
388.000  1.16525 
389.000  1.16942 
390.000  1.16752 
391.000  1.16797 
392.000  1.16666 
393.000  1.16728 
394.000  1.16724 
395.000  1.16803 
396.000  1.17019 
397.000  1.16878 
398.000  1.16826 
399.000  1.16680 
400.000  1.16631 
401.000  1.16681 
402.000  1.16725 
403.000  1.16448 
404.000  1.16216 
405.000  1.16632 
406.000  1.16547 
407.000  1.16311 
408.000  1.16194 
409.000  1.16350 
410.000  1.16344 
411.000  1.16394 
412.000  1.16235 
413.000  1.16238 
414.000  1.16305 
415.000  1.16145 
416.000  1.16137 
417.000  1.16091 
418.000  1.15871 
419.000  1.16005 
420.000  1.15754 
421.000  1.15835 
422.000  1.15759 
423.000  1.15440 
424.000  1.15166 
425.000  1.15001 
426.000  1.14936 
427.000  1.15060 
428.000  1.14815 
429.000  1.15014 
430.000  1.14826 
431.000  1.14879 
432.000  1.15050 
433.000  1.14741 
434.000  1.14600 
435.000  1.14497 
436.000  1.14581 
437.000  1.14683 
438.000  1.14490 
439.000  1.14683 
440.000  1.14718 
441.000  1.14488 
442.000  1.14054 
443.000  1.13910 
444.000  1.14111 
445.000  1.13528 
446.000  1.14000 
447.000  1.13802 
448.000  1.13597 
449.000  1.13217 
450.000  1.13629 
451.000  1.13223 
452.000  1.13524 
453.000  1.13343 
454.000  1.13630 
455.000  1.13250 
456.000  1.13419 
457.000  1.13285 
458.000  1.13388 
459.000  1.13233 
460.000  1.13199 
461.000  1.13475 
462.000  1.13618 
463.000  1.13510 
464.000  1.13645 
465.000  1.13510 
466.000  1.13707 
467.000  1.13726 
468.000  1.13867 
469.000  1.13403 
470.000  1.13423 
471.000  1.13507 
472.000  1.13254 
473.000  1.13103 
474.000  1.12919 
475.000  1.13021 
476.000  1.12879 
477.000  1.12849 
478.000  1.12973 
479.000  1.12479 
480.000  1.12854 
481.000  1.12848 
482.000  1.12074 
483.000  1.11874 
484.000  1.11537 
485.000  1.11845 
486.000  1.11517 
487.000  1.11541 
488.000  1.11708 
489.000  1.11830 
490.000  1.11959 
491.000  1.11631 
492.000  1.11627 
493.000  1.11893 
494.000  1.11751 
495.000  1.11709 
496.000  1.11720 
497.000  1.11809 
498.000  1.11860 
499.000  1.12080 
500.000  1.12163 
501.000  1.12063 
502.000  1.12047 
503.000  1.11829 
504.000  1.12019 
505.000  1.11678 
506.000  1.11501 
507.000  1.11684 
508.000  1.11668 
509.000  1.11517 
510.000  1.11397 
511.000  1.11209 
512.000  1.11420 
513.000  1.11550 
514.000  1.11468 
515.000  1.11932 
516.000  1.11266 
517.000  1.11390 
518.000  1.11175 
519.000  1.11044 
520.000  1.11086 
521.000  1.10569 
522.000  1.10705 
523.000  1.10306 
524.000  1.10209 
525.000  1.10214 
526.000  1.10099 
527.000  1.10118 
528.000  1.09487 
529.000  1.09558 
530.000  1.09518 
531.000  1.09282 
532.000  1.09582 
533.000  1.09995 
534.000  1.09749 
535.000  1.09489 
536.000  1.09671 
537.000  1.09699 
538.000  1.09534 
539.000  1.09989 
540.000  1.09778 
541.000  1.09620 
542.000  1.09677 
543.000  1.09428 
544.000  1.09835 
545.000  1.09656 
546.000  1.09699 
547.000  1.09926 
548.000  1.09764 
549.000  1.09381 
550.000  1.09506 
551.000  1.09568 
552.000  1.09388 
553.000  1.09227 
554.000  1.09185 
555.000  1.09201 
556.000  1.09085 
557.000  1.09399 
558.000  1.09447 
559.000  1.09561 
560.000  1.09221 
561.000  1.09399 
562.000  1.09181 
563.000  1.08822 
564.000  1.09076 
565.000  1.08842 
566.000  1.08733 
567.000  1.08934 
568.000  1.08699 
569.000  1.08790 
570.000  1.08628 
571.000  1.08855 
572.000  1.08534 
573.000  1.08517 
574.000  1.08355 
575.000  1.08364 
576.000  1.08252 
577.000  1.08199 
578.000  1.08019 
579.000  1.08076 
580.000  1.08247 
581.000  1.08421 
582.000  1.08482 
583.000  1.08239 
584.000  1.08295 
585.000  1.08454 
586.000  1.08559 
587.000  1.08430 
588.000  1.08353 
589.000  1.08298 
590.000  1.08092 
591.000  1.07860 
592.000  1.07765 
593.000  1.08279 
594.000  1.08045 
595.000  1.08487 
596.000  1.08478 
597.000  1.08564 
598.000  1.08250 
599.000  1.07868 
600.000  1.08231 
601.000  1.07900 
602.000  1.08049 
603.000  1.07750 
604.000  1.07394 
605.000  1.07416 
606.000  1.07640 
607.000  1.07576 
608.000  1.07602 
609.000  1.07383 
610.000  1.07193 
611.000  1.07152 
612.000  1.06947 
613.000  1.07048 
614.000  1.07429 
615.000  1.07377 
616.000  1.06949 
617.000  1.07396 
618.000  1.07110 
619.000  1.06734 
620.000  1.06827 
621.000  1.06589 
622.000  1.06552 
623.000  1.06509 
624.000  1.06491 
625.000  1.06399 
626.000  1.06444 
627.000  1.06034 
628.000  1.06382 
629.000  1.06347 
630.000  1.06837 
631.000  1.06645 
632.000  1.06329 
633.000  1.06492 
634.000  1.06626 
635.000  1.06566 
636.000  1.06578 
637.000  1.06333 
638.000  1.06453 
639.000  1.06297 
640.000  1.06212 
641.000  1.06229 
642.000  1.05955 
643.000  1.05800 
644.000  1.05745 
645.000  1.05805 
646.000  1.06283 
647.000  1.05727 
648.000  1.05680 
649.000  1.05798 
650.000  1.05660 
651.000  1.05680 
652.000  1.05529 
653.000  1.05561 
654.000  1.05819 
655.000  1.05747 
656.000  1.05880 
657.000  1.05683 
658.000  1.05545 
659.000  1.05575 
660.000  1.05433 
661.000  1.05615 
662.000  1.05563 
663.000  1.05581 
664.000  1.05550 
665.000  1.05372 
666.000  1.05435 
667.000  1.05606 
668.000  1.05335 
669.000  1.05467 
670.000  1.05506 
671.000  1.05484 
672.000  1.05496 
673.000  1.05345 
674.000  1.05356 
675.000  1.05212 
676.000  1.05010 
677.000  1.05474 
678.000  1.05436 
679.000  1.05660 
680.000  1.05646 
681.000  1.05302 
682.000  1.05599 
683.000  1.05393 
684.000  1.05104 
685.000  1.05045 
686.000  1.04535 
687.000  1.04818 
688.000  1.05144 
689.000  1.04979 
690.000  1.05114 
691.000  1.05230 
692.000  1.05144 
693.000  1.04873 
694.000  1.04896 
695.000  1.04554 
696.000  1.04547 
697.000  1.04365 
698.000  1.04331 
699.000  1.04477 
700.000  1.04558 
701.000  1.04407 
702.000  1.04146 
703.000  1.04368 
704.000  1.04544 
705.000  1.04683 
706.000  1.04479 
707.000  1.04682 
708.000  1.04353 
709.000  1.04296 
710.000  1.04171 
711.000  1.04484 
712.000  1.04379 
713.000  1.04293 
714.000  1.04367 
715.000  1.04351 
716.000  1.04181 
717.000  1.04025 
718.000  1.03781 
719.000  1.03781 
720.000  1.03742 
721.000  1.03756 
722.000  1.03633 
723.000  1.03786 
724.000  1.04150 
725.000  1.04261 
726.000  1.03768 
727.000  1.03987 
728.000  1.03818 
729.000  1.03893 
730.000  1.03804 
731.000  1.03952 
732.000  1.04030 
733.000  1.04037 
734.000  1.04350 
735.000  1.04031 
736.000  1.04084 
737.000  1.04144 
738.000  1.03962 
739.000  1.04172 
740.000  1.04296 
741.000  1.03937 
742.000  1.03956 
743.000  1.03976 
744.000  1.03552 
745.000  1.03587 
746.000  1.03867 
747.000  1.03972 
748.000  1.03802 
749.000  1.03696 
750.000  1.03825 
751.000  1.03582 
752.000  1.03662 
753.000  1.04016 
754.000  1.04127 
755.000  1.04237 
756.000  1.03616 
757.000  1.03940 
758.000  1.04157 
759.000  1.03829 
760.000  1.03702 
761.000  1.03879 
762.000  1.03667 
763.000  1.03230 
764.000  1.03552 
765.000  1.03481 
766.000  1.03733 
767.000  1.03612 
768.000  1.03721 
769.000  1.03589 
770.000  1.03793 
771.000  1.03241 
772.000  1.03156 
773.000  1.03471 
774.000  1.03159 
775.000  1.03005 
776.000  1.03300 
777.000  1.03031 
778.000  1.03152 
779.000  1.02781 
780.000  1.03099 
781.000  1.03271 
782.000  1.03413 
783.000  1.03406 
784.000  1.03422 
785.000  1.03562 
786.000  1.03282 
787.000  1.03342 
788.000  1.03662 
789.000  1.03584 
790.000  1.03708 
791.000  1.03801 
792.000  1.03795 
793.000  1.03824 
794.000  1.03834 
795.000  1.03326 
796.000  1.03858 
797.000  1.03848 
798.000  1.04145 
799.000  1.03752 
800.000  1.03553 
801.000  1.03581 
802.000  1.03298 
803.000  1.03977 
804.000  1.03453 
805.000  1.03273 
806.000  1.03639 
807.000  1.03239 
808.000  1.03377 
809.000  1.03491 
810.000  1.03194 
811.000  1.03355 
812.000  1.03515 
813.000  1.03199 
814.000  1.03259 
815.000  1.03144 
816.000  1.02726 
817.000  1.03274 
818.000  1.03240 
819.000  1.03263 
820.000  1.03499 
821.000  1.03340 
822.000  1.03591 
823.000  1.03622 
824.000  1.03399 
825.000  1.03457 
826.000  1.03523 
827.000  1.03552 
828.000  1.03843 
829.000  1.03784 
830.000  1.04001 
831.000  1.03501 
832.000  1.03383 
833.000  1.03141 
834.000  1.03580 
835.000  1.03407 
836.000  1.03165 
837.000  1.03330 
838.000  1.03040 
839.000  1.02883 
840.000  1.03243 
841.000  1.03317 
842.000  1.03505 
843.000  1.03153 
844.000  1.03092 
845.000  1.03105 
846.000  1.03088 
847.000  1.03012 
848.000  1.03045 
849.000  1.02904 
850.000  1.03017 
851.000  1.02910 
852.000  1.02693 
853.000  1.02682 
854.000  1.02604 
855.000  1.02739 
856.000  1.02970 
857.000  1.03376 
858.000  1.02751 
859.000  1.02943 
860.000  1.03110 
861.000  1.02658 
862.000  1.02557 
863.000  1.02369 
864.000  1.02894 
865.000  1.02697 
866.000  1.02401 
867.000  1.02543 
868.000  1.02573 
869.000  1.02517 
870.000  1.02325 
871.000  1.02288 
872.000  1.01999 
873.000  1.02222 
874.000  1.02021 
875.000  1.02156 
876.000  1.02463 
877.000  1.02306 
878.000  1.02446 
879.000  1.02454 
880.000  1.02252 
881.000  1.02929 
882.000  1.02752 
883.000  1.02578 
884.000  1.02726 
885.000  1.02571 
886.000  1.02545 
887.000  1.02133 
888.000  1.02681 
889.000  1.02755 
890.000  1.02935 
891.000  1.02653 
892.000  1.02719 
893.000  1.02706 
894.000  1.02997 
895.000  1.02744 
896.000  1.02490 
897.000  1.02689 
898.000  1.02526 
899.000  1.02235 
900.000  1.02182 
901.000  1.02579 
902.000  1.02185 
903.000  1.02096 
904.000  1.02577 
905.000  1.02352 
906.000  1.02452 
907.000  1.02024 
908.000  1.02090 
909.000  1.02110 
910.000  1.01981 
911.000  1.02444 
912.000  1.02367 
913.000  1.02487 
914.000  1.02700 
915.000  1.02650 
916.000  1.02662 
917.000  1.02492 
918.000  1.02828 
919.000  1.02346 
920.000  1.02567 
921.000  1.02676 
922.000  1.02568 
923.000  1.02782 
924.000  1.02817 
925.000  1.02489 
926.000  1.02469 
927.000  1.02365 
928.000  1.02517 
929.000  1.02168 
930.000  1.02539 
931.000  1.02501 
931.000  1.02501 
932.000  1.02509 
933.000  1.02475 
934.000  1.02540 
935.000  1.02708 
936.000  1.02444 
937.000  1.02653 
938.000  1.02497 
939.000  1.02745 
940.000  1.02173 
941.000  1.02319 
942.000  1.02382 
943.000  1.01934 
944.000  1.01299 
945.000  1.00816 
946.000  1.01002 
947.000  1.00923 
948.000  1.01161 
949.000  1.00705 
950.000  1.00790 
951.000  1.00735 
952.000  1.00802 
953.000  1.01060 
954.000  1.01334 
955.000  1.01703 
956.000  1.01879 
957.000  1.01741 
958.000  1.01553 
959.000  1.01706 
960.000  1.01503 
961.000  1.01515 
962.000  1.01511 
963.000  1.01727 
964.000  1.01587 
965.000  1.01259 
966.000  1.01222 
967.000  1.01181 
968.000  1.01131 
969.000  1.01137 
970.000  1.00954 
971.000  1.00956 
972.000  1.00909 
973.000  1.01199 
974.000  1.01046 
975.000  1.01208 
976.000  1.01702 
977.000  1.01490 
978.000  1.01440 
979.000  1.01732 
980.000  1.01168 
981.000  1.01760 
982.000  1.01597 
983.000  1.01832 
984.000  1.01716 
985.000  1.00977 
986.000  1.01594 
987.000  1.01172 
988.000  1.01104 
989.000  1.01123 
990.000  1.01220 
991.000  1.01029 
992.000  1.00944 
993.000  1.01314 
994.000  1.00833 
995.000  1.01133 
996.000  1.01001 
997.000  1.01184 
998.000  1.00981 
999.000  1.00697 
1000.000  1.01153 
1001.000  1.00764 
1002.000  1.00983 
1003.000  1.01029 
1004.000  1.01120 
1005.000  1.01407 
1006.000  1.01273 
1007.000  1.01179 
1008.000  1.00992 
1009.000  1.01158 
1010.000  1.00946 
1011.000  1.00767 
1012.000  1.00610 
1013.000  1.00712 
1014.000  1.00703 
1015.000  1.01060 
1016.000  1.01246 
1017.000  1.01230 
1018.000  1.01347 
1019.000  1.00859 
1020.000  1.01619 
1021.000  1.01714 
1022.000  1.01796 
1023.000  1.01548 
1024.000  1.01617 
1025.000  1.01597 
1026.000  1.01809 
1027.000  1.01335 
1028.000  1.01518 
1029.000  1.01379 
1030.000  1.01233 
1031.000  1.00848 
1032.000  1.00468 
1033.000  1.00513 
1034.000  1.00591 
1035.000  1.00567 
1036.000  1.00466 
1037.000  1.00419 
1038.000  1.00728 
1039.000  1.00740 
1040.000  1.00731 
1041.000  1.00620 
1042.000  1.00066 
1043.000  1.00522 
1044.000  1.00732 
1045.000  1.00624 
1046.000  1.00758 
1047.000  1.00934 
1048.000  1.00891 
1049.000  1.00868 
1050.000  1.00641 
1051.000  1.00354 
1052.000  1.00447 
1053.000  1.00539 
1054.000  1.00862 
1055.000  1.00738 
1056.000  1.00771 
1057.000  1.00901 
1058.000  1.01054 
1059.000  1.01502 
1060.000  1.01180 
1061.000  1.01147 
1062.000  1.01239 
1063.000  1.01022 
1064.000  1.00972 
1065.000  1.01046 
1066.000  1.00878 
1067.000  1.01038 
1068.000  1.01129 
1069.000  1.00971 
1070.000  1.00756 
1071.000  1.01060 
1072.000  1.00813 
1073.000  1.01110 
1074.000  1.00836 
1075.000  1.01214 
1076.000  1.00637 
1077.000  1.00682 
1078.000  1.00784 
1079.000  1.01026 
1080.000  1.00873 
1081.000  1.00655 
1082.000  1.00389 
1083.000  1.00853 
1084.000  1.00434 
1085.000  1.00283 
1086.000  1.00218 
1087.000  1.00454 
1088.000  1.00089 
1089.000  1.00269 
1090.000  1.00580 
1091.000  1.00130 
1092.000  1.00275 
1093.000  1.00658 
1094.000  1.00279 
1095.000  1.00478 
1096.000  0.99941 
1097.000  1.00035 
1098.000  0.99942 
1099.000  1.00558 
1100.000  1.00416 
1101.000  1.00363 
1102.000  1.00525 
1103.000  1.00655 
1104.000  1.00722 
1105.000  1.00586 
1106.000  1.00569 
1107.000  1.00478 
1108.000  1.00474 
1109.000  1.00772 
1110.000  1.00567 
1111.000  1.00502 
1112.000  1.00328 
1113.000  1.00460 
1114.000  1.00642 
1115.000  1.00879 
1116.000  1.00545 
1117.000  1.00282 
1118.000  1.00713 
1119.000  1.00535 
1120.000  1.00508 
1121.000  1.00332 
1122.000  1.00388 
1123.000  1.00651 
1124.000  1.00647 
1125.000  1.01128 
1126.000  1.01036 
1127.000  1.00497 
1128.000  1.00492 
1129.000  1.00863 
1130.000  1.00452 
1131.000  1.00283 
1132.000  1.00607 
1133.000  1.00500 
1134.000  1.00174 
1135.000  1.00850 
1136.000  1.00650 
1137.000  1.00797 
1138.000  1.01262 
1139.000  1.01663 
1140.000  1.01485 
1141.000  1.01344 
1142.000  1.01279 
1143.000  1.01372 
1144.000  1.01325 
1145.000  1.01246 
1146.000  1.01580 
1147.000  1.01686 
1148.000  1.01707 
1149.000  1.01616 
1150.000  1.01527 
1151.000  1.01606 
1152.000  1.01699 
1153.000  1.01209 
1154.000  1.01160 
1155.000  1.01707 
1156.000  1.01545 
1157.000  1.01170 
1158.000  1.00708 
1159.000  1.00631 
1160.000  1.00208 
1161.000  1.00846 
1162.000  1.00406 
1163.000  1.00352 
1164.000  1.00106 
1165.000  0.99809 
1166.000  1.00095 
1167.000  0.99933 
1168.000  1.00593 
1169.000  1.00648 
1170.000  1.01045 
1171.000  1.01238 
1172.000  1.00955 
1173.000  1.01133 
1174.000  1.01322 
1175.000  1.00966 
1176.000  1.00985 
1177.000  1.01208 
1178.000  1.01284 
1179.000  1.00797 
1180.000  1.00781 
1181.000  1.01168 
1182.000  1.01451 
1183.000  1.01252 
1184.000  1.01160 
1185.000  1.00620 
1186.000  1.00753 
1187.000  1.00361 
1188.000  1.01148 
1189.000  1.00619 
1190.000  1.00777 
1191.000  1.00974 
1192.000  1.00879 
1193.000  1.00551 
1194.000  1.00635 
1195.000  1.00772 
1196.000  1.00731 
1197.000  1.01057 
1198.000  1.01033 
1199.000  1.01041 
1200.000  1.01407 
1201.000  1.01130 
1202.000  1.01046 
1203.000  1.01375 
1204.000  1.01770 
1205.000  1.01532 
1206.000  1.01328 
1207.000  1.01046 
1208.000  1.00962 
1209.000  1.00778 
1210.000  1.01379 
1211.000  1.01236 
1212.000  1.01251 
1213.000  1.01397 
1214.000  1.01078 
1215.000  1.00897 
1216.000  1.00579 
1217.000  1.00591 
1218.000  1.00889 
1219.000  1.00750 
1220.000  1.00609 
1221.000  1.00587 
1222.000  1.00609 
1223.000  1.00910 
1224.000  1.01235 
1225.000  1.00961 
1226.000  1.00802 
1227.000  1.00643 
1228.000  1.01322 
1229.000  1.01246 
1230.000  1.01421 
1231.000  1.01181 
1232.000  1.00925 
1233.000  1.01186 
1234.000  1.00856 
1235.000  1.01378 
1236.000  1.01169 
1237.000  1.01099 
1238.000  1.00637 
1239.000  1.00935 
1240.000  1.01050 
1241.000  1.01095 
1242.000  1.01173 
1243.000  1.01534 
1244.000  1.01285 
1245.000  1.00940 
1246.000  1.01102 
1247.000  1.01245 
1248.000  1.01351 
1249.000  1.00708 
1250.000  1.01512 
1251.000  1.00985 
1252.000  1.00986 
1253.000  1.00730 
1254.000  1.00608 
1255.000  1.00592 
1256.000  1.00491 
1257.000  1.00552 
1258.000  1.00318 
1259.000  1.00347 
1260.000  1.00955 
1261.000  1.00476 
1262.000  1.00249 
1263.000  1.00474 
1264.000  1.00575 
1265.000  1.00336 
1266.000  1.00423 
1267.000  1.00631 
1268.000  1.00312 
1269.000  1.00578 
1270.000  1.00742 
1271.000  1.00767 
1272.000  1.00759 
1273.000  1.00648 
1274.000  1.00911 
1275.000  1.00314 
1276.000  1.00017 
1277.000  1.00180 
1278.000  1.00216 
1279.000  1.00300 
1280.000  1.00283 
1281.000  1.00484 
1282.000  1.00279 
1283.000  1.00601 
1284.000  1.00516 
1285.000  1.00657 
1286.000  1.00676 
1287.000  1.00480 
1288.000  1.00375 
1289.000  1.00398 
1290.000  1.00942 
1291.000  1.00641 
1292.000  1.00382 
1293.000  1.00106 
1294.000  0.99816 
1295.000  1.00168 
1296.000  1.00531 
1297.000  1.00209 
1298.000  1.00305 
1299.000  1.00202 
1300.000  1.00360 
1301.000  1.00660 
1302.000  0.99972 
1303.000  1.00150 
1304.000  1.00195 
1305.000  0.99907 
1306.000  1.00059 
1307.000  1.00059 
1308.000  0.99918 
1309.000  1.00116 
1310.000  1.00021 
1311.000  0.99942 
1312.000  1.00186 
1313.000  1.00407 
1314.000  1.00303 
1315.000  1.00529 
1316.000  1.00561 
1317.000  1.00602 
1318.000  1.00663 
1319.000  1.00278 
1320.000  1.00403 
1321.000  1.00180 
1322.000  1.00017 
1323.000  0.99949 
1324.000  0.99972 
1325.000  1.00210 
1326.000  1.00651 
1327.000  1.00323 
1328.000  1.00258 
1329.000  1.00171 
1330.000  1.00304 
1331.000  0.99954 
1332.000  0.99962 
1333.000  1.00174 
1334.000  1.00581 
1335.000  1.00548 
1336.000  1.00313 
1337.000  1.00205 
1338.000  1.00214 
1339.000  1.00683 
1340.000  1.01013 
1341.000  1.00716 
1342.000  1.00509 
1343.000  1.00458 
1344.000  1.00439 
1345.000  1.00608 
1346.000  1.01031 
1347.000  1.00677 
1348.000  1.00498 
1349.000  1.00451 
1350.000  1.00554 
1351.000  1.00458 
1352.000  1.00679 
1353.000  1.00632 
1354.000  1.00957 
1355.000  1.00741 
1356.000  1.00743 
1357.000  1.01101 
1358.000  1.00906 
1359.000  1.01156 
1360.000  1.00500 
1361.000  1.00553 
1362.000  1.00524 
1363.000  1.00188 
1364.000  1.00570 
1365.000  1.00631 
1366.000  1.00650 
1367.000  1.00319 
1368.000  1.00829 
1369.000  1.00840 
1370.000  1.00760 
1371.000  1.00619 
1372.000  1.01108 
1373.000  1.00882 
1374.000  1.00777 
1375.000  1.00291 
1376.000  1.00262 
1377.000  1.00423 
1378.000  1.00120 
1379.000  1.00067 
1380.000  0.99946 
1381.000  1.00074 
1382.000  1.00351 
1383.000  1.00364 
1384.000  1.00577 
1385.000  1.00761 
1386.000  1.00260 
1387.000  1.00373 
1388.000  1.00215 
1389.000  0.99666 
1390.000  0.99777 
1391.000  0.99902 
1392.000  1.00230 
1393.000  1.00188 
1394.000  1.00180 
1395.000  1.00128 
1396.000  1.00407 
1397.000  1.00113 
1398.000  1.00469 
1399.000  1.00644 
1400.000  1.00494 
1401.000  1.00297 
1402.000  1.00055 
1403.000  1.00371 
1404.000  1.00222 
1405.000  0.99794 
1406.000  1.00421 
1407.000  1.00094 
1408.000  1.00199 
1409.000  1.00376 
1410.000  1.00644 
1411.000  1.01001 
1412.000  1.00359 
1413.000  1.00319 
1414.000  1.00660 
1415.000  1.00586 
1416.000  1.00572 
1417.000  1.00658 
1418.000  1.00753 
1419.000  1.00768 
1420.000  1.00244 
1421.000  1.00325 
1422.000  1.00553 
1423.000  1.00759 
1424.000  1.00735 
1425.000  1.01163 
1426.000  1.01390 
1427.000  1.01152 
1428.000  1.00835 
1429.000  1.00042 
1430.000  1.00257 
1431.000  1.00465 
1432.000  1.00266 
1433.000  1.00391 
1434.000  1.00369 
1435.000  1.00438 
1436.000  1.00786 
1437.000  1.01137 
1438.000  1.01130 
1439.000  1.01206 
1440.000  1.00278 
1441.000  1.00717 
1442.000  1.00356 
1443.000  1.00460 
1444.000  1.00254 
1445.000  1.00275 
1446.000  1.00059 
1447.000  0.99544 
1448.000  0.99776 
1449.000  0.99679 
1450.000  0.99875 
1451.000  0.99890 
1452.000  1.00033 
1453.000  1.00238 
1454.000  0.99985 
1455.000  1.00885 
1456.000  1.00413 
1457.000  1.00476 
1458.000  1.00305 
1459.000  1.01044 
1460.000  1.01139 
1461.000  1.00991 
1462.000  1.01317 
1463.000  1.00382 
1464.000  1.00367 
1465.000  1.00086 
1466.000  1.00082 
1467.000  1.00018 
1468.000  0.99751 
1469.000  0.99847 
1470.000  0.99818 
1471.000  1.00053 
1472.000  0.99914 
1473.000  0.99866 
1474.000  0.99876 
1475.000  0.99918 
1476.000  0.99864 
1477.000  0.99863 
1478.000  0.99588 
1479.000  0.99248 
1480.000  0.99196 
1481.000  0.99203 
1482.000  0.98994 
1483.000  0.99235 
1484.000  0.99460 
1485.000  0.99689 
1486.000  0.99601 
1487.000  0.99775 
1488.000  1.00182 
1489.000  0.99975 
1490.000  0.99965 
1491.000  0.99804 
1492.000  0.99976 
1493.000  0.99941 
1494.000  1.00164 
1495.000  1.00330 
1496.000  1.00489 
1497.000  1.00019 
1498.000  0.99898 
1499.000  1.00224 
1500.000  0.99912 
