-3.5000 537.617750 
-3.2500 57.390250 
-3.1500 -43.603840 
-3.0000 -136.041520 
-2.7500 -196.340890 
-2.5000 -197.583880 
-2.2500 -175.090780 
-2.0000 -149.028780 
-1.7500 -126.879610 
-1.5000 -109.395150 
-1.0000 -85.593450 
-0.7500 -78.100420 
-0.5000 -73.013510 
-0.2500 -70.079930 
0.0000 -69.160400 
0.2500 -70.216040 
0.5000 -73.292440 
0.7500 -78.541820 
1.0000 -86.231800 
1.5000 -110.615160 
1.7500 -128.576840 
2.0000 -151.354510 
2.2500 -177.895250 
2.5000 -199.574750 
2.7500 -195.047100 
3.0000 -128.548090 
3.1500 -29.815370 
3.2500 77.285740 
3.5000 583.621610 
