-3.5000 287.852420 
-3.2500 -42.197040 
-3.1500 -107.877220 
-3.0000 -162.646840 
-2.7500 -184.763490 
-2.5000 -170.870480 
-2.2500 -149.655770 
-2.0000 -129.898090 
-1.7500 -113.203290 
-1.5000 -99.585680 
-1.0000 -80.556040 
-0.7500 -74.657940 
-0.5000 -70.867860 
-0.2500 -69.053770 
0.0000 -69.154860 
0.2500 -71.209660 
0.5000 -75.284600 
0.7500 -81.592310 
1.0000 -90.540050 
1.5000 -118.384980 
1.7500 -139.047070 
2.0000 -165.115890 
2.2500 -193.071670 
2.5000 -208.377350 
2.7500 -186.491260 
3.0000 -85.991200 
3.1500 50.393450 
3.2500 194.734550 
3.5000 861.162350 
