-3.5000 209.694460 
-3.2500 -35.390810 
-3.1500 -82.766290 
-3.0000 -121.762010 
-2.7500 -139.947260 
-2.5000 -134.927960 
-2.2500 -123.413610 
-2.0000 -110.928190 
-1.7500 -99.395800 
-1.5000 -89.497300 
-1.0000 -75.368380 
-0.7500 -71.141680 
-0.5000 -68.707410 
-0.2500 -68.040480 
0.0000 -69.154860 
0.2500 -72.111990 
0.5000 -77.035830 
0.7500 -84.153780 
1.0000 -93.804220 
1.5000 -122.718390 
1.7500 -143.619910 
2.0000 -170.385470 
2.2500 -202.986780 
2.5000 -233.243240 
2.7500 -229.858960 
3.0000 -132.635180 
3.1500 8.121630 
3.2500 155.612250 
3.5000 824.013150 
