-3.5000 254.708630 
-3.2500 -49.471140 
-3.1500 -108.065560 
-3.0000 -154.809400 
-2.7500 -171.355250 
-2.5000 -158.928010 
-2.2500 -140.855890 
-2.0000 -123.640190 
-1.7500 -108.690100 
-1.5000 -96.326330 
-1.0000 -78.895670 
-0.7500 -73.502600 
-0.5000 -70.162600 
-0.2500 -68.717100 
0.0000 -69.154860 
0.2500 -71.486530 
0.5000 -75.860500 
0.7500 -82.487120 
1.0000 -91.735050 
1.5000 -120.234390 
1.7500 -141.346220 
2.0000 -167.916710 
2.2500 -196.410320 
2.5000 -213.308290 
2.7500 -194.395740 
3.0000 -92.509270 
3.1500 51.700970 
3.2500 208.243640 
3.5000 967.798170 
