-3.5000 209.409520 
-3.2500 -51.630320 
-3.1500 -100.034030 
-3.0000 -137.990890 
-2.7500 -152.288390 
-2.5000 -143.789700 
-2.2500 -129.826900 
-2.0000 -115.629810 
-1.7500 -102.868440 
-1.5000 -92.061220 
-1.0000 -76.698760 
-0.7500 -72.040990 
-0.5000 -69.260230 
-0.2500 -68.301060 
0.0000 -69.154860 
0.2500 -71.886830 
0.5000 -76.607760 
0.7500 -83.560790 
1.0000 -93.097550 
1.5000 -122.020910 
1.7500 -143.172300 
2.0000 -170.032770 
2.2500 -200.508140 
2.5000 -222.129590 
2.7500 -207.980170 
3.0000 -109.401230 
3.1500 32.634480 
3.2500 184.388420 
3.5000 879.516220 
