380.537
381.328
380.076
381.990
382.087
381.115
380.607
380.534
379.992
381.445
380.282
378.852
379.833
381.289
378.521
382.217
381.547
381.018
383.419
380.012
380.257
378.966
378.726
379.582
379.957
382.187
382.760
384.468
379.784
380.474
379.052
376.990
381.549
380.307
379.456
380.998
380.847
382.914
381.613
381.267
380.591
378.065
380.438
378.605
379.623
382.265
381.201
380.435
379.600
381.120
380.463
380.454
379.599
380.706
380.918
379.465
381.562
377.899
382.035
381.382
382.623
380.835
380.244
381.200
381.752
377.548
379.185
379.212
381.461
379.610
381.196
381.056
382.016
382.433
380.781
379.573
378.772
381.424
380.564
379.457
378.953
377.538
379.410
382.278
380.282
380.010
378.869
381.414
380.047
381.912
381.385
378.697
378.008
379.141
380.507
381.015
381.501
382.005
381.971
380.591
382.594
381.561
381.729
381.524
378.373
378.985
379.552
380.369
380.880
378.600
379.172
379.460
379.783
378.016
379.184
378.624
379.042
379.336
382.530
380.661
381.710
381.267
383.134
378.207
380.657
378.340
379.248
378.874
380.721
379.423
379.717
380.433
380.012
378.999
380.049
378.551
381.777
381.364
380.691
382.094
382.537
381.401
379.113
380.380
378.675
378.299
379.999
382.152
382.242
378.271
379.903
379.825
379.217
379.182
380.793
379.559
380.736
380.383
380.201
379.967
380.730
380.412
380.205
381.501
380.357
381.763
382.692
381.940
383.341
379.672
377.945
377.953
379.715
378.611
378.726
378.861
379.919
379.818
378.308
380.545
379.184
381.455
379.246
381.063
378.724
380.551
381.135
380.509
381.078
378.565
379.024
380.407
380.737
379.835
379.357
381.061
381.808
381.579
381.309
381.835
380.770
380.164
380.407
380.852
381.564
380.254
380.562
378.542
380.478
379.726
380.463
381.307
380.467
380.716
381.027
379.511
378.434
380.959
379.542
379.678
378.999
381.552
381.092
380.017
382.367
381.061
378.809
382.296
379.959
380.138
380.273
380.341
381.641
381.593
383.049
381.267
380.501
382.571
381.114
379.413
379.142
379.258
378.640
379.584
380.591
379.833
382.203
380.918
379.616
381.329
379.630
380.803
380.182
376.920
380.089
380.363
380.700
384.530
379.388
381.506
379.671
380.416
379.832
379.375
377.325
379.882
379.944
378.530
381.146
383.403
383.454
383.506
381.931
380.988
381.401
381.066
382.262
381.752
380.424
380.508
379.195
380.390
380.153
379.238
380.078
380.891
379.277
379.118
377.056
378.935
378.731
377.949
378.673
379.123
379.868
379.647
379.438
377.383
379.474
379.118
379.626
378.152
378.631
378.117
380.735
379.803
379.409
378.754
379.141
381.762
381.297
380.257
379.964
380.483
380.700
379.619
378.214
378.859
381.140
379.919
382.332
378.451
380.115
380.445
379.281
379.920
378.269
380.939
378.843
378.496
380.090
380.395
379.249
380.304
379.952
380.121
382.076
378.842
382.232
380.160
379.245
378.521
379.593
379.621
376.805
379.360
380.746
380.878
380.142
378.388
379.031
379.812
377.115
376.229
379.800
380.395
378.201
379.717
380.356
379.727
380.035
379.125
379.316
378.892
380.048
380.432
380.019
381.559
381.008
382.199
381.675
380.815
379.502
380.658
381.559
380.367
379.459
381.451
381.805
378.932
379.438
382.610
378.655
378.659
379.301
381.139
381.352
380.084
379.659
381.136
379.467
377.578
377.767
381.658
380.389
380.326
381.711
381.444
380.670
380.365
381.463
381.452
380.471
379.563
381.719
382.293
381.819
380.846
380.856
379.303
382.220
378.534
378.906
380.712
379.405
381.567
379.845
379.367
379.865
379.375
381.453
382.990
381.501
381.459
379.668
378.854
380.009
379.015
378.482
381.234
379.404
379.810
380.513
379.163
378.866
381.233
381.983
378.117
379.307
380.170
380.978
378.850
381.049
379.412
378.930
379.647
381.357
381.545
380.660
378.092
379.975
379.966
378.903
380.123
381.723
380.220
380.190
380.116
380.702
379.969
381.427
379.945
379.650
379.749
380.353
380.384
380.812
379.675
379.428
379.703
378.272
378.940
379.824
378.319
379.864
380.583
379.160
378.088
379.422
380.252
379.696
380.194
377.755
380.059
381.738
381.562
379.714
381.872
382.500
382.048
380.897
382.506
381.828
380.627
380.200
382.248
381.968
381.473
381.662
378.947
379.207
379.256
380.256
380.293
379.223
381.089
381.624
380.046
381.682
379.326
380.370
379.839
382.176
381.364
381.235
380.797
381.617
380.633
380.205
378.732
380.994
380.582
379.649
380.328
382.622
382.093
383.185
381.898
381.732
384.295
382.045
378.821
381.171
379.779
380.974
379.286
379.036
378.932
379.919
379.185
378.700
380.612
381.099
381.180
378.775
377.332
377.373
380.307
381.961
380.703
379.538
381.020
382.789
381.931
380.718
381.226
380.476
379.667
378.911
380.568
382.365
379.567
380.105
380.438
381.057
380.944
381.265
381.115
381.422
380.106
380.396
379.341
380.271
378.549
380.941
381.145
380.608
379.865
378.935
378.381
380.159
379.658
381.637
379.936
378.926
378.940
379.964
380.141
380.501
382.001
381.166
381.703
379.265
377.735
379.059
376.936
379.147
381.364
382.104
382.250
379.318
380.443
378.609
381.171
380.978
379.199
380.668
381.202
381.823
380.878
380.125
377.424
378.432
380.284
379.910
380.266
381.309
380.137
380.587
381.421
380.397
382.002
380.464
382.222
379.720
377.585
377.895
378.779
378.232
380.778
380.004
380.580
381.179
380.629
379.814
381.377
381.910
380.884
380.686
379.412
380.960
379.254
380.495
381.415
381.557
380.713
381.522
381.260
380.571
378.440
379.198
380.934
378.556
378.743
379.557
380.978
380.366
378.918
380.121
381.659
383.119
381.095
379.846
380.543
378.043
379.962
378.476
379.558
380.506
379.948
381.449
378.644
377.507
380.420
379.134
380.309
378.843
380.471
380.606
383.124
381.787
382.382
381.016
381.570
380.558
379.338
377.305
379.449
378.896
379.281
381.348
383.851
381.257
379.464
379.993
376.319
378.881
380.197
378.407
381.503
381.328
380.054
378.730
381.025
382.640
380.505
379.148
381.282
381.397
379.579
381.539
380.549
379.313
381.692
381.691
379.965
381.095
382.840
379.538
381.658
379.496
379.384
378.952
379.169
378.225
379.067
380.377
380.974
381.293
380.361
381.181
379.892
381.898
381.050
380.159
380.561
380.298
378.989
380.567
381.171
379.318
379.805
379.563
378.854
381.344
382.488
383.704
383.097
382.895
382.722
382.028
380.534
380.046
378.621
379.578
378.345
380.828
380.826
380.703
381.013
380.598
380.008
380.377
381.711
380.470
379.472
379.558
380.708
380.207
377.328
379.480
381.662
381.434
379.595
379.368
378.760
378.647
381.253
378.929
380.922
381.286
378.808
379.866
383.187
381.242
380.312
381.610
379.567
380.409
381.318
380.985
380.459
380.473
379.702
379.472
381.677
380.209
380.849
383.331
382.054
382.485
379.696
381.870
381.238
381.642
381.063
382.436
383.112
377.498
378.421
378.476
379.189
379.117
381.481
379.077
382.275
380.137
379.355
379.731
379.048
378.945
381.078
381.405
379.931
379.294
379.622
379.379
380.280
378.662
380.244
378.162
380.084
378.103
379.376
380.654
381.196
380.156
381.603
377.904
378.375
379.281
380.679
381.037
381.830
379.503
376.778
379.818
380.927
380.676
381.365
381.973
380.157
379.750
377.949
381.451
379.209
378.560
380.224
379.125
378.358
379.149
381.117
381.367
378.861
379.162
380.627
380.212
381.232
380.248
380.983
381.442
381.909
379.707
381.349
380.365
379.232
380.465
378.848
380.423
380.716
381.301
378.408
381.956
380.685
382.414
378.499
381.182
380.635
380.637
380.821
381.886
378.870
380.649
380.227
380.727
380.406
379.287
381.954
379.554
380.196
382.028
380.099
378.887
379.306
379.652
380.249
381.219
380.064
381.557
381.734
380.472
378.562
381.710
380.655
380.177
382.236
381.394
383.123
380.614
380.139
380.857
378.865
378.114
379.374
380.521
379.155
380.616
382.593
381.146
381.972
381.127
382.461
381.956
381.295
380.863
381.193
380.617
379.363
381.755
380.572
379.846
381.601
382.269
379.672
379.975
379.322
381.189
380.595
379.983
379.980
380.049
378.960
381.086
380.181
382.670
382.009
381.502
382.207
380.873
380.977
381.308
382.197
379.625
382.970
381.265
381.028
381.271
380.607
379.883
379.984
378.945
379.184
378.224
381.495
379.199
380.167
380.704
378.040
378.335
379.241
381.149
379.944
379.080
378.156
379.039
377.292
379.015
380.776
381.019
380.107
379.796
380.961
380.812
379.430
381.853
380.265
380.886
380.331
379.391
381.271
379.080
379.445
379.268
381.247
380.857
380.592
378.672
378.225
380.560
378.808
380.512
381.141
380.638
381.826
381.642
381.979
382.755
381.400
379.075
377.364
380.867
379.688
379.657
380.513
378.887
379.428
379.942
381.404
380.638
382.227
382.254
380.612
378.213
381.105
378.942
378.288
381.005
380.918
379.693
381.448
379.900
377.658
378.737
377.140
379.836
380.024
381.977
382.126
383.342
381.678
381.077
379.188
382.369
380.496
383.806
380.878
380.653
383.322
379.598
380.084
380.970
377.605
378.855
379.233
380.454
380.498
379.970
380.106
381.499
380.926
379.210
379.840
377.815
379.428
378.803
379.577
381.002
379.886
380.294
380.474
379.639
381.109
380.574
380.053
378.056
379.842
379.333
380.285
379.858
378.890
377.720
379.329
378.167
379.623
380.784
378.618
379.418
381.595
379.671
379.960
378.079
379.926
379.582
380.815
381.701
381.219
380.986
380.170
382.625
380.406
382.179
383.842
379.758
380.741
377.917
378.021
379.016
378.062
381.044
382.870
382.827
380.234
381.171
380.714
383.548
379.390
381.427
381.099
381.688
380.859
379.676
379.593
380.690
380.963
381.070
380.972
380.306
379.590
381.867
384.103
382.062
380.152
381.403
382.590
381.167
382.255
381.525
381.341
379.182
382.275
381.867
381.327
379.578
379.169
380.057
384.360
378.254
379.039
381.040
380.249
380.315
381.131
381.024
378.657
377.028
378.834
379.241
380.092
382.159
379.595
380.958
378.423
378.524
379.183
380.044
378.910
379.884
380.821
380.456
378.949
377.336
379.826
378.215
380.616
382.616
381.247
380.736
380.668
380.229
378.973
377.420
377.098
378.410
378.974
381.270
379.894
379.994
380.236
381.630
378.656
380.711
380.008
378.909
381.571
378.981
380.782
383.882
380.950
380.164
382.341
380.420
379.218
380.002
379.320
378.916
379.470
381.534
380.835
380.882
380.634
382.209
381.620
381.486
379.773
381.535
383.510
382.749
381.520
381.697
380.631
380.546
379.592
381.463
379.777
382.276
380.988
382.403
381.312
379.998
380.504
379.856
380.864
378.595
379.898
380.944
381.538
379.920
378.446
380.337
382.541
381.246
380.983
380.324
380.619
382.172
380.820
380.857
380.036
378.912
382.902
383.167
380.724
378.266
379.383
382.467
383.262
382.728
380.628
381.870
381.446
380.909
382.566
381.805
382.218
378.542
379.867
383.603
380.524
379.485
379.817
380.675
380.509
380.008
377.220
379.049
381.942
380.506
380.346
380.508
379.406
378.455
380.839
379.876
381.060
380.816
381.027
379.216
377.966
379.614
378.430
377.707
379.353
380.441
380.483
381.330
381.543
380.787
381.728
380.353
379.915
381.588
381.400
379.492
379.155
380.127
379.893
378.223
378.442
379.999
380.324
381.459
380.769
381.588
380.512
377.935
380.813
380.554
380.687
380.568
379.545
379.637
379.256
380.933
383.259
379.026
379.855
375.676
377.525
379.906
379.628
377.203
381.207
378.804
379.551
381.551
380.931
380.081
380.879
379.208
377.888
377.583
380.376
378.710
379.302
381.064
380.762
378.919
379.065
379.957
377.432
376.883
377.249
377.339
378.909
377.457
378.372
378.368
379.723
381.294
381.346
381.179
379.901
382.025
380.497
382.220
379.702
380.974
380.094
379.741
380.818
379.522
379.180
379.145
381.524
381.032
380.064
379.133
379.125
379.729
379.727
379.836
379.542
376.715
377.797
380.057
379.661
381.538
381.417
379.925
379.371
379.240
380.048
378.647
380.413
380.941
380.157
382.839
380.148
381.705
382.162
379.166
378.794
378.597
382.748
380.684
380.469
380.431
380.544
381.257
380.927
380.899
381.255
378.043
379.700
379.248
382.220
379.213
380.639
381.537
378.748
378.601
380.831
379.704
381.344
380.867
379.732
380.239
378.842
380.758
380.184
378.126
381.378
381.440
380.893
379.685
381.165
380.989
378.435
378.793
379.312
380.421
380.272
379.116
380.078
378.026
381.429
382.258
381.279
381.625
380.792
381.480
381.445
381.010
379.586
381.184
380.428
379.748
380.521
381.156
379.973
381.247
379.108
377.466
379.664
379.681
380.137
379.544
376.990
379.581
380.080
379.242
380.245
378.497
379.556
382.463
380.713
380.120
381.199
380.522
379.973
379.407
379.686
380.189
379.024
378.251
378.851
378.904
378.568
378.653
379.572
380.016
377.897
379.487
377.884
379.219
378.208
379.846
381.810
379.418
380.773
379.613
380.588
379.198
377.025
379.010
379.618
378.053
379.650
380.599
380.921
378.501
378.944
379.557
378.271
380.563
381.151
379.436
382.855
381.729
379.641
380.594
380.922
381.703
382.986
381.579
380.923
383.544
380.393
381.202
380.864
381.234
379.809
377.658
379.794
380.878
380.551
380.106
381.314
379.323
380.594
377.646
378.019
380.892
379.041
379.554
379.639
380.846
378.865
378.754
378.700
379.262
381.691
380.603
379.197
378.514
380.218
379.659
378.712
377.841
380.164
379.391
377.730
380.055
380.674
381.639
379.505
379.846
377.105
378.834
380.870
379.243
381.596
381.095
381.565
381.099
380.413
379.617
381.044
380.830
379.279
381.174
380.247
380.727
380.812
379.698
378.546
379.784
381.868
381.631
379.367
380.174
380.944
379.704
380.460
380.893
379.851
381.141
378.865
378.945
380.963
378.887
378.536
380.317
380.581
379.188
380.224
380.325
379.777
377.869
378.798
378.327
379.881
380.975
379.674
380.249
380.988
378.205
382.057
377.571
378.519
378.944
379.540
379.463
380.307
382.114
381.814
379.780
377.805
379.893
379.071
379.967
378.520
382.270
379.743
379.278
379.606
378.597
379.876
378.175
378.516
380.057
380.560
380.283
380.133
377.911
379.427
379.497
379.171
378.083
381.018
381.777
380.697
379.958
380.624
380.710
379.042
380.242
381.238
381.694
379.260
379.676
378.166
379.036
379.589
379.252
379.523
381.415
381.185
380.738
381.283
381.125
380.082
379.766
381.930
380.259
377.569
381.067
380.137
379.327
379.199
376.836
383.924
380.810
379.643
380.733
379.330
380.206
376.785
378.647
379.687
379.688
380.400
379.511
378.785
378.874
381.907
381.448
381.666
377.530
378.895
380.298
380.612
382.294
378.616
380.256
381.140
378.130
380.075
381.700
380.214
380.672
378.766
380.568
378.843
379.648
380.080
378.276
379.009
379.844
379.243
380.878
380.471
378.898
379.711
380.362
381.019
381.684
379.124
381.004
379.793
381.607
380.304
378.878
378.095
378.139
379.389
381.293
382.667
379.780
379.592
381.648
381.224
380.276
377.856
379.772
381.126
379.592
379.709
380.770
382.234
381.236
382.189
381.345
379.699
378.240
378.894
381.399
381.035
381.786
379.567
380.630
380.924
380.709
381.271
380.813
381.925
380.680
380.420
379.757
379.918
380.831
379.947
382.037
380.942
381.543
380.676
380.238
380.647
381.361
382.489
382.011
381.422
380.340
380.766
381.166
381.118
381.048
380.398
380.940
379.402
382.739
381.944
379.419
379.309
379.146
380.860
381.526
380.567
380.389
381.886
381.160
382.709
380.716
382.443
381.021
378.592
381.203
379.526
378.792
379.921
379.586
378.531
380.061
381.568
378.633
379.588
380.233
380.020
381.164
381.601
381.575
382.041
381.513
381.040
379.396
379.491
382.830
380.867
379.821
379.383
379.367
379.927
378.159
377.962
378.785
380.493
378.674
378.959
378.755
381.599
378.024
378.606
378.291
376.567
377.610
378.371
378.678
376.481
378.856
379.104
378.322
378.906
381.050
380.861
381.485
379.277
378.958
380.020
382.675
380.356
381.188
381.523
381.138
382.343
380.953
379.210
381.610
379.304
380.459
379.876
380.032
379.190
378.754
379.359
380.009
379.024
380.864
380.581
379.837
382.098
380.050
379.336
381.582
380.946
381.709
379.262
379.823
379.707
381.114
378.613
378.470
378.700
379.036
383.418
381.418
380.333
381.620
381.237
380.666
378.863
379.251
380.432
379.212
378.397
380.783
380.481
379.859
382.333
380.286
380.157
382.099
382.432
379.900
380.432
379.606
381.927
380.989
380.179
380.498
379.191
379.511
380.938
380.238
380.990
379.213
382.024
380.953
381.310
381.646
380.082
377.764
380.094
379.633
380.281
379.695
379.333
384.121
381.879
381.290
379.870
380.009
379.808
380.538
378.543
378.423
381.185
380.398
383.133
382.924
378.587
379.271
383.296
382.537
380.085
382.462
379.187
378.313
378.510
381.905
381.134
380.458
378.681
377.949
379.892
382.305
379.819
378.967
379.455
378.514
379.012
379.545
379.478
378.773
381.039
380.475
379.248
377.526
377.080
378.966
381.734
380.863
382.176
378.584
379.155
381.885
378.621
380.560
381.584
380.750
381.510
379.567
380.963
378.526
381.264
382.277
382.648
382.778
381.142
381.411
381.397
380.125
379.600
379.128
380.096
382.129
382.575
380.914
381.832
381.669
381.566
380.799
379.777
379.838
380.081
378.306
380.439
377.556
378.730
378.721
380.455
380.237
381.536
380.450
382.051
380.554
380.529
380.569
381.373
380.529
379.197
380.012
381.491
380.446
379.979
380.216
380.438
378.676
379.490
379.354
383.256
380.386
380.731
379.552
382.668
380.122
382.688
379.792
380.986
381.964
378.324
380.212
380.256
380.500
380.780
380.709
381.642
380.297
378.572
379.193
381.911
382.155
380.184
380.770
380.631
379.109
380.490
381.047
381.744
381.054
381.844
382.008
381.578
381.781
381.613
379.445
380.357
380.770
381.763
381.873
382.394
379.746
381.148
378.438
379.327
378.045
377.076
378.985
379.508
378.360
379.656
380.740
380.288
381.426
381.552
379.894
379.943
380.140
377.898
380.416
379.891
377.289
377.357
378.602
377.693
379.941
378.457
382.419
381.913
380.696
381.966
382.142
381.140
383.381
379.026
377.411
378.532
383.215
379.563
379.571
378.591
382.145
382.896
379.116
378.116
378.699
381.358
379.885
378.968
378.349
380.530
379.359
379.703
379.176
379.402
380.031
380.020
378.551
379.189
379.673
379.640
379.600
379.588
380.477
379.499
378.009
379.527
380.500
380.532
380.153
381.601
379.783
380.220
379.831
382.555
381.410
381.438
380.655
381.943
379.336
377.613
379.655
379.317
381.951
378.484
382.736
380.591
380.415
380.097
380.428
378.535
379.037
380.081
381.284
380.284
378.717
378.809
379.309
377.665
379.896
379.086
379.524
379.845
378.196
379.325
379.250
378.441
377.831
380.170
378.484
378.988
380.058
379.029
381.241
381.045
380.425
380.468
380.524
380.389
382.298
382.514
380.596
378.650
378.437
381.608
380.064
379.805
377.959
378.517
379.991
380.143
380.415
380.489
380.593
379.888
380.095
378.656
381.231
381.730
380.614
379.492
377.960
380.559
379.671
379.570
378.200
380.339
381.210
380.123
378.728
380.108
380.647
379.042
376.985
378.283
379.849
379.241
379.055
380.866
380.826
378.935
380.339
382.385
379.899
381.041
380.216
380.029
380.413
378.809
379.578
381.686
379.944
379.434
380.956
380.978
380.803
381.701
380.776
381.839
379.572
378.671
381.982
379.304
380.003
379.891
381.437
379.812
380.510
381.339
379.500
381.011
380.030
380.826
378.736
380.354
378.433
381.390
379.137
380.604
380.741
379.725
380.467
381.779
381.336
381.857
379.668
379.901
379.978
377.230
379.729
381.573
379.719
378.984
378.716
379.026
380.352
380.492
381.407
381.006
381.838
379.112
379.927
381.286
379.431
381.249
381.948
379.690
379.485
380.341
382.213
378.989
380.453
378.831
381.373
380.545
379.983
378.877
379.911
380.677
378.764
381.129
379.038
382.129
381.876
380.413
379.130
379.766
380.211
379.044
381.554
380.284
381.195
381.612
378.901
380.083
376.820
378.740
379.310
379.840
379.172
378.857
379.922
378.972
378.856
379.613
377.493
380.061
379.462
379.116
381.340
380.950
381.510
381.323
378.236
379.757
380.694
383.009
382.967
380.867
379.015
381.325
381.298
381.215
381.329
380.746
381.333
381.683
380.667
380.938
381.603
381.792
380.367
379.645
378.015
378.171
380.900
379.982
377.777
379.234
378.388
377.732
379.580
378.495
378.820
378.665
379.010
380.231
378.545
379.626
380.024
379.716
380.856
381.685
380.206
380.526
380.586
380.720
382.186
379.657
380.317
379.250
379.382
381.036
380.888
380.745
380.159
380.671
378.918
379.470
381.466
380.961
380.261
381.939
378.921
377.742
377.884
380.674
379.837
382.453
380.229
380.570
379.147
381.853
383.266
380.134
378.949
379.772
381.389
382.141
382.032
381.848
381.781
381.969
383.123
381.746
379.345
380.453
379.964
378.946
378.293
378.687
381.041
379.799
380.114
379.671
379.872
379.824
377.605
378.626
378.967
377.587
378.434
380.269
380.724
379.851
380.479
380.250
380.606
379.217
378.297
379.296
379.865
378.906
381.100
381.402
382.737
381.002
380.727
379.026
380.630
379.689
379.407
381.067
380.306
378.800
381.064
379.676
380.283
379.512
381.815
381.384
380.457
380.167
379.929
379.322
380.292
380.887
379.370
381.056
381.570
379.459
379.310
376.910
381.279
382.049
380.153
380.329
379.672
379.621
380.951
379.872
380.489
377.975
377.557
379.685
380.232
379.656
380.621
380.768
381.064
381.143
378.941
381.322
380.377
380.964
381.011
379.189
381.343
380.450
381.535
381.793
380.705
381.693
382.366
382.835
381.301
381.680
379.033
380.904
381.218
377.982
382.489
380.534
380.371
379.241
377.959
381.464
381.560
382.285
380.003
380.131
379.573
380.565
379.846
381.049
379.548
383.486
380.506
379.906
379.633
379.603
378.609
382.419
380.162
379.032
380.748
378.615
379.574
381.620
379.420
380.283
378.565
377.862
378.769
380.260
379.489
378.725
378.188
379.225
380.171
380.689
379.568
380.665
379.703
379.477
379.019
378.772
378.024
380.302
381.496
381.584
379.001
378.027
379.416
378.424
378.217
380.056
380.114
379.558
380.032
378.826
379.137
380.400
377.564
379.137
381.793
380.792
383.632
380.017
380.001
379.938
378.858
381.022
379.743
381.010
382.140
382.400
380.169
380.458
381.410
380.388
379.800
381.091
379.034
380.492
379.655
378.939
379.762
379.895
377.587
377.214
380.111
379.820
381.573
383.239
382.004
379.366
378.977
380.291
379.577
378.586
380.342
380.011
380.856
380.665
380.516
379.855
380.622
380.861
379.773
376.950
378.997
379.694
377.407
377.057
380.357
378.090
379.989
380.202
379.760
380.028
380.371
379.527
378.770
379.969
379.986
379.274
379.862
380.448
379.087
381.674
379.131
379.905
379.515
378.704
381.111
380.949
381.489
379.128
378.597
379.892
378.760
378.941
380.942
379.808
380.875
379.549
381.568
379.939
379.458
379.544
379.250
379.301
380.506
382.247
381.791
379.671
380.731
379.337
380.619
381.100
382.384
380.485
381.527
379.462
381.713
381.075
381.282
380.374
380.583
382.792
380.599
380.749
378.833
380.520
381.319
383.099
382.824
379.912
380.391
382.154
381.336
380.386
379.302
382.225
380.533
380.274
381.418
380.754
378.421
382.661
380.180
380.653
381.654
380.595
379.467
381.789
379.413
380.248
380.890
379.741
380.533
380.999
381.012
380.682
380.521
380.262
379.675
381.383
380.277
381.079
381.638
379.058
379.606
381.491
382.282
381.919
381.262
378.900
380.386
379.137
381.720
380.548
381.885
381.347
382.087
379.498
379.894
380.096
380.846
381.167
379.664
379.854
379.001
378.133
381.515
378.952
380.909
379.654
381.054
378.002
379.361
380.293
382.137
378.450
379.810
381.216
380.315
379.300
378.814
376.971
379.752
380.601
379.337
377.310
380.779
381.650
379.612
380.230
378.030
380.422
380.445
379.879
379.798
381.467
380.797
380.456
382.235
378.836
382.156
382.445
381.485
381.427
381.746
379.265
382.612
379.936
384.150
381.092
383.180
380.668
381.697
382.678
380.099
381.274
379.960
378.407
380.237
379.021
380.841
380.149
381.349
378.179
381.001
380.142
380.298
379.359
380.994
379.364
376.344
378.544
381.378
378.425
379.848
380.199
379.488
381.369
380.130
380.233
378.235
380.858
380.926
381.248
380.147
381.238
382.345
381.213
378.889
380.477
380.722
380.919
378.320
379.938
381.105
379.347
379.140
378.994
379.981
378.706
380.378
382.118
381.762
379.937
380.607
382.501
381.432
379.862
380.664
379.768
381.873
382.803
382.368
380.885
379.777
379.603
382.626
381.553
381.789
382.752
379.999
382.785
380.696
380.334
381.652
380.352
381.552
381.209
380.267
381.905
382.616
381.160
379.454
380.739
380.412
378.194
379.996
380.584
379.572
380.857
380.866
379.744
381.407
379.948
379.489
377.997
381.848
378.320
380.230
382.001
381.277
381.742
379.541
380.576
379.117
378.306
380.493
382.124
381.751
378.856
379.224
378.771
377.211
378.623
378.282
379.743
379.211
379.224
379.253
378.321
378.225
378.584
381.688
381.346
379.236
379.478
379.818
380.391
380.162
379.188
378.625
381.328
378.667
379.504
378.711
381.648
381.352
379.074
379.304
379.746
379.159
379.732
379.514
379.771
381.982
381.401
379.733
381.587
380.659
380.437
379.294
378.578
377.758
379.602
380.731
380.375
381.410
379.549
380.110
381.556
381.732
381.159
380.927
380.028
377.762
377.526
377.983
375.758
378.943
381.947
381.400
382.594
380.736
378.910
380.014
381.038
379.418
379.903
379.237
381.743
380.837
377.680
380.059
378.794
378.373
380.867
379.125
378.547
378.541
378.636
379.827
378.833
381.495
378.838
382.531
379.916
382.117
379.975
379.706
379.544
381.018
380.588
379.595
380.603
380.933
379.432
381.808
381.591
379.467
381.523
379.594
377.480
379.804
379.623
379.580
380.077
379.200
378.825
378.923
376.356
378.434
377.100
379.222
378.664
380.005
378.093
378.839
379.631
382.259
381.213
380.246
381.831
380.511
378.961
379.757
380.273
380.186
379.315
380.401
380.034
380.374
381.939
379.459
376.682
379.312
382.372
380.891
380.127
382.006
378.560
379.227
378.992
380.531
379.955
380.113
380.791
381.153
380.090
379.585
376.817
377.222
379.453
375.975
379.809
378.825
379.309
378.690
381.116
380.485
381.045
380.570
379.958
381.889
382.213
380.061
380.080
380.542
378.341
378.986
380.938
379.288
379.458
379.211
380.769
379.904
378.757
378.295
381.586
381.547
378.612
378.666
377.449
378.846
382.741
380.994
379.576
378.492
379.078
380.785
378.956
380.533
380.144
378.720
377.461
378.033
378.543
379.075
380.576
377.930
378.439
379.533
378.188
378.805
378.453
380.138
378.981
380.427
381.034
381.507
383.237
382.505
378.533
380.402
378.484
376.941
379.822
379.565
379.452
379.976
382.086
382.425
381.295
380.180
381.204
381.332
378.312
380.308
379.585
379.041
380.955
377.905
380.078
379.412
380.895
380.042
379.566
379.906
379.770
380.181
380.439
379.581
377.594
378.846
379.282
380.295
380.288
378.711
378.749
381.608
379.683
378.465
380.409
381.332
381.616
380.771
378.709
381.964
381.263
380.644
381.357
381.404
380.984
380.831
381.906
382.405
380.428
379.714
379.143
379.700
379.001
381.404
383.034
382.285
380.733
377.656
382.506
379.275
380.684
379.107
381.639
379.485
378.895
381.574
380.312
382.128
379.689
381.972
379.050
380.350
380.093
382.286
380.788
381.905
382.330
381.892
379.122
381.344
381.541
379.015
379.998
381.853
381.991
380.915
378.384
380.283
379.159
378.214
380.400
381.587
378.224
379.312
379.677
378.846
378.093
378.359
379.560
378.978
378.398
378.020
380.084
377.384
377.254
377.997
378.769
378.620
380.480
377.745
381.262
380.125
378.887
378.803
380.401
378.223
378.726
378.319
380.257
379.343
382.037
377.306
377.320
378.616
380.550
378.909
380.372
379.577
379.807
379.235
381.397
380.718
378.985
382.319
382.892
379.755
380.529
377.284
378.643
380.825
378.920
380.692
381.861
379.493
379.740
381.591
380.100
378.488
379.170
378.570
379.331
377.900
379.751
379.040
379.251
383.558
379.963
381.023
380.951
379.642
380.440
381.391
382.142
379.973
379.529
379.877
380.353
381.364
380.903
382.035
380.765
381.112
382.705
382.740
381.860
379.145
380.076
379.307
378.961
380.397
380.834
378.804
381.045
380.909
379.413
379.967
381.145
381.953
381.806
380.301
381.563
379.368
380.904
381.202
382.266
380.311
380.415
378.181
377.865
379.355
379.368
378.790
380.493
379.566
379.408
379.396
379.102
378.511
378.338
380.616
382.217
381.083
380.868
382.762
381.037
381.022
379.295
379.529
377.941
378.023
378.131
379.560
379.814
378.169
378.845
381.395
381.379
381.205
379.542
382.158
380.713
378.170
378.811
379.794
382.607
379.202
381.330
378.838
379.738
380.381
382.243
381.889
381.184
380.562
378.029
379.552
380.470
383.538
380.315
379.569
378.740
380.870
380.141
379.067
379.716
379.364
377.293
379.280
379.812
380.638
381.993
380.889
380.325
380.490
381.601
380.664
381.120
379.316
378.222
379.845
379.828
380.675
381.066
380.783
382.263
380.961
380.985
380.324
381.810
379.019
379.110
379.154
379.622
379.136
378.189
380.013
379.212
379.488
379.024
379.656
378.232
379.427
378.891
379.548
379.626
380.233
380.431
381.420
380.368
378.519
378.856
378.302
378.697
379.157
377.587
379.411
378.599
380.167
380.041
382.745
379.972
379.693
379.484
379.760
379.869
378.498
378.315
379.025
380.195
382.400
378.826
380.472
378.263
381.129
379.462
379.038
378.511
379.579
376.792
377.382
377.157
378.341
380.079
376.717
380.084
381.825
379.337
381.000
381.624
379.998
378.913
379.886
378.264
378.830
380.159
380.094
379.159
379.696
381.283
380.916
380.029
380.070
380.773
381.866
379.653
381.317
380.355
379.616
380.474
379.260
380.144
379.547
381.504
380.300
380.707
381.531
380.039
379.275
379.580
380.119
380.088
382.330
381.498
377.638
379.140
378.832
381.059
380.391
380.074
382.174
382.149
381.768
380.646
377.607
378.273
379.937
377.720
379.639
381.187
381.003
379.354
380.785
381.096
378.807
379.676
378.877
380.133
379.551
380.317
379.977
381.269
378.518
378.003
381.086
378.885
380.158
383.516
379.313
379.781
380.764
381.506
381.437
378.734
381.042
381.037
381.058
382.599
380.195
381.838
381.566
377.687
381.056
380.348
381.347
379.550
379.111
380.125
379.853
377.711
379.755
379.836
379.155
381.463
378.251
378.952
381.294
381.017
380.967
380.158
379.300
380.111
379.727
380.030
379.968
381.048
380.940
379.174
382.606
382.585
379.911
381.838
380.165
378.203
379.420
378.939
380.262
381.404
379.931
378.399
381.708
377.864
379.701
380.199
379.425
379.268
380.322
381.161
380.699
381.196
380.631
379.846
378.593
379.427
379.724
378.695
379.189
379.149
377.483
378.122
380.719
377.595
378.785
379.032
380.098
378.307
378.613
380.838
380.101
379.946
380.800
378.925
381.963
380.838
379.779
379.326
380.073
379.457
380.591
378.521
379.643
380.179
380.627
379.605
376.817
378.930
377.958
379.456
378.873
380.168
381.192
380.541
377.166
380.021
378.387
381.178
381.400
382.435
380.886
379.349
379.787
381.495
382.218
381.514
380.157
380.096
379.341
379.560
380.825
379.972
378.725
380.772
379.052
380.515
379.645
379.964
379.157
380.664
381.892
378.396
382.444
380.197
380.757
379.672
379.539
379.566
377.758
380.943
379.275
380.187
378.603
376.930
378.910
377.289
381.653
377.977
378.254
378.079
379.947
380.043
378.725
378.766
382.399
380.320
380.284
383.089
380.157
379.764
378.841
380.082
380.761
379.367
379.245
378.544
377.607
379.668
378.227
380.603
380.674
379.520
380.136
379.793
380.043
381.861
381.135
382.240
379.705
380.985
380.017
380.899
383.103
378.436
380.021
377.682
377.786
380.593
378.610
380.814
379.768
378.715
380.048
380.465
380.564
381.161
379.953
380.722
380.113
377.753
380.148
378.880
381.663
380.335
381.226
380.053
382.997
379.472
378.961
380.266
379.334
378.735
378.795
380.159
378.843
378.660
380.005
383.264
380.907
379.763
379.918
380.378
377.746
379.467
379.632
377.931
378.449
379.388
379.974
377.873
383.179
378.544
378.466
377.870
378.049
379.094
378.304
377.690
377.531
377.968
378.647
378.370
380.022
381.262
381.076
381.303
380.540
379.706
377.353
380.549
377.736
381.141
381.591
381.726
380.759
380.306
381.920
380.669
379.067
380.580
379.891
380.199
377.678
380.306
378.847
380.318
381.324
377.690
378.171
378.080
378.724
379.451
381.417
379.553
379.997
379.606
380.057
378.260
379.923
378.024
379.248
378.483
378.738
378.774
377.556
378.664
382.318
380.392
381.178
380.600
378.000
379.971
378.703
380.743
379.946
379.810
379.846
380.292
379.695
381.302
381.557
383.380
382.127
379.641
379.797
379.580
379.906
378.785
379.507
379.411
379.544
381.433
380.330
378.922
380.905
379.415
378.696
378.367
378.241
377.613
378.442
378.856
381.353
380.887
380.647
381.502
380.239
379.505
378.258
379.619
379.517
379.384
379.426
377.722
379.488
379.556
380.087
380.068
381.557
378.646
377.175
377.766
377.481
379.266
381.489
378.321
378.503
379.995
382.361
383.478
382.325
380.197
380.627
381.607
381.363
379.892
380.423
382.707
380.729
380.956
381.358
379.633
378.916
378.770
380.084
380.899
380.295
380.432
384.788
381.292
380.664
380.711
381.001
380.642
380.466
379.586
377.883
378.277
378.895
380.034
381.625
382.681
380.366
379.814
377.559
377.562
378.470
381.046
379.314
380.629
377.390
378.715
382.660
381.452
380.380
379.399
378.788
379.043
381.154
381.380
381.834
380.545
381.266
381.544
381.721
379.856
379.478
379.920
380.494
379.962
377.420
377.498
378.841
379.197
379.530
379.907
378.516
378.276
380.080
379.441
378.745
380.744
378.514
377.778
379.752
380.304
378.399
378.911
381.745
378.873
380.910
379.788
382.109
381.359
381.860
381.009
379.405
379.468
378.282
379.626
379.598
380.813
380.034
378.822
378.497
379.242
379.442
379.830
380.970
379.981
382.313
380.142
378.472
381.081
377.879
378.556
378.820
378.374
378.824
379.260
377.472
378.076
379.036
381.651
378.952
378.179
379.305
380.749
379.491
379.275
382.572
381.486
380.493
380.840
380.496
383.384
381.586
380.086
379.364
380.793
381.712
379.568
377.734
380.192
379.512
376.981
378.015
378.555
378.217
379.176
380.855
381.100
379.761
381.162
379.931
378.978
378.977
379.397
382.760
380.821
382.663
381.239
380.690
380.968
378.765
378.527
381.190
380.585
381.478
379.300
379.449
381.656
380.154
379.112
378.845
376.763
378.070
378.722
378.291
379.463
377.628
380.751
378.832
380.035
380.792
379.924
378.714
381.157
380.408
379.826
381.788
379.682
379.815
380.831
380.198
381.130
380.756
379.807
381.526
379.005
380.294
380.677
377.667
379.463
379.129
378.881
380.302
379.842
379.103
378.544
378.485
376.994
379.691
381.865
379.712
378.961
379.596
377.612
379.204
379.495
380.396
379.047
377.463
378.277
380.006
381.609
380.613
379.728
378.307
379.526
379.198
378.147
377.834
377.517
381.826
379.827
380.130
379.093
381.238
378.897
378.099
380.055
378.943
381.888
379.915
377.896
378.432
379.681
378.614
378.727
380.569
379.656
379.526
378.490
379.591
379.852
379.735
379.885
379.816
380.823
377.939
380.455
380.986
381.290
380.575
379.900
380.238
382.165
380.101
380.477
379.412
379.997
382.261
382.129
378.877
379.606
380.920
380.248
380.515
380.824
382.114
381.342
379.792
380.263
381.017
380.106
379.878
377.886
380.475
378.944
381.276
381.644
380.161
380.597
380.648
381.090
380.396
380.404
379.774
381.321
379.298
379.092
376.848
378.433
379.277
379.776
380.174
379.160
379.962
381.985
380.811
378.885
380.163
378.268
379.330
377.468
381.545
383.280
383.538
378.889
378.919
380.227
381.301
380.360
380.348
381.585
378.402
378.357
378.225
379.060
379.912
379.047
380.077
380.917
380.508
381.374
381.832
379.801
380.966
379.712
382.549
381.376
381.815
379.843
380.121
380.670
379.872
381.537
380.653
381.105
379.665
380.462
378.958
378.894
380.617
378.779
381.501
378.587
377.116
379.389
379.043
379.703
379.477
379.951
376.938
380.275
379.478
378.364
381.205
380.262
379.592
380.168
379.633
378.905
379.756
380.749
380.270
381.097
381.010
381.550
379.294
381.263
379.371
379.204
380.025
380.523
379.006
378.135
381.565
379.965
380.882
377.965
379.221
380.174
378.950
380.799
381.079
379.489
379.380
382.182
380.623
380.034
379.498
381.652
379.205
380.990
379.886
380.856
382.131
381.358
379.562
378.839
379.889
380.325
379.259
378.385
380.614
380.399
381.624
379.870
381.387
379.596
381.325
380.407
379.833
378.704
379.181
378.402
378.899
380.422
380.868
382.992
382.754
383.066
382.188
379.729
381.139
381.117
380.206
378.097
380.794
378.605
378.653
380.543
379.029
381.056
381.152
379.942
380.478
380.034
381.255
378.826
379.738
381.488
379.369
380.377
379.608
379.022
381.038
382.161
378.693
379.665
379.545
379.080
378.327
380.815
380.847
379.396
377.736
381.043
379.865
379.841
381.618
380.907
380.695
378.871
379.907
378.957
382.274
382.578
380.337
381.353
378.360
378.955
380.221
381.450
379.183
379.604
378.441
379.381
379.681
380.451
379.275
379.220
380.476
376.986
380.147
380.425
379.635
380.500
380.992
378.779
379.780
378.538
377.176
379.295
379.105
380.177
379.447
378.016
379.254
380.750
380.876
381.205
380.186
382.642
380.489
380.756
379.341
381.295
382.325
382.127
380.940
382.565
381.517
382.192
377.394
378.511
380.956
379.533
379.222
378.088
377.163
378.719
378.037
379.487
381.878
381.855
382.044
381.007
382.133
381.041
380.210
379.993
380.965
380.552
380.786
379.340
379.487
379.827
380.318
379.664
380.561
378.541
378.843
379.875
379.331
379.219
378.217
380.061
379.135
381.306
379.877
381.632
380.993
380.173
377.848
379.937
381.158
380.323
380.113
379.732
378.541
380.496
379.848
378.482
381.199
380.836
381.687
379.504
380.958
380.155
380.701
379.614
378.798
376.158
377.467
380.351
380.112
379.263
380.380
379.944
379.586
378.930
379.006
381.303
379.310
379.528
379.201
382.307
380.808
379.422
382.941
380.405
382.044
378.140
380.375
380.895
380.039
379.120
379.234
380.113
381.903
380.973
381.942
379.770
376.656
379.681
380.507
380.032
380.873
378.214
379.303
378.734
378.599
379.789
380.773
382.379
380.599
379.177
377.888
378.343
381.756
379.454
379.498
380.867
380.834
380.077
379.894
379.035
381.596
381.796
380.416
379.322
379.059
381.873
380.353
380.242
380.759
381.843
379.936
379.290
380.724
380.233
380.923
380.045
379.946
381.091
381.831
378.946
378.428
377.539
377.841
380.912
379.386
379.401
380.488
380.421
380.298
378.987
379.716
379.352
381.600
381.340
379.251
379.100
379.885
378.709
379.499
379.420
380.581
379.896
378.637
381.357
380.142
378.703
379.177
379.002
381.673
380.759
379.569
381.456
380.558
380.282
379.274
378.558
381.234
381.723
378.945
381.106
379.138
380.712
380.478
382.353
383.779
382.639
381.574
381.207
381.951
380.942
380.466
381.140
382.697
383.883
382.499
381.434
380.737
376.776
379.693
379.178
382.286
378.948
379.488
378.417
378.043
377.052
377.780
378.932
377.545
379.140
381.629
380.165
378.934
377.938
378.724
379.441
377.928
379.612
380.139
378.871
380.984
379.403
377.895
379.737
381.943
381.880
380.567
382.224
379.551
379.780
378.867
379.725
380.522
379.342
378.153
379.671
378.662
379.112
380.412
381.207
379.619
381.083
380.244
377.217
379.494
380.786
379.249
380.108
378.818
379.270
380.635
376.790
379.763
378.735
380.217
379.312
381.950
379.180
380.854
378.546
378.724
378.769
378.978
380.174
379.279
380.816
382.940
378.958
379.409
381.366
380.786
381.152
378.711
379.070
379.552
380.248
381.030
378.780
379.244
379.166
379.517
380.399
380.428
380.715
381.227
381.075
379.180
381.304
380.048
381.663
379.923
379.866
379.595
378.119
377.972
379.033
381.360
381.779
382.962
381.193
378.747
379.993
379.597
377.074
380.123
379.311
379.383
381.028
378.488
380.458
380.229
378.553
377.454
379.910
376.976
380.212
380.888
382.203
381.563
381.513
381.397
379.521
381.629
379.572
379.728
378.817
380.454
380.017
379.981
380.688
379.916
378.401
378.913
377.989
380.590
380.907
381.359
379.192
379.631
379.545
382.156
379.519
380.702
381.767
381.370
382.567
378.833
383.176
381.142
381.554
382.506
379.640
381.946
380.481
379.795
380.231
381.492
379.589
379.200
380.410
379.860
382.804
381.701
381.508
377.549
379.656
378.563
379.904
377.885
378.231
376.970
378.742
379.398
379.800
377.740
379.174
381.409
380.490
379.770
379.433
379.070
380.415
380.987
379.261
378.307
378.145
378.195
378.457
378.675
379.265
379.024
381.296
382.339
379.785
380.721
381.674
379.806
380.818
379.249
380.453
380.170
381.124
381.588
380.918
380.338
378.770
378.738
378.570
378.523
382.152
380.273
379.315
378.572
378.560
379.846
380.451
380.798
380.432
380.785
378.716
379.604
379.495
377.363
380.619
379.446
377.846
377.159
379.794
378.104
378.891
379.589
378.557
380.386
378.824
379.370
383.568
382.060
378.916
381.918
380.208
380.806
381.240
379.565
382.220
380.738
381.484
380.737
379.729
378.831
379.123
379.139
379.671
378.727
380.251
380.916
381.184
379.904
380.064
379.935
380.030
380.345
379.984
380.075
379.872
376.892
380.412
379.954
379.636
380.753
379.861
381.050
378.697
377.300
379.538
377.752
378.241
379.659
378.658
381.835
379.983
380.491
380.244
380.841
379.099
378.930
379.396
379.371
380.125
382.593
379.781
379.067
380.190
382.077
380.315
381.531
379.959
383.378
380.110
381.397
381.172
381.064
379.578
379.510
378.192
379.410
380.117
382.449
380.414
380.696
380.138
381.008
379.738
381.169
379.362
380.098
381.077
381.312
380.995
380.213
380.483
378.923
379.534
376.486
379.056
378.512
376.538
380.755
381.182
380.526
377.378
381.031
380.583
381.363
379.114
379.469
378.856
380.083
380.489
380.007
382.016
380.716
384.238
383.844
383.663
381.528
379.698
379.331
381.327
381.263
379.856
380.652
380.133
376.694
379.155
379.638
380.389
378.220
380.937
380.664
377.157
380.299
379.347
379.830
378.179
379.359
379.732
379.915
380.895
381.371
383.807
382.468
381.149
380.270
380.778
379.339
381.489
381.329
380.225
381.193
379.747
380.781
380.176
379.497
380.785
381.428
381.283
381.040
379.101
380.667
