481.496
482.954
483.740
484.572
480.175
480.102
481.345
478.999
479.333
480.951
482.634
482.709
482.143
478.150
478.992
483.417
482.265
480.910
484.798
483.022
482.230
484.866
489.362
488.404
488.828
486.481
486.674
489.482
486.233
491.381
488.195
488.170
489.678
484.672
490.475
488.603
488.125
489.642
487.168
480.021
482.461
480.140
480.604
481.064
483.810
488.852
488.311
488.473
482.695
483.576
484.262
487.014
486.367
487.716
489.498
488.276
488.670
486.312
490.667
491.117
483.192
477.567
479.427
480.458
481.978
481.033
491.234
490.431
490.201
484.619
483.906
490.181
490.328
491.566
485.273
488.343
481.198
483.101
480.433
481.514
480.998
484.922
487.223
486.037
480.177
484.465
481.948
485.044
481.470
480.474
481.326
483.668
483.107
481.350
482.402
485.230
485.826
478.214
477.082
480.980
480.858
479.525
482.688
486.855
484.881
483.210
482.674
486.629
486.714
485.277
484.106
485.671
487.680
484.782
485.832
477.571
479.566
478.001
479.094
475.655
481.977
481.276
485.920
475.724
475.594
474.139
475.015
481.664
482.400
477.596
477.248
474.970
474.843
477.703
479.139
473.199
476.856
477.997
476.452
478.795
483.720
482.031
486.883
488.615
488.399
488.307
491.439
488.654
492.343
486.188
488.689
483.681
484.225
480.137
487.046
487.189
488.323
486.368
485.157
485.744
488.444
481.599
483.332
478.085
478.691
479.206
479.352
481.729
479.177
473.520
472.829
475.204
483.146
478.272
473.038
476.637
475.108
472.287
473.978
476.527
475.498
477.304
475.404
474.922
472.431
471.958
477.759
480.307
477.416
469.101
466.999
466.947
466.404
469.676
464.845
471.324
472.627
469.651
469.278
469.679
476.741
475.687
477.758
472.201
474.552
479.342
478.111
475.424
471.106
468.946
472.185
472.610
480.636
484.737
477.658
475.266
475.454
475.555
473.454
482.878
478.213
478.667
481.631
479.440
481.048
479.567
480.665
479.728
477.416
473.546
470.101
470.183
473.631
472.923
472.568
474.628
470.494
475.219
471.817
468.227
469.899
468.572
471.122
464.517
468.667
468.071
466.916
464.574
466.582
464.034
467.603
466.436
465.805
466.956
467.802
466.515
474.529
476.651
472.881
474.189
469.550
474.857
479.000
477.426
475.371
470.181
475.768
473.345
471.088
474.645
479.409
477.774
469.037
471.369
470.964
473.435
473.792
475.319
472.945
471.480
472.533
473.341
468.428
475.211
477.578
476.858
474.160
475.359
468.399
473.582
474.561
471.137
472.195
474.870
478.053
476.897
473.068
471.469
472.516
472.367
475.534
476.766
475.508
476.456
476.849
477.808
476.435
479.166
478.720
484.281
487.339
484.703
481.412
484.666
483.902
476.480
480.306
482.463
484.633
479.308
475.370
477.401
478.268
479.253
478.547
477.439
482.852
479.690
481.995
485.097
484.271
480.662
476.905
479.695
480.005
485.661
484.105
480.959
477.941
477.141
478.164
477.248
476.253
478.902
478.495
478.989
481.316
481.449
477.440
476.707
477.591
477.663
475.932
474.733
478.540
477.791
480.443
479.601
480.049
477.647
479.410
481.473
477.513
482.098
484.297
479.296
477.975
477.947
478.758
481.623
480.114
481.478
483.358
478.480
476.854
473.695
469.628
472.530
473.750
479.254
478.727
480.176
484.196
479.287
480.626
480.291
483.636
482.884
478.251
472.489
472.152
470.890
473.742
475.081
475.524
474.337
473.516
469.272
465.626
465.661
467.321
466.453
466.401
469.137
471.916
475.432
475.310
473.654
476.575
470.374
474.767
471.945
473.651
476.288
476.585
480.449
480.553
477.240
476.777
473.279
468.263
476.902
477.701
478.016
476.283
480.707
480.622
486.480
482.033
486.064
478.014
473.445
472.211
474.175
472.347
476.780
477.229
477.467
477.841
479.728
479.069
474.832
479.370
477.378
482.375
482.225
477.810
476.251
478.459
480.726
479.518
481.070
488.170
491.309
494.103
492.512
487.441
491.174
490.233
495.074
495.222
491.780
494.419
493.891
497.686
497.536
498.859
492.132
490.232
489.437
485.780
485.037
484.130
482.112
483.628
482.264
481.395
478.733
481.756
481.622
481.921
479.234
477.477
477.727
474.668
478.825
476.842
476.733
475.940
474.755
475.624
474.992
478.247
475.807
475.016
480.467
476.277
479.562
483.789
477.569
479.868
474.254
471.299
471.964
476.351
480.277
477.959
480.895
485.744
482.724
481.593
477.834
480.536
480.016
478.972
480.435
481.449
479.303
481.589
479.697
479.498
477.936
469.696
471.913
468.584
470.640
470.811
470.750
468.497
468.891
468.400
470.666
474.371
474.249
477.340
477.952
480.254
476.668
473.278
472.404
474.761
476.989
480.966
481.568
479.701
475.756
478.814
484.296
486.262
482.358
483.257
492.268
490.611
488.013
487.284
480.963
480.479
479.380
478.381
483.013
486.097
483.335
482.024
477.617
474.521
477.325
481.385
483.787
486.738
487.565
488.399
485.202
488.188
490.139
490.834
493.435
489.779
494.212
488.000
482.603
484.766
481.877
478.858
475.780
475.749
481.228
478.511
482.843
480.301
476.632
470.931
473.591
471.717
475.183
478.101
475.949
476.668
478.214
476.029
476.449
474.490
470.836
473.868
476.938
477.204
476.604
475.502
475.401
476.726
478.728
481.608
483.210
483.797
480.005
477.535
480.979
477.692
475.615
481.108
480.267
478.306
484.650
485.384
486.373
485.595
481.493
478.432
472.555
477.087
477.170
474.506
473.454
468.255
467.269
471.448
473.698
478.954
477.680
480.740
473.200
477.864
476.069
478.426
482.756
480.561
483.303
480.240
478.126
475.074
477.770
477.090
476.683
478.228
473.553
473.817
477.314
477.039
474.155
477.657
479.819
483.199
482.039
481.286
481.799
474.689
473.856
473.927
474.947
478.233
476.421
476.696
473.514
473.847
472.933
476.856
483.670
475.926
472.812
477.602
478.297
476.159
480.253
481.744
481.535
474.285
471.183
471.485
466.433
463.905
467.446
464.199
467.581
467.793
469.218
464.924
470.210
471.141
469.848
469.029
470.577
473.859
474.456
477.362
475.663
471.090
473.484
474.017
473.676
476.826
474.108
475.910
476.082
475.258
474.653
471.330
469.493
473.336
473.852
474.736
473.546
469.836
473.146
473.776
473.995
476.096
479.273
480.703
479.012
474.702
477.599
477.216
477.101
480.512
479.180
476.834
480.154
476.862
477.204
474.398
474.658
476.229
480.745
476.295
481.423
485.165
483.084
483.959
485.560
485.768
487.217
482.156
482.847
481.354
481.931
479.032
481.835
478.306
479.594
473.200
480.012
477.308
479.302
480.112
483.805
479.848
474.214
476.699
476.575
478.576
475.430
474.413
479.163
476.837
480.985
482.863
482.308
481.217
486.022
485.099
487.970
483.545
477.609
480.989
482.840
482.107
484.029
483.252
485.900
489.612
486.933
485.647
487.705
483.558
480.402
479.898
478.435
475.812
478.201
472.448
475.445
478.057
479.261
478.737
477.637
480.878
481.978
477.720
481.186
475.050
475.766
471.698
473.487
474.216
471.855
469.216
471.375
469.540
472.618
473.472
477.341
486.522
480.202
483.497
478.854
483.437
488.345
485.785
484.855
485.681
490.000
480.464
486.575
482.393
484.778
483.302
481.268
477.230
484.123
482.783
478.415
480.966
476.837
477.088
479.360
478.197
478.816
477.688
482.503
481.906
473.082
475.602
471.758
475.501
470.711
474.262
478.065
478.168
480.180
474.886
472.822
473.189
471.642
470.884
466.637
465.001
470.333
472.510
470.883
465.370
469.858
468.858
468.592
471.161
475.722
474.743
474.199
470.454
474.304
468.674
468.191
471.052
470.846
473.015
472.454
475.949
476.172
477.583
471.859
473.266
475.902
480.409
483.300
480.835
481.254
480.103
482.248
479.875
483.823
482.770
478.548
486.555
482.880
480.735
486.403
488.367
487.824
488.610
483.955
482.219
486.331
487.303
485.974
484.940
483.539
488.322
490.986
486.973
488.428
487.010
485.780
486.924
483.475
480.197
487.247
486.240
485.328
484.523
484.217
489.604
489.240
488.657
489.815
484.455
482.233
476.152
480.371
485.974
483.642
480.328
478.839
475.775
480.271
484.536
483.699
481.238
482.008
481.992
475.549
476.120
475.833
477.414
475.438
478.245
479.070
476.485
482.237
478.065
477.982
481.838
481.541
483.848
481.084
478.854
479.270
479.129
482.115
484.170
483.343
484.876
480.254
484.196
482.106
481.997
483.989
483.157
480.756
484.478
481.807
484.749
486.373
483.566
477.138
480.378
481.300
481.302
478.285
479.292
479.848
481.714
486.968
484.913
477.871
477.111
479.282
478.718
483.479
480.054
475.597
476.874
474.325
476.548
481.860
478.326
484.941
477.950
478.637
480.838
474.881
471.977
472.742
475.062
474.841
475.652
477.140
480.668
477.337
481.941
482.230
479.305
478.478
475.383
474.869
474.419
476.128
477.675
474.525
473.666
477.699
480.765
479.399
480.914
476.192
475.440
480.740
476.471
482.362
485.256
481.446
478.011
482.239
482.305
483.942
481.389
481.812
484.486
495.132
493.665
491.361
487.907
483.045
485.272
487.609
487.691
487.400
488.393
486.404
483.423
485.955
483.283
480.599
478.776
478.805
481.085
480.616
479.954
481.033
480.215
482.581
477.527
483.756
486.402
489.955
483.421
483.388
480.862
474.875
473.309
470.711
472.746
472.164
475.506
476.171
476.012
475.750
477.535
483.308
486.382
483.742
475.815
477.930
477.600
475.392
479.996
479.056
480.998
477.515
481.473
478.831
479.863
475.676
475.003
481.096
478.234
475.282
475.564
473.364
474.029
473.990
476.961
472.734
477.857
478.839
476.509
475.907
470.384
471.241
471.735
466.443
467.273
480.181
477.336
479.779
479.650
480.108
481.574
479.449
478.885
480.127
484.965
486.155
482.658
483.084
481.216
483.802
482.575
481.117
483.415
483.496
478.253
480.272
483.347
480.038
484.705
491.449
491.382
488.012
485.527
489.172
480.703
477.877
475.794
472.654
472.505
475.794
476.217
482.427
481.642
478.928
480.839
476.940
470.800
472.132
476.737
473.805
479.790
482.044
477.653
473.597
476.270
472.062
475.268
476.715
480.113
479.576
482.040
477.940
481.543
476.962
476.440
478.126
480.781
488.710
485.342
487.006
483.715
486.460
486.270
491.463
485.365
488.155
484.566
487.888
483.766
483.721
482.838
478.482
480.312
481.227
478.759
474.425
477.296
476.107
480.530
476.709
475.584
477.445
473.312
466.876
465.117
470.225
470.958
469.165
469.556
473.190
475.206
471.720
474.058
473.796
471.674
471.696
474.038
474.121
476.034
482.851
481.647
478.436
479.753
480.038
478.749
474.650
474.671
481.491
480.290
476.836
482.651
476.017
479.142
475.314
477.506
477.648
477.645
484.036
479.071
482.856
487.747
484.399
486.600
481.473
479.883
480.291
476.058
478.694
473.942
477.954
479.246
480.706
481.378
482.485
484.544
485.790
484.204
483.332
480.831
483.611
479.013
481.923
485.913
484.427
479.452
480.878
481.482
481.312
483.455
486.704
481.905
486.621
489.235
480.550
478.511
481.812
482.555
478.725
479.707
480.665
478.087
479.813
480.725
478.944
478.174
478.542
478.815
474.025
467.750
468.245
467.654
469.599
469.314
468.272
474.377
469.024
465.985
466.747
468.563
468.563
476.639
478.437
477.207
476.434
473.168
475.765
473.962
471.041
470.956
468.534
473.679
478.087
476.239
478.771
482.841
480.657
480.717
482.562
481.718
475.201
475.561
478.545
477.723
481.416
480.417
478.752
481.825
478.700
478.171
482.785
482.738
483.814
485.166
483.827
477.817
480.218
480.293
480.429
482.460
479.265
476.660
478.799
478.631
479.568
478.632
481.683
484.246
485.683
478.696
478.766
477.822
481.543
482.543
484.131
479.556
474.607
476.967
474.096
477.864
478.444
474.999
479.238
481.068
480.688
475.791
478.441
478.885
480.546
484.762
478.396
477.288
479.625
479.603
480.876
478.394
482.129
480.679
479.515
479.398
484.364
481.011
478.206
476.849
479.211
479.601
479.248
479.061
476.989
480.650
483.539
480.411
476.142
476.775
482.131
479.788
478.596
474.783
472.561
478.178
478.316
480.871
475.865
480.076
479.057
483.038
485.409
481.578
481.543
488.905
491.923
488.535
486.998
489.601
488.387
488.716
486.388
487.027
478.911
478.649
484.851
479.291
480.777
478.096
482.520
485.885
480.876
476.318
484.985
477.525
479.081
480.115
477.067
478.055
476.542
481.395
480.410
480.868
478.436
479.332
479.675
479.505
475.590
474.464
477.510
481.724
476.874
483.502
487.437
486.315
486.273
481.785
483.146
483.402
480.525
479.429
484.609
483.014
480.360
485.399
480.136
482.376
483.179
484.378
483.212
477.468
476.420
477.842
474.984
475.131
475.491
475.513
475.459
473.650
472.477
473.250
473.511
471.972
471.721
472.016
473.444
472.152
473.323
469.967
475.228
471.052
471.611
473.293
473.094
476.852
477.543
480.632
477.875
476.820
473.489
475.266
474.494
477.369
480.351
482.190
483.255
483.003
478.774
484.464
483.955
479.199
483.126
487.063
486.234
488.107
486.695
488.851
488.422
484.719
480.677
481.059
479.870
485.090
481.450
482.094
485.140
482.123
483.190
482.759
482.954
482.233
477.268
482.785
485.303
482.098
486.313
488.058
486.800
489.216
488.282
489.931
488.509
487.295
488.168
489.851
492.327
490.620
489.082
488.108
489.098
487.031
489.500
489.578
489.797
492.313
489.727
488.457
488.217
487.427
486.389
482.880
476.676
475.668
478.085
475.988
472.802
471.297
474.152
471.222
470.516
476.438
479.253
482.844
479.756
482.973
483.444
483.633
479.323
479.620
479.142
480.565
476.948
477.381
475.161
474.166
477.540
475.592
472.449
473.970
472.519
473.218
467.471
473.212
470.716
470.060
471.557
470.299
468.441
469.754
468.982
466.138
473.786
469.168
473.791
472.349
471.184
466.819
466.366
469.501
469.462
475.666
475.406
475.315
479.066
479.959
480.422
476.748
480.666
481.658
475.630
482.705
477.293
479.275
478.454
477.409
474.876
483.432
484.173
485.899
490.283
485.070
486.755
488.176
484.231
480.730
485.860
484.249
484.124
486.572
478.123
480.272
477.363
478.025
477.284
476.879
478.035
480.070
479.272
480.200
478.155
472.120
474.052
479.098
473.244
472.561
473.681
470.994
474.925
476.047
476.540
477.631
475.871
477.516
480.195
482.089
476.333
479.616
475.717
473.751
472.093
474.942
475.887
474.949
473.901
475.329
474.759
473.895
471.575
474.365
477.308
485.152
484.056
489.988
485.202
486.665
483.120
478.845
478.470
480.883
479.966
485.068
483.458
480.111
489.103
486.070
484.433
484.112
487.003
481.122
479.980
478.479
481.142
481.619
481.356
479.093
483.512
480.520
479.913
479.652
485.174
485.914
485.557
480.673
484.357
483.580
480.186
483.450
478.165
480.456
484.024
489.485
489.744
489.381
486.601
485.812
485.244
481.371
480.724
478.857
482.647
486.012
487.800
489.992
485.095
487.103
488.784
488.472
489.566
489.220
491.819
491.974
490.548
493.946
493.236
488.115
487.699
483.430
484.882
484.901
485.963
484.967
487.426
485.977
482.152
486.865
478.231
481.574
484.789
481.671
482.347
486.002
488.483
488.632
486.519
483.279
475.068
477.897
477.318
476.853
476.849
481.680
477.802
478.276
481.623
481.924
477.698
476.783
481.298
478.910
475.252
481.955
481.449
478.884
473.057
471.965
473.501
477.186
475.667
479.093
475.747
474.559
472.927
471.092
468.911
466.333
466.062
468.126
472.010
468.723
464.940
468.288
474.425
474.106
472.438
472.523
468.730
471.707
476.191
474.400
474.169
470.462
470.059
466.845
470.088
469.769
474.085
472.840
471.388
474.823
476.357
476.237
477.716
478.211
472.058
476.935
479.052
480.098
477.036
475.841
473.279
472.277
476.825
476.120
479.135
478.402
478.934
473.184
474.880
475.315
475.477
472.688
474.563
479.224
479.472
478.797
477.395
474.868
475.847
470.507
468.556
470.742
469.483
466.850
476.861
473.269
471.385
472.136
471.264
468.551
469.467
468.141
468.002
468.118
466.497
469.079
469.023
475.442
471.697
467.399
460.618
461.226
459.939
462.887
458.544
457.096
457.300
460.039
467.887
468.395
471.442
470.030
473.939
471.722
471.322
468.077
468.008
473.497
474.243
474.820
474.417
470.132
469.997
473.397
471.982
472.892
466.951
474.646
472.782
473.685
472.267
468.974
472.254
472.238
469.572
469.993
474.793
476.348
477.123
476.503
481.703
483.268
480.807
480.071
480.420
481.988
478.268
479.388
473.114
477.673
480.975
477.642
482.363
481.208
477.973
472.167
476.314
472.680
474.240
472.630
473.642
477.044
473.870
473.767
475.271
470.775
467.275
464.178
469.979
470.421
466.489
472.985
467.317
467.994
471.869
474.183
471.708
471.340
472.706
475.550
471.352
472.444
472.979
474.533
471.928
474.716
475.867
472.436
469.140
469.052
473.217
477.118
472.750
469.298
473.156
472.467
469.899
469.946
470.465
470.879
471.468
467.592
464.912
464.803
467.704
463.148
465.390
468.288
467.370
464.534
464.629
467.347
471.469
474.385
474.212
475.310
477.497
478.860
472.883
476.354
476.352
477.665
478.314
474.171
474.510
477.635
475.495
475.961
472.296
472.856
474.627
475.118
472.984
472.034
476.763
476.015
478.118
476.698
479.876
478.525
479.024
479.268
479.907
479.032
477.576
482.843
478.152
480.855
483.144
485.473
482.970
477.763
478.699
479.461
482.258
483.689
483.805
483.582
485.258
487.523
487.854
490.955
486.747
492.201
491.277
484.997
492.622
489.228
488.023
489.408
489.302
486.447
485.103
483.074
485.404
481.528
480.308
486.177
484.069
482.966
480.575
476.789
481.115
483.264
483.359
486.317
484.575
482.862
480.524
482.464
481.957
481.959
480.657
482.043
477.736
476.583
474.306
475.627
477.816
479.703
475.811
476.652
481.171
480.438
477.943
480.730
476.598
474.813
473.440
473.260
476.672
477.520
471.519
469.340
475.955
479.949
481.524
483.686
479.737
478.356
481.026
481.642
480.719
476.455
473.328
470.812
469.495
468.187
468.943
471.920
472.971
469.214
471.301
467.839
470.524
469.226
467.060
471.928
464.830
464.754
471.457
473.847
473.212
475.069
474.354
470.009
469.460
473.764
465.530
469.998
475.744
476.911
481.866
480.605
476.427
480.329
471.864
471.760
476.808
475.342
474.710
477.821
480.193
476.091
483.987
476.907
473.533
474.645
475.688
481.225
482.426
479.529
476.830
482.649
477.116
476.122
478.322
477.435
485.139
486.628
483.440
480.434
483.583
481.071
480.974
481.211
480.890
477.866
482.636
481.169
475.430
478.900
482.653
479.630
476.231
479.061
477.960
478.260
481.375
476.254
485.777
486.972
491.378
490.628
486.858
490.538
486.336
483.536
488.290
487.834
485.502
488.074
486.607
485.724
483.567
476.184
477.649
481.673
481.492
487.027
484.059
484.307
486.618
484.829
478.532
480.768
476.221
481.180
481.065
478.359
484.034
483.156
481.416
482.907
478.047
477.554
483.956
479.631
481.921
483.632
483.187
486.094
489.550
484.843
484.961
485.237
483.586
481.100
484.714
480.740
478.972
474.806
478.102
478.580
483.821
476.340
483.593
484.127
483.026
486.731
484.917
483.049
478.452
478.396
475.638
476.669
477.349
479.009
474.733
472.158
473.622
470.669
474.635
472.241
473.400
471.531
470.615
474.067
469.941
473.150
472.098
467.821
470.214
475.186
476.993
475.829
475.727
474.728
479.355
479.135
479.848
479.731
479.859
476.418
474.858
474.126
477.530
480.442
480.875
487.530
487.122
484.329
481.940
480.340
478.450
475.730
482.054
483.752
479.805
482.089
481.075
480.880
485.387
483.651
482.156
483.995
478.969
480.870
478.056
475.731
477.846
477.318
476.125
473.076
476.426
481.079
478.722
477.124
483.289
478.010
472.430
477.860
479.882
479.023
481.248
477.096
479.071
480.974
479.318
480.106
477.610
481.616
477.871
477.815
478.695
478.623
480.012
476.650
481.349
477.442
475.912
472.706
476.813
478.640
476.542
479.244
473.728
473.237
470.566
471.805
471.861
470.945
473.444
471.833
475.685
477.097
478.045
479.405
482.697
485.655
481.867
481.372
478.589
477.809
479.046
481.719
478.312
476.801
478.196
475.940
472.411
473.992
470.543
476.570
475.106
475.144
480.454
478.731
478.014
480.369
482.901
480.119
479.862
480.807
482.779
475.686
479.606
478.253
477.316
484.557
480.860
482.317
476.201
475.733
480.279
482.499
481.191
481.058
475.065
477.663
488.374
490.191
489.502
479.967
486.402
479.681
476.835
471.885
469.690
472.987
475.985
479.256
481.249
477.491
477.387
480.670
478.317
479.758
478.085
478.390
475.148
474.446
476.387
483.367
478.741
475.197
476.138
474.641
477.520
473.561
471.728
477.322
471.610
470.253
472.676
472.757
470.976
469.332
469.399
472.182
472.030
470.244
467.724
474.641
475.135
476.942
471.848
472.222
472.262
474.483
479.059
479.667
476.463
476.420
480.372
483.184
482.985
486.142
485.978
484.501
485.811
483.646
480.628
478.996
480.036
480.037
478.795
478.704
477.675
472.602
472.267
475.721
474.403
480.426
479.383
477.686
482.694
477.612
474.096
476.321
480.832
478.810
473.712
475.291
476.156
478.629
478.798
479.528
475.942
475.820
471.631
477.094
481.205
481.917
479.784
483.192
478.990
477.568
481.086
481.918
479.641
478.816
479.194
480.024
476.567
479.425
472.554
474.530
477.494
475.008
473.949
471.041
468.876
468.620
470.359
471.130
468.480
466.256
469.375
473.636
472.157
473.001
473.046
471.842
475.536
476.424
476.985
480.079
478.051
477.399
475.746
478.041
475.663
479.545
477.836
476.508
478.262
477.588
473.402
476.410
474.289
477.511
470.824
466.541
469.220
464.314
462.699
459.794
465.800
468.926
469.067
471.123
473.586
472.994
469.967
474.945
479.044
480.274
478.901
477.321
479.913
477.643
476.158
476.866
470.508
474.978
474.272
474.896
472.161
473.047
471.762
470.328
474.504
474.964
474.774
472.102
475.950
473.618
476.227
477.030
474.996
480.352
484.082
480.888
482.209
480.087
478.484
481.344
482.411
481.945
483.752
482.037
482.040
480.669
480.075
480.602
478.673
480.241
481.725
482.980
482.669
479.396
478.355
478.174
476.303
482.054
481.690
478.543
476.978
480.474
478.644
476.598
480.142
479.866
474.990
481.347
480.677
474.918
478.891
481.665
479.969
478.468
478.410
479.394
479.205
477.112
485.156
484.722
483.158
482.853
476.685
472.605
472.412
471.715
471.627
475.917
479.248
476.374
476.286
476.369
479.742
477.760
479.544
478.996
481.037
480.307
474.337
475.940
478.255
478.479
474.932
472.165
470.598
472.033
470.925
474.277
478.689
478.467
474.484
481.374
481.163
481.843
482.927
481.922
476.409
475.166
476.350
473.764
470.470
475.015
471.616
476.319
470.615
475.891
473.831
470.315
472.231
474.747
474.422
468.911
473.800
474.971
479.062
475.630
470.931
470.282
471.560
468.854
470.784
470.562
473.081
474.481
473.611
469.590
469.700
473.429
480.589
476.054
471.347
472.776
473.907
474.025
470.663
472.130
473.003
470.734
477.639
475.744
473.267
473.562
472.482
473.339
477.270
481.789
477.918
480.375
483.261
478.785
481.573
479.024
479.751
478.152
475.661
475.061
472.388
482.495
479.277
481.814
480.225
480.955
478.295
479.295
485.556
479.588
478.737
480.527
478.359
476.682
480.091
475.189
472.812
475.074
475.328
471.621
470.133
466.381
472.744
468.632
471.160
464.859
465.167
464.370
467.036
468.111
467.600
465.725
465.540
463.784
465.853
465.948
464.984
464.676
468.678
468.464
471.364
474.048
468.556
463.452
463.234
467.193
478.249
479.655
479.418
474.877
475.782
475.672
477.967
478.196
478.971
479.881
478.203
483.739
475.463
478.398
481.910
483.378
482.664
487.612
484.968
485.059
485.871
486.108
485.648
481.331
476.407
482.445
482.759
484.604
482.704
483.276
482.780
486.877
479.958
479.971
478.625
484.350
482.948
485.027
486.567
486.532
488.690
490.993
481.450
486.444
482.026
480.191
478.021
479.694
480.280
486.699
490.644
483.431
484.424
481.657
484.598
480.428
477.755
472.903
477.022
478.041
472.735
474.600
469.429
470.583
470.056
466.235
467.217
472.766
471.798
480.219
476.979
475.332
469.550
473.384
473.398
469.400
470.150
471.854
468.866
472.361
475.051
476.507
471.909
473.295
470.730
476.449
478.847
476.074
476.052
479.961
482.170
479.850
478.346
474.176
473.601
471.606
474.538
474.744
469.517
464.258
468.039
463.446
464.264
466.500
465.472
470.086
472.922
469.177
475.147
475.027
480.918
481.608
481.409
475.282
479.916
481.675
478.790
478.868
477.209
472.233
474.877
476.970
477.334
484.210
484.457
482.679
482.772
482.496
487.720
487.104
487.672
489.570
487.304
485.148
481.021
477.600
478.395
479.625
477.118
475.714
479.617
478.542
472.454
475.032
474.443
475.048
477.462
479.211
476.774
474.018
482.472
477.111
477.567
475.954
478.876
478.348
476.721
479.365
480.056
478.020
477.940
478.722
478.292
476.458
473.025
469.286
470.849
476.520
479.016
480.840
480.320
484.200
480.739
484.594
488.605
483.910
479.215
476.736
473.114
474.059
471.832
471.893
473.670
473.465
475.759
474.843
476.280
478.244
469.280
468.795
467.455
478.638
477.695
475.969
475.004
470.292
471.562
475.082
476.030
475.041
471.922
471.800
473.400
474.756
473.892
473.449
476.874
473.364
471.663
471.949
466.677
468.819
471.158
469.680
472.840
476.350
479.041
473.657
472.928
468.418
469.779
473.198
468.650
473.101
470.625
472.147
473.166
475.076
471.738
476.372
480.733
484.003
487.265
481.232
480.485
479.144
484.027
488.281
481.714
483.637
478.924
484.530
487.108
484.461
486.144
481.465
479.838
481.027
482.462
479.712
478.972
477.892
474.728
477.223
478.849
476.559
483.609
474.328
471.085
474.638
473.006
473.174
474.475
475.319
472.171
477.521
476.350
477.421
476.662
475.325
475.358
479.859
479.282
473.402
472.592
477.655
472.477
475.702
475.679
472.925
475.505
473.405
476.679
474.550
471.763
470.623
465.064
470.913
466.863
467.238
468.598
469.630
472.889
474.497
472.177
472.457
471.837
476.129
475.524
482.594
478.432
473.148
470.057
471.584
468.681
470.492
471.521
471.266
475.804
475.528
480.276
478.003
476.946
472.933
471.683
470.839
468.835
468.300
470.051
469.681
471.373
475.709
478.672
478.194
483.275
483.536
481.963
481.466
478.651
474.708
476.309
477.552
476.036
473.069
478.530
473.233
474.895
477.072
476.834
470.635
474.069
475.404
472.868
471.584
470.672
475.308
475.565
472.598
467.585
476.593
475.748
471.689
474.683
470.575
472.643
478.944
480.231
481.067
478.960
484.978
484.688
483.020
480.134
482.574
481.231
486.279
478.952
476.329
473.976
480.071
478.757
479.722
483.219
480.935
476.199
476.369
481.840
482.101
483.698
479.024
489.115
484.378
476.236
475.418
482.310
483.219
481.616
478.487
476.605
475.496
475.922
478.588
479.206
477.518
481.056
479.609
478.204
479.765
484.458
478.585
474.593
471.443
469.016
470.851
471.172
467.680
467.012
466.516
470.532
477.408
478.129
474.124
472.154
471.427
471.499
475.059
473.528
476.978
477.558
480.773
483.712
488.673
486.007
484.547
488.283
486.093
485.854
482.979
485.954
486.671
486.471
485.548
484.627
487.630
478.967
473.312
470.808
474.913
476.438
471.241
470.467
475.043
471.254
469.224
469.440
469.608
470.999
478.088
478.339
482.901
477.398
475.128
480.825
480.640
477.935
471.450
471.148
474.109
472.722
471.299
471.204
477.401
478.428
476.081
477.101
482.660
483.621
486.571
482.100
481.942
480.999
479.605
473.456
475.774
478.479
477.618
478.144
481.200
482.136
478.460
482.284
485.397
482.387
480.932
478.421
477.120
474.546
473.992
471.832
472.351
474.892
478.054
480.681
480.888
480.780
478.394
478.262
478.735
478.301
474.928
477.717
480.881
475.742
473.932
473.502
478.371
478.895
474.076
472.884
472.534
468.934
471.331
469.016
468.611
472.099
469.332
472.823
473.075
471.165
468.816
470.242
469.052
469.637
471.078
470.824
471.388
480.501
476.108
476.090
473.596
473.555
478.709
481.444
479.680
478.151
476.772
480.220
477.594
475.972
481.058
481.091
480.406
478.457
481.615
484.891
484.041
488.767
485.940
487.392
481.358
481.346
483.251
477.695
488.094
485.945
481.351
477.158
478.971
476.465
473.881
476.537
478.905
484.830
484.799
479.720
479.210
476.393
480.355
484.297
483.242
485.146
484.035
485.149
476.955
481.279
485.509
481.687
479.689
483.030
482.953
483.524
482.345
486.261
485.424
489.047
485.722
484.767
490.200
487.486
487.452
486.958
482.995
486.066
483.959
482.206
483.356
475.091
476.610
477.277
474.972
477.319
477.367
477.907
482.891
478.021
474.714
474.056
475.913
474.792
478.135
473.568
469.745
470.727
473.180
470.782
470.043
469.876
473.625
469.307
469.455
474.211
472.140
474.963
476.307
479.877
478.433
476.436
481.376
475.364
477.707
479.517
479.817
479.896
476.969
472.785
471.609
471.625
470.972
475.029
477.855
477.364
478.529
475.347
474.518
473.765
476.246
476.156
471.571
473.266
479.886
478.489
476.445
478.123
480.239
475.836
481.592
481.942
478.348
480.484
482.750
488.728
492.506
486.305
486.299
485.433
487.546
486.827
490.331
488.703
487.782
481.454
481.221
480.703
474.461
474.701
470.613
467.247
463.835
465.937
464.499
465.142
467.799
467.117
468.672
468.759
462.356
465.726
466.665
465.235
465.569
470.199
467.652
481.693
484.173
482.140
482.700
478.690
480.954
481.554
478.942
473.595
471.561
473.533
474.474
472.822
476.074
475.346
474.584
471.831
478.732
480.582
480.749
476.021
472.532
475.793
479.832
483.034
476.123
476.223
478.076
477.206
476.712
478.535
477.456
482.132
484.619
473.897
473.715
468.835
468.442
470.415
472.337
471.401
470.418
472.240
472.742
477.009
475.738
475.438
474.771
478.539
478.832
479.215
478.753
481.624
482.858
481.825
478.728
478.639
475.411
475.024
479.800
476.141
479.424
480.739
478.341
478.866
480.917
485.753
482.637
482.135
478.341
479.133
477.079
481.510
481.673
479.908
472.948
473.413
476.178
471.699
473.724
476.649
483.726
485.946
484.900
488.146
490.811
489.780
483.236
480.006
482.785
483.056
482.085
482.490
484.922
485.850
482.031
481.773
484.130
484.116
486.281
484.580
477.640
479.106
486.864
484.237
483.398
484.075
488.912
483.958
484.741
488.292
486.538
493.806
495.021
493.391
497.309
497.794
500.368
501.451
497.481
496.758
504.061
501.317
501.733
506.469
503.619
504.934
504.448
502.787
505.698
505.340
497.644
492.773
487.881
486.769
486.755
485.190
485.615
484.505
484.009
492.489
488.730
490.349
491.372
486.869
487.693
481.386
473.750
471.025
475.797
471.197
474.434
473.448
476.070
473.357
472.225
476.803
475.641
474.516
474.491
470.521
469.118
472.936
475.320
477.253
482.227
480.442
475.458
472.614
469.534
470.936
473.283
471.197
472.264
474.764
478.904
477.398
476.918
471.465
475.346
475.622
475.776
469.738
469.305
474.249
473.297
471.705
475.585
477.561
477.653
476.543
474.805
473.071
472.577
477.409
481.252
479.676
478.780
476.467
481.557
474.639
471.633
473.784
474.634
474.513
472.697
471.516
470.971
474.214
472.782
470.833
472.595
467.917
470.645
471.296
469.783
468.873
469.774
472.848
471.776
470.905
474.801
479.462
477.226
483.998
481.328
485.312
484.150
481.246
481.384
486.581
480.573
473.714
478.927
479.898
486.057
485.810
482.343
488.327
482.961
487.613
485.758
485.328
488.055
484.482
488.253
484.075
482.935
482.405
478.779
479.233
477.643
478.003
479.814
483.874
477.925
480.376
481.942
482.693
491.353
488.356
486.375
482.411
484.316
487.449
481.602
477.156
479.180
477.310
476.085
482.616
478.179
478.764
471.751
476.146
474.996
474.401
473.753
473.755
474.085
482.110
480.063
478.708
476.075
479.556
475.718
481.590
483.095
478.679
480.342
473.899
471.382
478.268
475.261
479.673
476.889
472.608
470.808
475.691
482.229
477.914
476.147
478.195
475.729
479.297
482.070
483.479
483.278
483.411
480.386
478.472
473.460
480.285
480.710
481.316
480.335
475.193
470.759
472.091
477.368
479.297
475.400
477.700
475.513
475.692
470.403
477.922
476.665
484.683
487.428
486.802
483.348
485.178
486.601
478.178
484.249
487.845
486.041
488.423
488.758
488.233
488.377
483.523
487.745
483.295
483.562
476.749
480.326
475.849
478.092
473.899
471.333
475.330
474.511
473.905
475.519
478.220
482.748
479.934
482.790
482.667
479.263
477.274
477.325
483.104
481.620
481.149
480.958
480.208
476.540
479.239
477.476
478.296
481.660
479.623
477.745
475.933
474.098
478.332
475.820
468.688
469.164
471.167
470.190
472.054
476.144
472.717
473.738
474.595
479.072
482.666
481.413
484.795
485.270
486.152
487.912
482.857
484.050
489.955
492.779
491.753
496.253
494.140
488.931
486.779
487.490
486.520
487.013
488.009
485.702
488.758
489.533
487.499
492.452
490.135
491.426
489.991
487.258
489.852
490.685
491.982
490.793
492.471
491.998
484.614
494.724
488.938
490.800
490.123
489.782
493.999
486.046
485.978
482.982
485.956
482.476
478.597
480.521
481.208
483.558
480.350
487.634
488.736
487.591
485.275
483.480
485.147
485.506
483.547
480.874
475.406
475.063
474.763
473.010
475.939
478.634
479.065
477.845
476.531
477.000
476.343
479.883
482.541
479.889
480.056
480.913
477.696
476.909
475.270
472.947
474.788
474.078
477.257
476.453
474.019
478.415
476.282
476.804
481.179
480.119
480.749
486.538
480.410
479.097
481.235
479.435
478.874
479.263
478.177
477.369
478.174
476.015
473.078
472.359
478.158
475.737
475.453
473.080
475.922
470.052
474.847
470.776
469.851
468.913
474.198
475.208
474.604
471.127
468.752
467.423
465.438
466.685
466.839
466.509
468.981
470.243
474.236
473.520
472.699
464.911
466.030
466.629
468.974
467.073
466.431
476.307
477.055
474.608
475.420
470.422
471.979
472.539
472.863
475.998
471.468
469.257
472.887
478.989
473.358
474.437
476.453
477.976
477.121
476.769
473.636
466.791
469.166
466.980
469.167
468.078
468.674
465.242
467.704
472.196
466.403
469.421
467.743
471.812
474.486
473.368
469.272
469.949
467.928
473.379
474.359
478.109
477.463
475.639
473.954
476.062
475.797
475.884
474.541
473.981
474.107
474.593
470.323
470.574
473.829
471.211
471.665
472.028
473.203
475.904
479.350
474.522
477.059
481.625
478.860
478.577
483.031
488.985
487.157
485.539
485.100
485.462
490.646
485.902
488.060
484.352
491.320
488.911
492.612
493.179
490.814
485.505
488.637
491.975
492.089
486.325
487.462
487.704
481.576
482.804
492.404
482.380
475.795
472.234
472.391
479.700
478.420
478.864
482.613
483.579
484.598
484.075
479.333
479.770
475.906
475.635
471.316
477.343
470.184
475.166
480.720
479.753
486.692
484.993
482.300
483.592
486.228
483.543
480.890
487.198
481.563
478.766
477.411
482.407
478.416
474.815
474.008
478.169
474.715
465.591
473.361
469.264
467.912
466.891
469.347
470.892
470.884
468.346
470.388
468.852
471.174
472.006
473.952
473.324
477.149
474.648
473.131
475.032
479.771
480.140
480.014
480.421
478.103
476.502
474.852
476.443
479.124
474.608
483.436
477.302
481.748
480.156
475.635
483.254
478.805
485.775
483.399
487.992
482.810
483.452
484.212
481.792
485.207
481.926
476.696
475.686
478.280
480.306
481.156
480.827
481.336
480.193
481.105
479.426
477.835
472.660
477.983
477.885
477.401
475.845
480.561
475.023
479.479
479.427
478.070
478.340
482.092
473.769
468.013
476.644
476.777
473.336
473.106
470.248
474.924
475.966
477.055
476.194
477.506
481.038
481.358
481.797
477.605
471.138
468.140
468.279
471.230
477.137
470.633
470.632
465.696
465.300
466.730
464.689
465.253
463.928
468.241
472.357
472.188
473.793
475.805
475.417
473.467
474.931
472.958
474.763
481.254
479.732
481.436
481.419
481.920
475.675
477.195
479.268
475.000
478.105
478.036
481.004
474.899
472.973
474.702
474.123
475.003
479.598
485.398
476.776
477.687
480.106
482.385
480.476
482.270
476.345
484.135
484.384
482.663
477.917
477.138
474.018
475.963
480.488
472.013
478.135
475.443
474.001
477.151
474.938
475.364
479.686
475.657
472.975
474.412
479.150
477.567
483.476
480.164
481.838
478.602
472.122
477.053
475.625
472.880
478.188
474.690
476.053
476.576
478.016
476.913
482.197
485.427
489.333
488.730
488.596
488.625
481.717
482.736
484.478
486.648
481.847
480.394
481.234
475.469
483.140
476.249
474.938
473.686
469.436
472.652
474.749
472.965
473.573
470.513
472.689
476.665
476.946
479.027
481.824
476.607
482.811
482.885
480.091
481.270
480.084
484.319
485.059
485.962
483.804
484.620
489.243
484.036
480.162
475.557
474.638
476.890
470.956
474.879
479.152
475.152
474.349
471.194
477.502
478.924
488.851
485.744
481.682
479.376
477.299
473.045
474.038
475.090
476.825
476.110
476.600
475.525
476.656
478.900
480.764
476.495
475.121
479.996
483.272
480.926
480.621
480.432
478.545
480.354
476.879
474.771
473.792
473.503
479.053
477.833
477.433
482.899
476.894
481.174
479.423
485.140
484.935
488.618
484.343
485.773
484.596
474.703
481.373
483.896
480.817
479.463
478.888
475.057
471.401
469.121
475.926
467.704
466.089
469.794
471.059
472.121
471.012
473.533
472.942
472.188
466.599
464.192
462.820
466.874
465.659
470.309
472.118
469.346
474.831
479.199
475.586
473.078
468.498
467.634
468.069
466.245
467.619
467.409
471.143
465.658
466.709
470.703
469.096
469.649
468.587
472.407
468.307
472.126
473.036
471.989
475.184
477.131
476.285
475.015
475.405
476.498
476.427
474.101
469.961
471.507
479.139
483.853
482.448
485.411
481.223
480.365
481.957
479.193
481.806
485.206
488.645
484.479
485.245
482.698
483.454
479.098
483.189
480.232
481.940
480.577
480.618
484.099
486.787
482.459
479.438
476.510
478.200
477.069
480.490
480.007
480.607
480.682
484.729
482.937
484.576
483.308
482.181
479.690
479.127
482.625
482.787
483.566
487.815
492.366
484.306
487.056
485.201
489.584
486.222
484.095
488.068
486.958
481.992
481.630
482.897
476.547
475.280
477.268
478.017
473.475
480.400
476.264
481.494
476.509
482.614
479.967
479.582
479.974
482.855
481.453
475.578
473.815
474.710
470.446
472.676
481.562
478.092
479.769
480.620
482.364
481.517
480.364
483.029
483.633
483.343
485.316
485.783
482.407
483.231
481.723
482.845
484.125
478.316
481.600
477.085
481.837
479.274
478.678
481.016
477.506
479.877
482.732
481.380
482.849
481.072
479.006
483.735
487.241
485.300
484.333
483.290
479.869
481.696
488.523
484.592
483.141
480.016
478.956
489.263
489.766
492.284
490.469
486.599
486.046
480.059
485.054
489.026
486.255
489.894
486.481
483.250
485.761
482.460
478.855
478.358
476.662
481.425
484.303
481.367
482.432
486.033
483.755
479.856
482.512
486.458
483.851
485.155
484.732
484.476
482.863
485.731
487.749
483.758
490.691
483.179
485.083
478.336
476.002
478.135
475.015
473.099
476.446
478.134
474.852
475.548
474.591
470.691
477.421
479.955
483.822
480.360
479.666
477.369
476.067
475.033
475.828
468.809
469.818
472.593
472.749
469.742
469.994
465.332
468.453
471.499
471.318
473.620
478.859
479.009
476.888
480.051
481.302
477.649
473.988
471.675
475.177
482.818
486.803
484.781
480.903
481.341
478.461
475.251
477.912
484.659
484.009
480.340
475.080
478.436
478.943
478.170
474.479
474.870
475.890
473.459
474.232
476.255
475.405
477.874
479.797
473.656
479.269
477.809
475.979
476.000
472.874
473.285
476.082
477.512
477.131
471.488
468.231
475.217
477.066
476.322
473.775
474.584
468.057
469.177
475.213
476.062
471.932
475.098
473.634
468.623
474.423
471.305
474.807
478.757
476.387
477.893
471.074
465.926
465.772
469.857
463.626
464.468
467.963
473.013
469.245
469.596
471.111
474.258
470.967
470.468
469.823
473.257
472.402
472.373
474.564
474.995
474.492
475.287
473.923
472.496
473.464
470.546
465.641
470.609
478.609
474.599
471.082
473.302
467.310
467.123
464.846
460.821
462.099
464.872
466.975
465.148
463.168
464.815
468.064
468.732
469.226
472.085
468.589
468.915
467.280
469.469
464.522
471.779
465.122
465.797
465.302
464.418
459.827
466.153
466.671
464.941
467.506
464.378
468.349
469.129
475.550
474.493
476.009
478.024
475.791
474.077
476.117
477.537
477.715
480.280
473.471
476.147
476.602
479.052
483.496
484.256
483.198
486.006
485.755
487.259
482.254
485.063
483.178
482.595
478.778
477.901
478.606
484.474
483.376
476.899
476.832
478.155
476.317
474.979
472.332
471.336
471.554
475.865
473.651
476.586
471.593
472.525
475.712
474.827
473.354
481.281
476.873
480.308
479.436
475.032
476.644
480.399
480.268
482.892
479.129
480.533
483.984
477.576
479.640
482.084
482.715
478.726
481.988
480.820
479.332
479.496
484.868
477.505
478.317
478.848
474.855
474.378
475.128
476.850
479.162
482.106
479.821
483.887
484.900
483.974
489.270
487.627
489.906
483.615
486.333
488.947
487.504
486.473
489.557
485.776
483.803
483.457
486.790
487.085
488.449
483.094
483.798
488.086
490.155
487.166
492.585
491.013
494.288
491.748
491.952
493.845
491.760
487.979
494.355
489.350
487.933
486.101
485.895
489.982
485.145
485.914
489.200
490.048
490.678
488.964
487.082
489.946
489.930
487.047
484.185
484.575
485.058
485.189
484.128
486.842
485.422
484.503
478.269
484.366
480.632
480.831
483.558
483.907
484.960
484.817
486.761
481.267
484.127
486.067
485.436
485.368
482.952
480.389
481.043
477.991
477.269
479.429
479.516
483.135
478.249
471.898
466.701
471.606
478.334
475.442
467.837
468.245
470.044
475.435
474.758
474.763
472.039
470.738
469.051
472.600
471.027
468.901
466.446
468.000
463.967
469.723
470.274
475.789
473.424
478.619
481.693
480.962
480.831
477.913
482.073
478.765
477.257
476.649
472.246
477.176
478.647
478.923
481.924
482.193
485.232
479.988
479.908
482.971
482.753
483.441
480.470
481.584
478.673
482.051
485.555
479.425
483.110
482.605
481.213
480.457
487.790
489.654
490.282
489.918
490.563
490.183
491.226
487.091
486.795
484.290
480.465
480.604
479.385
482.810
480.213
482.961
481.152
475.791
476.627
473.659
481.580
476.256
479.747
481.590
482.402
484.072
476.683
477.557
475.207
468.964
471.992
473.370
475.614
475.991
481.439
476.739
481.765
479.944
481.779
485.376
485.995
490.660
491.958
491.209
485.471
478.337
480.853
480.097
480.776
476.416
480.603
480.083
481.221
482.888
479.697
476.782
472.509
478.391
479.021
480.005
477.978
481.342
