384.618
388.862
385.447
387.877
386.015
386.820
388.376
387.799
386.798
385.438
385.761
386.046
386.046
386.362
381.645
384.814
385.010
386.684
386.351
384.263
384.997
383.864
382.941
384.074
384.879
384.206
385.570
387.591
385.909
385.814
385.965
384.171
385.852
387.440
388.040
385.361
386.760
389.445
387.275
386.714
385.370
384.676
386.278
386.323
386.220
387.292
383.504
384.512
386.835
385.534
386.747
385.816
385.633
385.783
387.333
386.256
384.564
382.141
387.102
386.848
388.424
386.852
387.920
388.475
387.744
386.174
387.968
385.255
385.869
384.044
384.435
384.913
388.429
387.323
385.605
386.883
386.946
385.383
385.705
383.339
385.122
383.838
384.691
389.410
386.678
386.238
383.962
388.217
384.501
386.226
382.787
386.120
383.422
383.927
387.464
384.797
383.404
385.345
384.968
384.338
387.151
386.421
385.101
388.285
387.201
389.339
387.120
387.509
387.201
387.174
386.605
387.063
383.546
384.024
385.467
386.431
384.980
385.773
386.733
385.409
385.425
383.861
388.922
386.147
388.875
386.819
388.316
386.998
386.133
386.035
386.374
385.302
387.024
384.852
386.037
386.549
387.352
387.407
384.733
386.922
386.855
384.967
387.420
386.616
386.090
384.611
384.066
383.969
386.207
382.674
384.703
385.413
386.072
384.912
387.175
387.105
386.809
385.463
384.437
386.757
385.720
384.926
386.669
385.537
385.809
383.467
385.522
387.017
388.130
387.054
384.489
385.706
387.038
383.965
387.275
388.936
389.811
390.075
385.983
386.462
387.483
387.266
384.600
386.260
385.449
388.429
388.033
387.490
387.344
383.842
383.536
384.237
383.889
384.845
384.608
383.733
387.520
385.255
383.948
385.337
386.335
384.227
385.117
386.108
384.843
385.234
385.388
383.973
385.238
385.760
385.458
385.209
384.643
386.048
382.989
383.171
387.161
383.948
383.311
386.029
385.886
386.547
385.214
386.346
388.972
385.785
386.668
388.647
387.991
387.321
386.577
385.712
385.524
387.135
385.800
386.337
385.412
384.993
384.322
383.585
386.191
386.373
386.371
384.689
387.002
386.524
387.239
385.549
387.175
387.581
385.561
387.305
386.361
386.243
385.938
382.477
384.995
387.136
385.610
386.915
383.732
384.080
383.780
384.694
382.530
383.402
385.120
383.197
384.959
384.782
384.672
387.127
384.801
384.652
384.549
384.836
385.177
382.645
382.204
381.223
381.949
382.679
383.133
383.775
382.980
385.494
384.759
383.382
382.447
383.123
382.575
383.427
384.534
383.295
382.930
385.598
385.085
384.040
382.097
385.255
384.072
382.932
382.920
383.537
382.967
382.617
381.346
383.760
383.864
386.593
384.275
386.086
385.655
386.478
385.637
384.495
385.097
384.966
383.489
381.322
381.351
382.153
384.642
384.330
386.459
386.760
384.077
385.001
385.601
384.861
385.700
384.528
383.377
384.869
383.908
384.756
385.023
383.531
384.733
384.848
384.094
384.169
386.081
386.434
385.092
385.955
385.111
384.453
381.656
384.463
384.069
383.866
383.583
382.845
385.343
384.712
383.590
383.936
383.313
384.978
383.141
384.058
383.929
385.221
385.562
383.031
384.719
386.837
384.207
384.426
382.208
384.361
382.575
384.256
385.459
384.360
383.612
384.223
382.600
385.286
387.662
386.896
387.988
385.556
386.074
386.925
386.855
384.717
385.478
384.997
384.507
385.320
384.532
386.325
387.502
387.715
387.043
386.362
385.860
384.159
385.462
384.107
385.521
384.768
386.870
385.465
386.666
384.495
383.996
385.194
386.439
384.296
384.774
385.680
385.434
387.189
387.713
384.425
384.193
385.476
384.938
387.781
388.322
388.241
386.116
387.285
387.583
386.207
385.284
385.428
385.021
386.252
384.365
384.070
384.000
385.268
385.057
384.867
383.240
384.651
383.818
385.030
386.172
384.335
383.350
384.770
384.497
386.767
384.890
384.816
384.651
383.312
385.206
386.818
386.707
385.247
384.036
385.738
382.766
385.597
384.635
385.619
386.049
384.248
384.592
385.396
385.649
384.228
385.714
386.034
383.453
383.991
383.943
384.435
385.958
385.210
385.736
384.960
384.638
384.633
386.783
384.678
384.522
385.486
386.958
385.728
384.552
384.611
385.409
387.261
383.508
385.783
386.815
385.953
385.039
388.776
388.331
386.223
387.687
384.531
386.728
386.963
383.131
385.859
383.690
385.986
385.050
388.287
388.578
387.210
388.184
386.428
388.564
387.299
386.945
387.348
386.868
386.024
385.748
384.667
385.593
384.930
383.926
385.576
386.785
385.776
386.951
385.867
384.492
386.804
388.531
384.303
386.198
384.540
386.537
386.391
384.797
385.481
385.296
384.778
386.146
387.311
386.004
388.423
388.121
387.462
386.832
387.169
386.357
386.516
385.227
388.657
391.451
391.106
391.653
387.613
386.072
386.490
387.385
388.314
390.470
388.190
387.098
388.886
389.277
389.128
387.781
386.624
387.726
387.403
388.045
385.303
386.419
385.296
386.824
387.587
390.300
386.782
385.459
384.401
385.368
385.574
385.494
386.701
388.879
388.962
385.372
385.911
384.296
387.650
386.702
387.006
387.139
386.797
385.472
384.550
386.767
387.733
386.777
386.311
384.870
385.058
385.325
386.441
384.850
383.422
386.583
387.690
385.412
385.394
384.418
387.172
385.952
385.519
388.058
385.481
387.280
390.422
387.024
388.408
386.692
387.934
385.920
386.826
386.356
386.691
387.086
386.518
385.207
387.481
384.242
388.536
386.637
388.539
387.907
387.207
386.737
385.290
386.566
385.181
388.061
387.727
386.155
386.344
388.737
386.364
386.019
387.529
387.221
388.301
389.318
387.396
385.997
386.650
386.591
390.893
389.974
387.284
388.211
387.790
388.319
385.527
386.930
388.044
384.650
382.593
385.652
385.290
385.487
386.611
385.978
386.855
386.876
386.182
386.621
387.987
385.844
387.956
386.841
386.001
387.778
385.209
384.514
383.806
387.288
385.175
385.753
386.747
387.070
386.229
386.380
387.800
388.265
387.281
384.221
385.796
385.278
384.779
382.906
384.481
384.772
383.776
386.573
385.791
386.816
383.196
385.723
383.608
385.393
385.015
385.050
383.379
383.428
385.047
386.419
383.513
385.029
385.584
383.560
386.127
383.679
384.988
384.218
386.338
385.715
385.126
384.158
384.062
383.232
382.638
384.797
382.909
385.794
385.538
384.560
385.888
387.531
384.830
384.749
384.916
383.200
381.608
384.746
384.238
385.678
384.186
384.896
384.681
384.257
384.903
385.025
384.374
385.657
383.952
385.764
385.314
383.703
384.523
383.794
384.887
384.274
382.236
385.911
385.513
383.883
384.357
383.982
382.225
384.394
383.722
384.849
386.109
384.520
382.283
385.320
384.452
383.066
385.207
383.680
386.178
383.270
381.688
381.219
385.001
383.247
384.228
384.252
382.998
381.483
383.842
384.026
386.643
385.841
384.410
383.795
383.544
383.268
382.661
383.713
385.685
385.409
384.571
385.279
383.457
381.393
384.659
383.562
386.094
383.522
385.194
386.407
384.371
385.394
387.104
383.281
384.234
384.336
383.987
385.635
383.949
384.138
383.624
382.521
384.305
384.033
387.036
386.733
388.576
384.636
383.848
382.409
382.898
383.220
384.693
383.510
384.821
384.042
385.448
384.015
383.198
381.591
383.048
384.835
384.548
381.591
380.798
383.721
382.848
384.104
383.873
383.816
384.586
386.947
382.277
382.586
382.952
382.281
382.464
380.350
384.388
382.862
383.527
383.462
384.051
383.773
383.798
383.789
383.144
381.420
383.266
384.759
382.825
381.466
383.823
382.946
385.255
383.952
382.363
383.656
385.600
386.047
384.961
387.198
383.917
387.046
385.353
383.672
384.047
383.128
384.393
386.005
384.547
383.888
382.444
381.454
382.514
381.117
383.056
383.272
383.691
385.194
385.414
383.514
382.695
381.603
382.941
384.825
384.436
381.922
385.414
384.632
382.370
382.730
383.312
384.292
383.856
382.664
384.059
383.792
383.553
383.026
382.588
380.835
382.791
384.351
383.858
382.909
385.023
384.255
386.104
385.730
384.277
384.623
384.096
383.343
384.612
383.598
381.942
383.268
383.107
383.212
386.085
386.208
384.925
383.958
381.701
384.513
385.889
385.715
384.921
383.812
383.818
383.638
385.086
384.563
385.299
383.448
384.511
381.674
384.237
380.739
383.104
383.665
382.971
381.327
382.837
383.478
383.077
385.651
385.083
385.059
386.238
381.954
385.774
383.973
385.058
387.369
380.951
382.349
382.556
385.453
383.001
383.562
381.564
382.776
380.603
384.028
383.457
384.251
384.787
386.846
384.749
385.810
385.760
385.021
386.668
384.707
384.639
385.080
385.028
384.135
386.164
384.280
385.879
383.914
384.530
383.141
381.554
382.791
385.186
385.981
384.530
385.186
385.790
387.038
385.677
386.720
387.409
384.999
382.245
383.303
382.968
382.630
384.954
383.164
383.662
383.564
384.105
382.469
382.933
386.207
384.158
383.193
386.043
384.580
385.911
386.632
388.153
386.163
384.793
384.096
382.941
382.995
382.203
384.449
384.033
383.313
385.622
385.843
385.014
385.384
382.117
384.437
384.246
383.889
384.007
382.474
384.848
383.251
385.684
384.520
384.385
385.455
384.882
383.315
385.045
385.377
384.963
383.956
384.560
384.090
384.297
381.691
382.717
380.866
383.962
383.396
381.777
384.586
382.938
381.044
382.167
383.809
383.160
381.920
383.200
385.005
383.000
385.693
384.112
384.658
384.684
384.439
386.025
384.140
382.591
382.730
386.156
384.937
385.977
385.073
387.262
386.195
383.031
382.348
382.456
384.422
386.271
386.110
385.333
384.207
384.370
383.470
386.297
382.623
383.149
383.239
383.412
385.832
388.564
385.471
385.499
383.263
382.897
385.249
384.102
385.198
384.190
384.015
386.485
386.234
386.872
385.100
385.820
385.140
385.135
383.537
383.116
383.198
386.239
384.369
383.436
384.254
386.406
386.317
386.987
387.031
387.096
385.555
386.251
384.893
385.372
385.924
382.748
383.577
386.955
384.523
383.253
384.993
384.476
385.381
383.009
383.801
383.093
381.496
381.051
383.367
385.392
386.844
381.170
384.625
384.294
383.314
384.772
384.760
383.839
384.683
385.829
383.909
384.562
381.438
385.643
385.647
383.928
384.598
381.833
381.841
382.634
382.873
383.965
382.628
384.937
383.666
383.751
385.969
384.521
383.834
383.887
385.117
383.756
383.936
382.158
382.460
382.791
383.166
385.044
386.007
386.656
384.477
382.412
382.125
383.250
383.327
383.026
385.655
383.657
385.053
384.211
385.400
384.094
386.694
385.637
383.149
382.704
385.745
386.190
385.224
383.212
384.237
383.223
383.758
384.328
386.878
385.443
386.209
383.723
385.831
382.950
383.887
384.460
383.659
383.133
382.135
382.432
384.495
383.694
382.902
383.352
383.742
383.012
384.203
382.602
383.092
383.499
386.383
385.204
386.916
384.404
385.617
385.082
384.998
384.209
382.438
382.931
382.819
383.798
385.070
386.134
383.489
385.361
385.125
387.015
387.480
389.083
386.340
387.464
387.377
383.752
385.594
385.872
385.340
383.990
383.783
382.774
382.748
385.062
386.127
385.997
386.117
385.618
385.216
385.169
384.095
384.180
386.601
385.405
385.379
385.474
382.951
384.004
383.682
385.167
382.995
382.756
385.238
384.478
384.622
383.985
384.380
383.970
384.211
383.731
384.718
383.827
385.425
384.088
382.412
384.352
386.886
385.369
384.818
384.729
384.430
382.927
383.604
385.667
385.618
386.070
385.403
385.006
384.767
381.823
383.232
386.798
383.660
384.785
382.365
383.118
385.091
386.961
382.279
381.138
380.339
379.014
384.629
383.742
382.266
382.894
382.231
382.682
383.731
384.531
384.141
385.021
384.605
385.732
383.083
385.209
382.818
380.537
381.270
382.312
382.718
384.840
383.493
384.630
383.648
384.307
384.245
383.770
384.840
382.740
384.323
383.914
385.677
383.665
385.234
386.338
384.896
384.747
384.023
383.660
384.020
383.585
385.870
386.460
383.861
385.852
387.031
383.233
384.660
384.106
383.140
383.559
386.581
383.721
385.314
386.192
384.299
383.358
385.221
384.551
382.357
383.863
386.898
384.190
386.336
384.295
385.894
384.677
383.802
383.172
384.101
384.156
384.379
384.279
384.091
383.609
384.189
383.615
384.822
384.240
384.884
384.392
385.130
383.458
383.388
384.794
385.237
384.392
382.265
385.153
384.126
384.064
385.288
384.404
384.820
382.852
384.022
384.747
385.523
382.800
384.293
383.892
383.722
384.052
384.085
384.043
383.334
385.524
385.632
384.806
383.411
384.993
383.019
382.446
385.827
384.331
382.491
384.078
385.122
383.556
386.996
383.413
384.282
383.195
381.976
383.688
383.699
384.009
387.192
384.409
384.237
386.102
385.623
386.452
385.117
383.797
383.843
385.625
383.476
383.878
382.304
384.025
386.724
384.077
383.200
384.946
383.137
384.243
384.894
382.396
384.040
384.236
384.629
384.529
384.880
384.840
384.468
384.098
383.545
383.501
385.102
384.904
383.512
384.325
383.403
382.089
384.272
384.060
382.891
383.933
381.534
383.485
384.665
385.245
386.552
386.042
386.730
384.995
385.979
385.129
388.237
385.152
384.776
382.804
386.446
385.986
385.783
383.785
386.950
387.224
386.612
386.708
387.101
384.839
384.000
382.268
383.357
384.521
382.780
385.023
384.512
384.362
386.097
384.831
384.642
385.902
383.807
383.671
386.172
386.504
384.375
384.546
385.620
385.086
385.189
385.335
381.816
382.437
382.869
385.207
384.280
385.006
384.468
385.612
386.192
383.612
383.449
384.732
385.406
383.867
386.899
388.722
389.221
388.921
389.060
386.421
388.609
388.150
387.507
388.173
388.622
387.111
385.784
386.849
388.017
387.395
386.440
385.567
388.252
386.811
387.966
385.695
386.138
389.448
389.932
388.125
389.918
388.581
391.611
390.503
390.137
388.093
389.958
388.576
387.886
389.012
388.546
389.569
388.490
385.732
387.487
385.652
385.034
386.890
388.040
387.546
385.890
384.486
385.242
387.479
388.907
385.992
388.662
388.943
387.139
385.559
383.340
388.437
389.838
387.290
387.441
388.022
388.027
388.070
386.704
387.118
383.971
386.935
388.164
386.579
387.753
388.630
388.754
388.551
386.246
387.187
386.919
386.227
387.806
388.148
387.123
385.792
385.682
389.239
386.968
385.390
387.511
389.261
389.292
389.034
385.197
385.227
386.862
385.082
386.512
386.198
383.801
385.654
384.611
385.307
386.930
384.090
385.411
387.255
386.980
385.566
386.498
386.488
387.647
385.652
386.748
385.650
381.909
382.805
384.427
385.349
383.843
385.782
384.802
388.196
385.977
385.483
383.779
383.552
385.576
382.199
382.857
384.521
386.291
385.889
384.029
383.388
384.163
385.634
385.463
387.726
386.041
385.112
383.564
386.600
384.616
384.398
387.193
384.429
381.491
384.950
384.973
384.672
384.407
382.686
385.900
382.496
383.468
385.863
384.704
386.895
384.725
385.642
386.448
384.929
383.924
384.224
384.933
387.008
387.178
384.420
383.812
384.794
386.192
384.662
385.639
386.108
385.483
384.161
385.592
384.895
381.733
384.137
382.274
383.021
386.693
385.091
384.465
383.088
386.138
386.506
385.046
385.504
385.924
385.897
384.278
384.953
382.516
384.576
382.616
386.609
384.471
383.706
385.363
386.154
383.725
383.493
382.276
384.112
383.659
383.741
383.170
383.547
384.009
382.611
383.184
384.947
384.984
382.898
385.262
382.125
381.608
385.015
385.536
385.714
384.447
385.453
385.673
384.586
388.013
387.034
386.193
384.227
385.671
384.445
383.894
383.471
384.267
384.382
383.454
383.793
384.187
383.099
384.772
383.682
385.037
383.206
383.858
381.674
382.493
382.298
383.322
382.715
384.769
382.488
384.506
383.995
384.623
385.503
384.697
383.342
387.351
385.512
386.639
386.328
387.369
386.809
384.323
384.539
384.760
384.044
385.308
384.587
384.514
385.926
383.589
383.501
385.259
385.144
386.295
383.976
384.525
386.423
384.201
383.378
383.522
383.123
381.464
383.567
382.885
381.823
385.087
383.878
383.948
384.386
384.785
383.556
386.161
384.803
383.194
383.315
383.066
382.959
383.457
384.105
384.701
383.188
385.584
382.762
383.612
384.083
383.696
385.049
383.163
383.748
384.611
384.887
383.963
384.257
384.100
384.253
384.127
385.213
384.555
384.656
384.811
383.000
384.767
384.354
385.590
387.298
386.132
386.632
384.572
381.635
383.777
385.090
385.968
385.461
388.447
386.954
386.580
386.585
385.205
386.678
384.021
382.721
384.870
383.259
384.099
386.711
385.515
384.593
387.217
384.567
383.667
383.928
384.148
385.500
383.245
383.505
384.413
384.093
383.698
387.213
383.164
383.513
380.892
385.509
384.691
383.213
383.516
385.197
382.992
385.321
386.400
383.041
382.801
385.717
384.755
381.276
383.265
382.138
384.134
385.067
383.479
383.889
384.511
384.743
386.876
386.296
385.223
382.914
380.896
385.963
386.668
383.687
384.197
384.416
382.200
384.070
385.081
384.037
384.050
384.312
382.097
382.580
385.766
384.308
383.282
383.767
382.768
384.647
383.624
382.187
386.594
385.190
384.746
382.186
384.269
385.116
383.324
382.643
383.311
383.283
381.703
383.758
383.368
382.583
384.747
383.709
383.373
382.816
382.851
382.871
380.663
385.314
383.372
384.898
384.174
382.691
384.616
386.156
384.221
384.948
383.673
383.852
383.365
387.189
384.569
385.629
385.132
383.464
384.281
382.941
381.835
382.673
382.188
384.311
385.108
385.087
385.641
384.144
384.766
383.757
380.726
384.140
382.040
381.519
382.379
383.995
383.771
383.775
384.741
386.833
382.435
381.919
384.920
383.805
383.971
384.203
383.333
384.964
386.517
385.356
384.176
384.661
385.511
383.842
386.299
386.478
385.959
384.656
385.073
385.148
384.658
383.523
385.950
383.335
385.313
383.607
382.898
385.149
385.990
385.253
383.884
384.492
383.899
383.854
382.599
384.761
385.201
383.629
384.555
385.737
385.758
382.576
384.697
384.872
385.491
385.027
385.931
387.378
384.162
384.383
385.437
386.011
383.642
384.787
385.980
381.770
380.910
382.991
386.182
384.194
384.510
387.505
387.809
383.607
385.553
383.216
387.973
386.566
383.697
384.295
386.135
385.789
384.365
383.444
384.574
384.962
384.342
383.745
386.452
383.777
384.174
381.123
380.791
383.689
385.632
380.288
383.836
383.847
384.221
385.903
383.591
383.859
382.417
382.852
383.134
383.647
382.152
382.021
382.592
382.672
383.295
385.263
384.374
384.351
383.250
384.499
383.805
383.557
383.468
382.711
381.557
383.031
384.115
385.861
387.049
384.676
384.742
384.482
385.291
383.652
385.311
385.517
383.721
383.852
382.828
385.728
382.845
382.663
385.364
383.280
386.280
382.277
383.573
382.441
384.610
383.855
383.008
383.057
383.220
381.980
382.414
385.782
384.870
383.225
382.203
381.499
382.494
383.406
381.912
383.934
384.142
384.863
382.449
380.057
381.438
383.536
380.885
381.707
385.270
384.652
384.003
384.009
385.061
384.789
384.062
383.961
383.735
386.489
385.487
384.957
387.344
382.732
385.095
383.735
382.719
383.155
381.044
384.705
384.413
384.581
384.081
385.121
385.281
383.501
383.588
382.861
380.776
383.322
384.510
384.023
384.845
384.078
385.002
383.377
383.993
386.973
383.476
383.939
383.985
386.730
384.618
384.283
383.919
382.933
384.915
387.107
386.620
385.521
386.256
388.927
386.297
384.442
383.804
385.054
385.005
382.576
384.662
386.121
384.243
384.911
385.548
383.468
383.033
383.721
383.312
385.284
384.539
384.075
384.446
382.679
384.324
381.543
383.018
382.592
383.644
386.286
384.679
385.055
384.949
385.704
383.367
383.170
383.868
386.266
384.874
385.340
385.265
385.383
383.335
385.325
386.239
386.228
382.934
385.175
384.497
383.873
385.224
385.309
385.814
384.444
382.781
384.211
386.085
387.101
385.494
385.777
383.995
383.977
384.176
385.572
386.488
390.562
384.137
385.698
383.741
384.781
385.756
385.073
384.648
385.068
384.147
384.431
384.173
383.525
384.693
385.940
387.425
386.383
381.804
387.042
385.598
385.151
385.240
384.006
386.775
385.567
387.138
387.286
389.833
386.868
387.269
386.177
384.146
383.800
385.297
382.834
384.049
385.526
384.874
383.891
386.657
384.172
385.579
385.989
384.760
384.538
385.765
384.619
387.495
384.708
383.917
383.899
385.535
384.562
383.608
385.098
385.453
386.213
386.053
386.048
384.901
384.312
383.886
381.873
385.314
383.093
384.781
385.333
383.571
384.554
382.191
381.815
384.810
383.665
384.781
384.835
384.774
384.362
384.363
384.006
385.269
383.619
387.254
389.094
386.135
389.889
388.785
386.299
384.266
386.575
386.134
389.132
387.759
387.055
386.673
384.725
385.359
384.502
384.403
385.754
386.598
385.023
384.655
384.376
383.329
385.627
384.461
384.808
385.437
385.451
387.240
385.573
384.083
386.337
388.427
387.953
386.836
385.358
384.868
387.682
388.057
384.441
384.243
387.231
387.451
387.157
385.726
386.167
387.421
386.134
387.831
386.507
386.182
383.631
382.743
384.725
383.385
384.579
382.571
383.925
384.538
385.416
387.773
385.300
388.601
385.914
386.087
382.660
382.668
384.613
384.221
383.789
383.441
384.849
385.100
384.371
383.631
385.110
383.593
382.542
385.634
386.235
385.086
388.828
385.137
387.481
385.081
386.777
387.732
385.058
385.518
386.567
386.437
385.858
388.224
385.955
386.644
387.419
385.003
387.168
386.418
385.028
385.419
387.170
386.533
385.658
388.417
386.875
384.901
384.386
386.429
388.952
389.202
386.997
384.519
385.023
385.017
386.068
386.365
384.080
383.446
387.302
385.754
386.574
385.090
383.695
384.340
384.047
383.952
386.980
385.381
387.923
387.800
384.766
386.215
388.297
387.484
386.155
383.620
384.073
384.658
387.961
386.272
386.300
384.403
386.199
385.042
382.793
384.412
382.703
383.807
383.407
382.756
382.558
384.695
385.818
386.381
384.025
382.817
382.894
383.595
383.485
383.512
385.296
386.641
384.078
384.640
385.528
383.693
386.442
384.774
382.702
383.055
383.493
381.453
384.182
383.237
383.354
385.212
386.046
384.841
385.532
385.648
382.397
385.467
380.972
382.896
386.597
385.844
384.220
385.022
386.467
382.840
380.967
381.562
382.524
384.701
384.489
383.848
384.135
384.257
383.463
381.296
381.404
384.425
384.020
383.548
382.596
384.127
381.368
380.532
384.653
386.234
385.679
387.021
384.140
388.181
386.101
383.874
385.672
385.526
386.555
386.811
386.713
387.304
383.719
384.364
383.214
383.139
382.879
383.369
385.888
385.246
385.045
384.298
383.653
383.779
383.469
383.783
385.196
384.619
385.671
386.282
384.097
384.590
383.642
381.657
381.983
383.474
384.346
384.810
386.134
385.226
385.551
385.305
382.616
384.443
383.718
385.452
385.337
384.300
384.357
386.628
386.466
381.299
382.458
382.723
384.088
385.022
386.154
386.157
384.484
383.446
383.087
384.190
386.386
383.340
385.158
386.818
383.779
385.253
386.077
384.609
384.216
385.784
384.500
384.272
385.196
382.721
384.398
382.283
383.960
383.373
382.159
385.679
386.666
383.801
384.183
384.717
385.747
387.131
386.107
385.629
385.801
384.607
384.343
385.033
387.846
385.535
382.682
384.144
385.227
384.852
386.735
385.753
385.332
385.539
386.395
385.195
383.629
384.667
386.690
387.661
387.849
384.152
384.250
383.892
386.019
385.778
385.833
384.565
387.803
386.671
385.902
384.435
385.476
386.032
385.330
384.921
383.877
385.126
385.864
383.165
386.283
387.248
387.528
386.400
386.767
387.126
386.198
386.587
386.390
384.955
386.037
383.678
384.459
382.109
383.621
386.255
385.170
383.580
383.298
383.648
384.588
383.037
383.495
384.810
384.307
384.989
384.312
384.871
384.388
384.642
384.300
385.958
383.063
386.795
386.282
385.272
383.144
384.697
384.294
385.724
384.467
385.805
384.280
383.610
383.883
384.325
385.556
385.492
383.832
382.500
384.629
381.998
382.419
382.669
381.979
385.812
385.788
384.217
382.960
382.323
382.733
382.356
384.456
381.059
382.635
381.415
382.263
382.534
383.016
382.324
383.397
387.545
384.172
386.596
384.050
384.122
385.057
383.508
381.779
384.343
382.513
386.909
387.574
387.261
385.103
387.242
386.197
384.735
385.574
384.037
381.835
382.093
383.264
386.111
384.937
385.052
383.812
384.937
383.403
385.152
384.596
384.633
383.580
382.964
383.182
383.681
383.553
383.431
384.158
384.341
384.659
384.446
384.798
384.624
382.807
383.912
385.865
385.747
384.231
384.112
383.854
381.927
383.991
384.233
385.151
384.100
384.397
382.616
384.450
382.029
384.460
382.899
383.066
383.828
385.522
383.894
383.528
385.324
383.969
383.616
384.052
382.896
382.311
383.812
385.385
383.113
384.985
383.650
381.158
383.595
385.156
384.308
385.371
385.227
383.323
383.247
384.948
382.071
382.038
385.790
384.044
382.284
382.300
383.529
385.116
383.784
385.124
384.573
383.135
384.238
383.806
384.510
381.836
383.516
383.506
383.074
381.027
384.024
383.663
385.897
385.334
386.820
386.085
384.934
384.889
383.624
383.486
385.187
383.484
383.814
387.905
386.637
386.726
386.993
385.801
384.493
384.126
386.208
385.719
385.547
387.637
383.437
381.549
382.029
382.817
384.554
382.597
383.387
383.375
386.032
386.697
383.093
382.549
382.162
383.995
383.618
382.648
383.811
384.392
385.273
386.957
384.177
384.025
383.874
383.768
384.526
385.016
385.668
383.235
382.955
385.072
384.997
385.079
384.919
384.289
384.803
385.739
385.564
385.418
386.457
383.650
383.833
386.383
386.140
383.736
383.072
381.735
382.018
381.801
383.225
383.700
384.108
384.245
384.469
386.001
385.222
382.084
382.822
384.102
383.283
383.080
381.847
384.996
385.408
382.299
383.332
384.499
381.526
384.003
381.926
384.384
383.226
385.212
381.933
384.136
385.650
383.540
384.847
383.250
387.407
386.224
387.028
384.508
386.577
384.742
384.253
386.422
385.316
385.884
384.119
384.188
384.085
384.651
386.389
383.478
383.500
383.811
383.947
384.083
382.378
383.902
383.669
383.115
385.258
381.554
381.906
381.656
382.768
382.271
385.748
383.840
384.365
383.611
382.197
384.674
384.900
383.633
383.823
383.398
384.168
385.919
384.025
385.091
384.650
384.261
382.986
383.803
383.979
383.942
383.519
381.346
384.633
384.563
383.964
384.110
383.642
383.155
382.194
384.068
386.697
386.638
383.882
383.447
384.186
383.467
384.218
384.497
383.929
382.995
382.445
384.953
381.912
382.756
382.091
382.861
382.999
385.168
384.353
383.551
383.611
382.016
383.690
383.282
383.155
382.964
384.011
386.652
384.326
383.597
383.953
386.261
383.874
383.030
382.637
381.696
381.668
382.990
384.605
383.176
383.392
384.179
383.294
383.304
383.684
382.509
382.374
381.352
384.687
381.024
383.204
383.873
382.801
382.344
382.991
383.073
383.045
382.935
385.500
385.586
384.410
385.504
384.303
383.793
383.708
381.976
384.156
384.286
384.487
384.613
383.583
385.126
381.721
384.391
384.971
383.102
384.003
386.180
383.503
383.399
386.386
386.263
385.773
386.338
383.045
383.752
384.115
383.064
381.177
381.455
384.035
384.598
385.805
387.194
384.802
382.796
383.569
383.692
384.364
383.049
387.435
387.559
387.149
383.944
384.774
385.497
385.066
384.395
384.423
385.262
384.275
382.851
385.045
383.973
386.097
384.924
383.789
385.563
385.086
386.105
385.032
384.179
386.566
384.450
384.303
386.585
385.826
385.754
384.972
386.521
386.525
386.180
385.479
385.759
386.130
386.990
385.879
387.774
389.558
385.854
386.580
386.187
386.061
387.106
388.337
382.810
384.260
385.662
386.602
385.452
387.130
387.113
386.656
386.829
387.037
387.981
386.182
386.549
385.614
387.602
385.163
387.903
387.635
386.125
386.113
386.470
387.315
383.611
383.300
385.782
385.093
386.871
384.740
387.413
384.860
386.325
385.229
387.922
387.031
384.954
385.186
386.744
387.464
385.239
384.678
385.002
386.927
386.485
384.294
385.728
386.286
385.557
384.630
385.929
383.409
387.299
387.554
386.915
387.420
389.485
385.487
388.930
387.827
382.755
389.300
388.290
387.320
385.473
384.438
383.121
384.602
383.103
384.699
387.027
387.582
384.758
385.086
389.456
387.178
387.638
385.347
385.616
386.151
387.514
385.389
388.353
389.336
387.139
388.720
387.102
385.523
384.304
384.296
386.465
384.146
388.436
385.171
386.047
387.067
387.563
387.138
388.389
387.949
387.745
386.559
387.568
386.732
386.314
386.271
386.617
386.953
386.769
384.413
388.332
385.515
384.707
386.164
388.488
386.116
385.881
385.151
386.778
386.245
386.305
385.388
386.750
384.997
385.056
385.655
385.558
387.132
387.867
386.282
388.440
385.565
386.910
385.851
387.965
383.588
386.026
385.669
386.017
387.331
386.991
388.132
388.744
388.997
387.005
386.639
384.681
387.305
386.374
385.087
386.008
385.555
387.593
388.069
386.352
385.100
385.375
387.560
385.865
385.402
385.962
387.374
387.512
387.404
386.705
386.550
388.167
384.602
383.574
385.206
384.660
387.351
384.873
386.343
385.097
384.613
384.536
385.930
383.714
386.975
384.270
385.641
385.162
388.418
384.442
384.620
387.217
385.043
387.063
387.506
385.685
387.017
387.627
387.356
388.486
387.701
384.210
386.631
386.923
388.227
384.719
383.790
385.478
384.785
384.684
384.602
387.113
385.323
387.149
386.458
387.411
386.638
383.900
383.988
385.690
384.375
383.793
383.795
384.920
386.062
387.611
386.792
383.992
383.545
385.665
386.789
383.024
384.291
384.493
383.592
384.562
383.270
383.087
383.201
385.579
388.681
387.189
387.615
386.051
385.633
384.013
384.533
383.873
383.473
384.264
385.470
384.733
386.637
385.451
386.625
384.818
385.371
385.098
385.914
384.832
386.841
384.993
384.392
385.451
384.058
386.837
385.234
385.586
385.965
386.256
386.650
386.791
387.270
386.543
384.729
386.262
387.047
388.218
386.099
385.341
383.991
386.000
386.732
385.991
384.234
384.927
385.354
385.057
384.587
386.779
387.537
386.256
383.659
385.411
383.734
386.882
386.115
387.007
386.310
386.547
384.952
384.162
385.582
386.336
385.096
385.589
384.877
384.377
386.559
386.369
385.354
385.762
384.035
386.677
386.974
385.121
385.526
388.006
386.059
386.611
385.394
383.989
385.262
387.131
386.932
386.124
385.830
388.741
386.406
386.404
387.140
385.292
387.933
388.241
387.777
386.599
384.590
385.518
387.134
388.699
386.880
386.128
388.725
388.760
389.407
390.092
387.551
386.735
385.891
385.711
386.827
386.756
388.391
385.005
387.818
388.914
388.258
387.894
386.612
387.276
387.369
386.057
387.812
387.147
386.016
387.875
384.606
385.872
387.723
384.898
387.925
385.717
384.954
385.766
384.589
386.948
387.098
386.199
387.251
388.063
388.783
388.919
386.923
388.726
386.550
385.923
385.032
386.529
386.588
385.258
386.844
385.313
386.683
387.096
385.969
385.486
385.118
383.468
386.075
386.782
388.218
386.588
389.501
387.623
386.208
384.527
385.322
385.479
387.875
384.776
383.222
386.749
386.364
387.241
385.233
385.038
387.969
388.947
387.855
388.631
388.130
386.327
388.421
386.596
386.353
388.549
385.403
385.058
387.163
388.178
387.689
387.932
387.155
388.699
386.828
387.400
384.742
386.069
384.352
387.917
387.482
388.359
387.295
384.915
382.953
385.092
386.476
384.501
386.444
385.078
385.688
385.704
385.562
384.404
385.948
384.308
384.970
384.788
387.147
385.679
385.167
383.791
383.393
386.174
384.939
385.380
383.550
382.916
385.813
387.842
385.708
385.669
387.941
385.085
385.767
386.480
386.633
386.398
385.206
386.636
385.494
386.664
386.442
385.977
386.673
385.558
388.420
386.422
386.232
385.597
386.949
387.175
387.300
385.604
385.311
386.547
387.440
390.104
386.900
386.077
383.555
385.539
387.920
385.682
386.327
383.870
384.223
387.549
384.962
384.985
385.534
384.767
384.864
385.680
386.271
384.616
385.439
386.378
385.999
386.337
386.452
388.608
386.588
384.750
385.627
385.973
385.993
388.311
385.791
385.452
385.002
385.626
385.161
387.841
386.698
386.393
385.947
386.462
386.110
384.147
385.935
387.953
388.057
388.506
388.966
386.255
388.148
386.586
387.634
384.910
386.439
385.469
384.195
387.467
386.212
388.175
386.996
386.028
387.311
383.774
384.567
385.644
384.736
386.711
387.114
385.466
385.596
386.203
385.734
384.808
386.724
387.718
387.479
386.212
386.609
384.178
384.637
385.483
383.490
385.268
387.486
385.595
386.121
386.543
385.206
385.606
385.680
386.817
385.151
383.622
385.190
385.897
386.194
386.250
383.866
384.065
384.658
383.325
382.471
383.802
385.036
385.631
382.313
386.143
383.835
383.049
384.652
384.985
384.928
385.455
383.175
383.407
386.820
385.062
384.347
385.424
386.142
383.937
385.712
384.566
384.046
381.007
383.384
383.698
385.840
385.757
386.111
386.638
387.543
386.878
386.073
386.898
386.452
387.044
386.581
385.566
384.080
385.049
384.991
388.074
385.474
386.300
384.917
382.393
384.866
384.612
386.016
386.234
386.121
384.599
387.031
385.772
383.425
384.043
384.387
385.326
384.241
384.704
384.506
384.670
386.221
386.228
384.620
386.116
386.235
388.023
388.110
383.643
383.838
383.036
383.128
384.904
385.366
383.688
385.088
384.331
384.391
381.509
385.791
385.167
385.269
384.326
387.086
383.452
385.497
383.491
383.985
385.654
386.094
385.354
386.271
383.780
384.817
384.927
386.056
386.406
386.454
385.823
383.917
385.337
385.852
385.027
384.639
385.239
384.861
386.264
385.410
383.619
384.410
382.866
384.129
387.795
383.500
383.885
384.668
383.228
383.217
384.298
384.140
385.739
385.528
384.548
382.863
382.950
381.120
383.396
385.492
387.639
385.463
383.908
380.400
385.146
384.976
385.173
384.039
384.504
382.162
382.145
383.494
382.274
381.846
381.570
381.911
384.382
382.342
383.270
382.634
383.651
381.798
381.919
382.261
381.243
384.653
382.706
381.346
383.313
383.827
385.255
386.796
385.519
384.721
383.818
382.012
383.590
385.265
387.104
386.623
383.342
384.644
383.464
384.033
382.031
385.504
384.192
384.443
385.431
384.996
385.754
382.723
382.625
384.662
385.766
385.848
383.237
384.284
386.155
384.501
384.627
385.632
385.115
385.304
386.041
384.507
384.543
384.947
384.872
385.024
383.934
384.574
385.780
385.075
383.834
384.002
384.058
386.114
383.506
385.024
384.232
384.745
384.112
385.117
383.329
383.472
384.132
384.241
387.394
384.005
385.173
384.428
385.665
385.475
383.976
382.025
382.416
382.417
383.953
382.905
385.845
384.076
384.734
385.761
384.504
382.275
383.344
382.649
381.873
382.223
383.886
386.304
384.153
385.280
387.562
383.473
384.473
383.804
384.390
384.176
383.352
381.982
385.268
384.947
384.139
385.068
386.845
383.123
382.447
384.858
384.567
385.127
385.281
382.813
385.188
384.043
385.053
385.799
386.127
386.076
384.547
385.134
383.405
387.655
384.678
383.383
384.561
386.190
383.527
385.440
385.974
387.570
383.697
382.522
383.845
383.475
384.537
383.038
383.644
384.778
386.854
384.001
383.469
384.921
383.516
384.787
386.123
384.395
384.459
384.721
382.408
385.149
385.631
386.641
386.374
385.406
384.305
384.950
385.123
385.475
383.843
382.569
383.972
384.427
385.230
386.089
381.770
386.102
385.013
383.859
383.096
385.036
385.698
383.624
384.528
385.092
385.218
384.377
384.558
384.793
384.404
385.514
385.442
387.277
384.408
385.053
386.392
386.859
387.161
388.049
388.297
386.701
387.140
385.738
385.440
387.279
388.162
384.986
384.718
386.918
388.373
385.921
383.423
387.369
383.644
385.123
387.380
385.692
383.236
384.439
383.532
385.367
385.162
385.842
385.492
382.713
382.642
382.091
383.679
386.176
386.123
387.768
385.729
385.428
386.749
384.913
383.120
383.454
383.928
383.709
384.415
384.441
383.927
383.244
386.376
383.392
385.050
387.951
387.649
385.734
384.129
383.279
384.417
386.871
384.132
383.920
382.999
385.065
381.907
385.332
382.810
384.642
381.009
384.253
382.125
383.850
382.408
383.753
386.055
386.369
386.115
385.765
385.623
386.260
385.939
387.273
386.036
384.883
384.864
384.561
383.525
383.714
383.899
385.328
386.792
386.150
384.716
384.451
384.851
384.691
384.390
385.514
384.742
383.765
384.642
384.840
386.350
385.682
383.389
386.306
385.029
383.320
383.602
384.765
383.693
384.031
385.636
384.320
384.563
384.959
383.362
384.954
383.815
384.405
384.703
383.265
382.492
382.980
382.533
383.813
384.106
384.113
384.916
384.828
384.067
384.082
381.654
383.846
385.048
381.918
384.171
384.730
383.987
385.368
383.441
383.142
382.219
383.709
383.688
384.577
385.594
385.194
384.865
383.323
383.726
382.075
381.751
382.016
384.707
384.827
385.046
385.467
385.192
386.614
385.075
382.986
384.353
382.975
384.772
386.067
385.153
385.005
384.656
386.804
384.891
385.290
384.278
384.767
382.177
385.833
386.607
384.936
386.704
388.829
388.032
387.264
388.086
386.540
383.175
385.607
385.918
385.197
385.090
384.714
384.471
384.003
383.062
384.885
384.063
384.796
384.311
385.894
381.962
383.065
382.648
383.746
386.513
386.225
384.171
382.447
385.308
384.849
384.550
385.189
383.388
383.705
382.552
382.410
383.299
383.595
382.283
383.115
384.981
381.805
382.469
385.418
385.611
384.820
384.051
384.700
385.910
387.710
386.055
383.431
386.050
382.612
384.551
383.007
382.275
383.373
382.955
384.327
383.800
383.568
383.510
383.605
382.075
383.662
383.425
385.137
382.843
382.019
382.731
384.290
384.218
384.896
385.460
383.855
382.905
380.685
382.624
382.203
382.393
383.314
384.861
385.346
385.115
383.781
385.364
382.474
384.270
383.871
383.202
384.669
385.295
384.020
384.837
383.852
382.697
379.956
382.767
384.115
382.019
385.784
384.755
383.757
384.416
385.180
384.763
383.497
384.053
385.339
383.226
385.522
385.721
385.493
384.364
384.305
382.895
381.630
382.394
383.185
383.462
383.455
382.210
380.931
381.602
384.005
383.094
382.896
384.882
384.340
383.735
384.652
385.269
384.331
383.817
383.833
385.635
381.496
384.007
385.165
384.947
383.793
383.489
385.072
382.097
383.054
382.793
385.100
381.903
381.138
381.468
385.483
383.563
383.995
385.230
383.765
382.578
382.036
382.921
384.951
382.281
384.682
382.797
385.295
382.668
382.019
384.258
384.368
385.162
384.501
384.294
384.260
385.110
385.653
385.863
386.032
383.746
385.669
384.677
384.624
386.806
383.304
386.201
383.934
384.902
383.455
386.295
384.907
386.380
383.971
384.148
384.796
383.296
384.330
384.689
382.654
383.149
385.494
384.951
381.754
383.300
384.250
383.212
386.044
384.683
382.967
383.372
383.801
383.526
383.852
383.228
384.682
382.869
386.156
384.355
383.431
384.148
383.544
383.850
385.543
385.736
383.954
382.243
383.450
387.109
387.903
387.450
388.306
386.199
385.010
385.926
383.562
385.009
386.628
383.404
386.731
386.716
386.085
383.632
385.573
386.330
386.136
386.757
385.183
385.815
385.242
384.977
385.205
383.621
385.238
383.687
387.691
385.736
386.727
385.719
383.742
383.052
384.675
383.947
383.143
385.204
385.204
386.568
384.668
383.033
384.748
387.202
386.251
387.400
384.336
385.448
384.691
384.326
387.018
386.333
387.808
386.192
386.264
383.434
383.318
384.335
384.383
384.313
387.103
388.568
388.410
386.831
384.692
384.743
384.808
385.571
385.487
383.148
384.741
385.138
385.029
384.250
384.008
384.450
384.002
385.956
385.655
385.411
383.481
385.504
384.782
386.204
383.576
383.484
387.451
384.633
383.963
386.023
385.593
386.705
385.086
384.554
385.066
387.134
385.987
387.184
386.571
384.736
384.819
385.192
385.148
385.762
385.442
387.045
386.711
384.136
382.624
385.394
384.186
384.334
387.128
384.136
381.925
383.723
381.747
383.465
382.900
383.858
388.128
385.105
384.104
383.940
386.260
383.847
386.538
384.861
384.439
383.865
384.810
381.327
383.425
382.810
384.677
384.159
384.154
384.688
386.914
385.043
383.427
385.476
385.578
385.138
382.701
383.827
383.475
383.189
384.427
384.656
382.509
382.953
385.562
385.350
384.223
384.375
385.219
384.331
384.101
385.130
382.357
383.255
381.642
382.453
386.656
387.788
386.871
385.654
384.438
383.507
381.751
381.753
384.688
382.913
382.267
386.089
384.614
384.766
382.679
384.960
381.619
383.318
381.757
386.501
385.096
386.334
385.246
385.674
386.308
385.666
387.166
385.386
383.082
385.135
385.539
384.289
384.831
384.401
385.542
383.957
384.716
385.023
385.704
384.324
383.977
383.057
383.903
383.712
384.574
384.680
384.352
383.172
384.170
382.989
381.701
383.072
382.392
383.573
386.979
383.064
383.869
383.829
385.534
384.083
385.499
381.841
383.136
384.455
382.477
382.776
383.474
383.293
382.693
381.376
381.083
385.537
382.071
382.049
382.146
382.088
383.722
382.465
382.082
383.362
383.617
382.880
382.655
382.202
383.577
386.225
385.946
384.773
382.294
382.543
385.105
384.756
383.682
383.163
383.564
385.322
387.627
386.626
388.946
388.072
386.361
387.071
386.088
385.840
388.073
387.475
388.539
386.944
385.196
384.291
385.430
383.137
384.616
386.908
387.104
385.172
385.697
384.278
386.727
385.944
386.318
385.924
385.735
386.256
385.036
386.254
387.274
388.575
386.098
385.971
383.715
386.736
386.380
385.452
387.388
384.419
386.884
384.253
385.837
387.345
388.922
386.299
386.693
386.338
382.980
384.113
383.402
384.454
385.318
385.921
385.643
383.087
381.471
381.747
382.544
381.807
381.294
385.935
382.539
384.608
384.746
382.443
383.816
385.443
386.083
385.767
386.863
385.801
384.807
386.414
385.154
385.250
386.773
385.429
385.491
385.352
383.643
383.388
384.431
384.870
384.757
383.462
385.963
383.972
384.061
386.898
386.784
386.470
385.928
382.985
383.681
383.736
384.626
384.581
385.041
383.734
384.191
384.127
384.607
385.836
385.190
384.674
386.594
383.778
384.396
386.300
384.218
384.822
384.510
384.810
384.632
384.571
382.999
385.951
385.603
386.042
385.083
383.742
383.527
387.282
386.554
384.870
383.970
386.833
386.950
385.048
382.641
384.335
385.259
385.107
386.561
388.960
385.540
385.457
386.502
386.112
387.652
386.505
388.539
387.440
384.960
384.667
383.682
382.690
383.610
385.737
384.671
384.652
382.662
384.487
383.132
383.713
382.645
383.471
387.332
384.348
384.113
384.733
384.259
386.889
383.979
388.578
385.614
385.102
386.224
386.103
384.060
384.829
384.174
384.386
384.634
385.717
384.756
388.502
388.779
385.892
384.343
385.258
384.162
384.923
387.145
387.347
387.303
385.495
386.872
387.331
385.014
384.070
385.481
387.299
386.254
387.036
386.581
