405.551
406.039
404.623
406.163
404.165
403.878
407.769
407.705
405.132
406.174
405.443
408.260
407.648
405.048
401.541
403.732
406.672
407.176
408.433
404.308
409.846
406.455
409.051
405.454
409.285
409.786
406.120
408.387
409.290
411.098
408.898
409.799
410.631
410.686
412.574
409.157
406.278
411.312
410.645
413.217
410.257
410.033
413.032
411.546
411.886
411.608
410.610
410.641
411.203
410.323
410.762
408.893
406.125
406.619
408.117
410.337
408.587
406.917
409.258
407.446
409.715
409.517
408.503
410.106
413.710
409.171
410.133
410.854
410.505
410.016
411.784
412.342
415.487
414.160
413.294
416.458
417.086
416.474
414.087
412.971
414.032
412.901
414.322
412.268
412.276
411.254
407.921
410.011
408.731
410.151
410.175
410.614
407.986
409.687
411.069
409.641
408.476
410.480
406.386
406.903
408.585
406.542
410.413
409.884
407.723
410.384
408.622
413.108
410.822
408.327
410.909
412.369
410.282
409.007
411.512
412.812
410.533
408.947
411.493
411.551
411.863
409.777
413.296
405.496
410.243
410.400
411.802
410.258
412.733
407.817
410.124
409.147
409.960
410.144
409.537
410.989
411.710
412.589
409.178
409.053
410.006
408.545
410.840
411.556
411.074
408.365
413.900
414.109
415.531
411.155
412.283
412.661
412.370
412.315
414.874
413.425
412.525
410.432
411.986
411.405
413.953
412.890
412.375
413.775
413.258
414.701
417.620
413.788
416.659
416.385
416.083
415.304
415.723
414.463
412.794
414.076
414.686
412.458
412.167
411.833
410.957
411.818
408.802
412.042
413.022
409.994
413.891
413.389
412.792
411.397
412.237
409.491
408.428
408.579
407.936
408.253
407.711
405.600
406.367
408.809
409.559
409.822
410.620
406.983
410.415
412.534
409.807
407.375
406.780
407.597
406.199
406.174
406.503
406.248
406.754
405.922
404.496
405.698
405.649
409.205
408.664
410.186
407.744
407.098
410.476
407.487
407.386
409.651
406.405
408.804
407.660
406.262
406.349
408.607
410.255
409.040
410.366
410.323
409.343
408.861
408.253
406.023
409.018
406.054
406.809
406.404
406.387
406.006
407.586
408.082
406.296
407.906
406.905
405.549
403.424
406.465
406.727
409.642
409.272
411.908
408.846
409.128
407.868
409.679
408.607
407.480
409.050
406.217
403.925
406.523
411.386
410.356
407.442
409.660
405.262
406.388
407.968
408.283
406.784
408.016
406.070
407.260
408.621
406.905
409.041
407.314
406.592
406.095
405.906
406.253
405.981
406.235
408.819
409.006
412.722
411.612
408.240
410.364
411.459
412.199
412.135
408.902
409.744
408.572
412.591
413.864
411.329
413.481
410.340
412.915
410.021
412.365
411.085
412.389
411.571
413.282
412.990
413.457
413.910
412.498
410.143
408.338
409.218
411.845
410.253
409.176
409.433
414.120
412.418
412.394
410.347
409.434
407.783
411.156
413.932
413.111
416.403
411.977
415.160
414.871
414.494
412.807
413.160
414.504
412.991
413.440
413.706
410.012
411.121
414.466
413.493
412.526
410.718
410.321
411.698
411.450
409.068
411.264
410.897
409.324
408.019
408.523
409.763
411.172
412.052
411.243
412.465
415.782
414.814
414.960
411.573
410.907
408.858
410.409
410.864
409.958
410.825
409.875
409.502
410.611
408.710
408.992
409.189
409.789
409.029
411.047
414.289
412.946
411.752
411.548
411.711
409.215
407.139
411.555
412.095
408.825
409.573
409.392
408.492
407.659
410.635
409.684
407.632
409.994
411.276
411.314
408.186
408.125
409.223
407.492
407.709
406.082
408.117
411.127
411.641
414.447
413.309
409.919
406.419
408.236
407.279
410.711
412.534
410.880
406.300
408.194
407.530
409.158
408.380
410.064
409.736
409.728
407.117
406.151
405.955
408.392
408.695
406.622
407.150
406.048
405.777
403.664
405.050
406.166
407.655
407.315
407.740
409.121
406.384
407.592
408.330
407.535
406.022
406.653
406.946
404.280
405.624
405.708
405.238
407.599
406.070
405.804
405.701
403.657
408.550
409.307
406.565
405.096
403.415
405.794
404.031
409.166
405.974
404.750
407.294
408.079
407.590
407.411
410.289
409.547
410.150
408.038
407.486
412.030
410.940
410.546
408.857
410.851
407.458
408.258
410.517
410.056
410.127
405.885
405.794
409.319
408.528
405.440
407.546
405.644
402.910
404.278
404.126
406.621
405.832
408.541
408.972
409.438
409.399
408.865
405.704
408.019
409.039
407.715
408.759
407.331
404.277
404.741
406.014
407.760
407.327
407.670
406.159
410.011
406.905
407.808
408.901
405.222
405.231
408.353
406.509
403.210
408.470
408.828
412.034
406.634
407.156
409.205
406.626
406.543
408.202
404.835
407.288
407.509
407.675
406.834
407.482
405.653
408.451
408.501
407.018
409.550
407.411
408.603
406.629
405.563
405.713
407.789
406.013
406.304
408.054
405.820
406.524
410.126
408.480
410.115
407.732
409.333
414.431
412.534
410.955
411.593
409.684
410.016
411.365
414.465
411.464
411.267
412.977
410.784
409.186
408.600
410.840
408.846
410.603
413.755
410.588
411.804
410.266
413.904
412.355
411.750
410.497
408.754
410.765
409.332
407.438
410.525
408.644
408.367
408.120
407.207
405.841
407.904
407.663
405.968
409.000
407.333
404.920
407.278
405.806
403.632
407.464
405.040
408.203
405.994
407.694
409.633
409.407
408.759
405.123
408.816
406.118
408.227
407.838
405.956
405.548
405.297
407.234
405.760
407.752
407.910
407.486
405.751
405.050
408.120
406.952
405.841
405.949
408.221
407.886
406.247
404.738
403.675
405.227
403.917
406.290
406.156
405.843
407.733
406.845
404.138
404.395
405.819
406.201
407.690
411.849
408.962
406.544
410.374
408.787
409.749
409.539
410.656
406.933
409.252
403.841
403.939
406.573
407.443
407.103
406.554
406.033
405.460
405.145
406.226
405.942
406.844
406.605
406.875
408.333
405.947
407.715
409.010
410.662
407.198
409.005
409.217
409.443
409.756
407.095
411.270
410.298
410.813
407.285
407.343
410.407
408.653
407.491
408.845
409.941
405.766
405.633
404.777
408.306
409.972
405.395
406.967
405.997
405.308
404.928
406.172
404.252
406.560
409.502
408.974
404.746
408.004
405.033
405.903
405.751
407.242
403.913
403.521
404.958
406.236
407.506
408.137
405.607
402.317
403.488
403.740
404.126
406.196
404.684
405.297
405.368
403.358
406.432
407.825
406.873
404.325
403.762
404.065
407.425
409.009
408.704
409.319
407.552
411.626
408.938
407.406
405.906
405.690
407.564
407.320
410.414
408.953
409.793
410.066
408.303
407.501
408.960
409.918
407.322
404.995
406.011
406.776
409.647
406.051
404.016
407.457
405.537
404.797
405.303
404.454
404.155
403.019
405.184
408.549
405.874
407.219
410.630
409.377
407.586
408.750
406.424
404.865
405.654
408.913
405.875
408.341
405.855
406.850
405.298
409.012
408.543
408.863
406.759
406.217
404.684
402.352
405.339
403.796
404.994
406.477
408.183
407.407
403.735
405.739
407.645
405.235
407.574
409.286
407.998
408.995
409.979
409.342
408.553
406.972
408.714
406.796
407.020
410.358
409.642
408.130
406.586
407.478
404.309
408.099
407.245
406.860
406.143
405.853
403.733
407.137
406.735
409.613
407.305
406.734
407.431
404.794
403.587
404.383
404.780
404.140
408.023
406.922
406.440
406.604
405.316
402.910
405.380
401.505
403.252
402.925
400.877
399.697
401.528
402.939
402.739
402.066
403.376
401.178
402.348
404.239
403.278
402.658
403.325
403.139
406.459
407.185
405.529
406.937
405.220
405.492
405.218
401.419
405.342
405.540
405.547
404.327
409.541
406.447
407.909
403.866
403.390
402.781
401.843
405.192
402.798
404.595
402.513
401.997
403.036
403.789
403.056
403.298
400.741
405.176
407.556
405.969
405.749
406.894
406.224
405.926
408.116
406.529
405.434
405.650
405.673
405.499
405.226
405.727
403.151
408.277
407.855
407.497
405.832
406.680
406.672
403.206
402.237
405.250
405.352
404.764
402.012
406.867
408.652
411.891
408.342
409.859
408.417
405.264
405.239
403.996
404.653
406.055
405.406
405.526
406.730
407.254
407.701
408.332
410.238
409.149
411.539
408.084
407.468
407.461
409.221
409.059
407.851
406.392
408.868
409.180
409.061
409.665
409.430
408.117
409.518
409.317
408.528
411.111
407.433
411.410
412.436
410.210
411.563
410.095
410.421
412.196
411.465
409.937
411.290
411.464
414.992
408.430
412.140
408.389
411.304
409.011
409.399
409.015
410.812
407.574
410.674
410.945
409.990
407.214
408.900
411.565
411.318
409.130
411.707
411.272
412.474
411.067
411.260
411.322
410.867
412.753
412.127
411.462
411.307
412.066
412.730
412.602
416.280
413.314
414.541
413.936
415.335
416.237
415.592
414.050
416.612
415.534
415.010
411.545
415.800
413.401
413.677
414.328
411.900
413.643
410.850
411.255
408.977
411.023
411.177
411.520
407.363
411.794
410.393
410.028
411.438
410.473
411.207
410.226
413.018
411.962
412.192
412.119
411.112
410.647
411.101
414.084
412.195
413.382
414.138
413.687
416.113
411.743
414.334
413.962
413.644
413.283
411.019
413.807
412.737
409.708
413.559
414.749
415.282
412.351
411.092
411.334
411.312
412.103
413.762
415.962
414.265
413.899
413.706
413.825
412.828
415.225
413.314
414.602
414.507
415.386
414.468
415.705
411.769
416.123
415.875
418.126
415.558
415.433
413.124
414.038
411.979
411.410
410.162
412.155
409.896
411.922
413.078
415.778
418.039
416.153
413.913
413.505
412.861
411.969
413.861
416.358
419.044
417.885
413.779
416.741
412.295
414.985
410.977
413.432
412.706
412.375
413.721
416.529
414.706
415.097
413.065
412.755
417.064
414.056
415.666
413.206
414.143
415.733
416.012
417.314
418.017
418.168
417.411
418.096
417.817
417.249
417.003
418.164
415.443
414.644
415.509
413.714
417.263
416.512
415.908
417.712
414.637
416.389
418.196
418.670
417.107
416.082
413.792
413.660
410.706
411.984
414.699
413.883
417.722
414.399
413.546
413.517
411.081
413.255
411.655
414.270
411.849
411.117
414.082
410.962
410.110
412.382
414.518
412.034
413.146
412.358
412.743
411.815
409.563
412.913
411.186
411.057
410.826
410.400
410.282
412.246
413.595
408.713
408.366
409.139
410.276
411.236
412.231
410.536
409.022
407.404
412.672
412.215
412.419
408.493
407.416
409.630
408.956
410.712
412.664
413.773
410.953
410.750
412.702
411.079
411.209
408.208
407.077
409.132
408.071
410.161
407.953
407.504
408.343
405.359
406.414
406.130
408.620
407.652
405.630
406.959
407.529
405.944
405.686
407.698
407.072
407.739
406.729
407.292
405.896
405.808
405.670
407.113
404.240
404.795
405.540
404.722
407.593
405.431
408.635
403.079
404.386
404.467
404.659
405.856
407.015
405.225
406.252
406.991
408.193
404.771
407.684
408.653
407.004
408.344
405.227
405.344
401.801
400.303
403.630
406.169
405.712
406.504
403.870
403.125
407.199
408.589
403.819
406.394
409.844
406.629
406.414
406.439
406.288
406.265
407.392
406.213
408.131
407.618
409.366
409.701
412.086
408.885
408.598
409.142
409.991
408.360
408.171
410.956
407.741
408.603
407.289
406.768
405.751
406.177
405.868
406.205
408.358
411.015
409.148
409.781
409.415
411.898
411.953
411.162
410.643
412.880
413.457
412.013
410.671
413.912
415.372
408.930
411.684
413.298
412.761
412.176
410.822
407.817
407.763
407.847
407.509
407.345
405.470
406.740
408.022
410.304
407.440
406.909
406.118
406.770
408.625
410.086
408.795
410.197
408.917
410.734
412.234
411.123
409.945
411.812
409.742
406.612
403.415
411.424
407.991
409.849
413.165
410.970
412.114
409.640
408.437
406.378
404.407
405.819
407.527
408.417
408.202
406.764
407.477
404.963
405.467
407.389
407.809
406.116
407.428
406.000
406.380
405.311
404.192
404.871
406.013
406.585
405.368
405.514
406.911
405.910
405.646
407.483
405.827
407.176
404.513
403.107
405.716
405.610
404.177
403.380
405.803
404.756
404.949
404.391
403.614
403.560
405.168
403.390
405.514
404.965
406.125
404.958
408.273
404.816
405.584
402.998
402.623
401.504
404.310
405.314
407.782
406.505
405.858
405.108
403.843
404.373
404.253
402.620
402.801
407.418
403.340
404.132
402.743
405.072
406.898
405.390
401.833
405.728
406.203
409.065
406.670
403.697
403.532
404.565
409.191
407.213
406.907
405.632
405.725
406.245
404.800
406.292
406.290
406.937
406.350
405.914
405.359
406.074
403.028
406.180
404.944
406.922
408.221
407.160
407.739
406.782
408.475
407.917
407.463
405.793
408.350
410.650
409.437
408.946
407.893
410.296
411.843
407.868
405.628
404.988
405.166
406.180
404.931
406.248
404.898
407.903
404.336
404.175
404.744
405.621
406.945
407.017
405.722
408.387
405.481
407.478
408.408
406.421
407.529
406.215
405.826
408.963
407.471
405.542
406.812
404.485
405.794
403.482
405.265
405.160
406.063
405.928
405.111
406.547
405.146
405.992
407.318
404.527
403.942
403.108
402.274
406.282
405.089
405.214
404.575
404.761
407.010
405.798
403.681
407.392
408.646
407.898
407.270
407.942
407.310
405.509
409.819
409.845
406.269
405.925
406.861
405.314
407.872
404.008
406.806
405.054
406.004
403.615
406.013
405.354
406.386
406.011
407.942
404.444
401.643
399.459
402.945
404.174
404.693
405.725
402.643
403.495
403.558
402.867
406.869
404.199
404.059
404.559
404.693
405.423
402.949
403.437
406.630
404.621
404.482
406.262
405.733
407.236
406.079
403.963
404.630
403.825
403.743
402.532
403.701
404.310
404.102
403.462
402.292
405.981
405.695
403.122
404.342
404.702
404.431
405.677
405.169
407.811
406.600
405.537
409.520
406.214
406.958
406.445
408.398
406.579
405.796
405.659
404.358
407.153
407.996
406.511
402.867
405.716
406.381
405.695
406.233
408.214
407.699
407.286
406.250
407.386
408.416
406.151
405.046
405.330
404.707
406.231
405.908
404.945
407.953
408.711
407.229
406.996
405.978
407.130
405.589
405.200
402.338
404.868
404.114
406.762
402.090
406.210
404.198
407.632
408.096
406.673
407.004
404.801
403.933
406.919
406.187
405.539
403.629
404.702
407.047
407.327
403.058
404.498
404.484
405.721
405.683
404.364
406.071
404.090
405.903
401.786
402.404
404.759
402.196
403.120
404.096
404.974
405.182
406.058
403.499
404.942
407.233
406.223
406.608
407.743
405.132
405.838
407.534
407.124
408.413
408.352
411.049
410.304
405.989
407.507
406.122
408.806
406.877
408.236
404.088
409.997
406.445
404.493
401.676
405.598
405.065
404.032
404.766
405.316
401.775
398.679
400.980
401.396
403.324
402.887
402.794
403.846
401.175
400.933
402.606
404.301
404.745
402.751
401.302
400.192
398.452
401.465
399.278
401.498
399.736
400.133
401.301
399.922
399.672
403.879
404.668
403.116
404.773
405.268
406.223
403.633
403.229
401.736
399.674
400.516
400.379
400.453
403.446
401.771
402.620
402.714
406.449
405.969
400.938
402.124
401.996
403.662
400.999
404.365
404.120
405.044
404.041
402.537
404.749
404.473
402.752
403.749
403.803
404.209
406.659
407.043
407.295
405.912
405.404
405.568
404.668
405.661
405.130
405.553
403.219
407.150
401.031
400.904
403.447
403.706
402.902
405.389
405.188
407.705
406.702
406.351
406.395
407.911
408.356
409.730
410.047
407.199
407.035
408.855
410.158
408.251
405.495
408.867
410.774
409.067
409.644
411.549
405.797
409.657
408.908
411.379
409.354
411.222
411.151
411.757
410.501
411.819
410.824
410.733
408.271
408.620
407.318
407.507
404.964
406.934
406.829
404.226
403.642
405.532
406.632
405.617
406.334
408.386
406.687
408.710
406.567
406.541
408.850
407.712
405.014
407.400
406.365
407.353
405.748
407.417
407.990
407.719
405.038
404.473
406.816
404.878
405.789
411.303
410.751
412.239
410.871
411.942
411.316
410.074
411.718
410.790
411.329
413.156
412.209
416.154
411.488
412.778
413.061
412.740
413.662
414.914
414.331
414.203
413.635
413.397
415.004
414.493
415.592
414.829
415.232
415.547
415.290
414.195
414.548
413.441
415.395
413.022
416.480
414.898
415.386
414.311
411.776
412.347
416.408
419.832
416.575
412.828
415.607
411.085
411.337
413.191
415.213
412.585
411.878
413.647
413.364
417.437
419.445
415.799
415.924
413.222
414.127
415.734
415.573
414.613
415.569
414.948
413.820
412.786
412.873
411.278
412.706
410.274
410.734
406.718
406.170
407.642
407.213
408.093
408.964
407.175
407.705
412.492
412.698
411.685
408.971
408.516
410.796
408.175
406.121
407.336
407.047
406.527
408.327
406.016
406.667
409.118
410.018
407.452
407.217
409.535
408.962
409.069
410.997
410.573
411.114
408.651
409.093
405.440
406.853
407.995
411.526
408.311
408.810
410.220
410.228
407.389
407.584
405.717
404.927
408.368
409.323
405.587
407.442
410.178
409.456
408.248
409.633
409.615
406.397
405.095
405.747
407.380
409.660
405.082
409.505
406.918
404.935
405.325
406.686
404.176
407.709
410.930
406.816
403.729
403.678
407.422
407.203
409.230
407.582
404.984
404.647
405.170
405.310
405.556
408.875
407.962
408.677
405.472
407.370
408.248
406.426
410.755
412.033
409.851
408.324
406.424
408.927
409.585
408.689
408.453
409.024
410.612
410.092
411.357
409.631
412.062
412.728
413.772
411.496
408.633
408.944
408.430
409.599
408.379
409.509
409.117
408.166
407.217
407.813
408.269
405.177
405.976
405.803
403.992
405.930
408.251
406.010
406.462
408.890
410.571
408.661
406.829
411.335
411.602
407.191
409.264
408.126
408.975
408.097
408.009
408.245
409.365
406.244
406.557
410.086
408.507
409.576
408.636
409.539
409.157
410.571
410.933
414.316
414.124
413.050
410.505
410.320
410.476
412.305
410.650
409.715
407.944
411.914
412.388
409.976
411.304
413.948
414.865
410.197
413.827
415.262
414.157
417.508
418.111
417.596
413.193
415.000
413.132
410.968
412.968
412.102
411.483
412.718
413.757
410.149
410.113
409.765
412.865
412.789
412.537
411.146
413.430
409.940
410.114
410.780
409.127
410.927
410.469
409.506
409.694
409.579
408.715
409.598
405.718
407.741
408.634
407.784
411.305
408.348
408.117
411.777
408.525
408.514
411.392
413.456
411.535
410.872
409.850
412.554
411.400
410.926
413.003
412.377
410.407
409.648
407.992
409.279
408.965
410.457
410.848
410.646
412.127
408.818
409.727
414.027
417.162
411.590
410.403
411.792
412.361
408.944
408.395
409.167
408.642
410.889
410.777
414.786
414.390
412.148
410.477
411.790
412.808
412.468
413.821
411.335
414.052
411.573
412.256
416.028
413.925
415.700
410.055
411.231
411.990
411.455
413.570
411.327
411.604
409.711
410.965
413.163
412.151
412.624
411.009
411.970
410.912
409.364
411.931
411.866
410.897
412.284
411.025
409.658
410.243
410.467
408.538
408.387
408.054
409.733
408.001
408.731
411.050
410.344
410.830
411.755
407.479
408.125
408.584
409.236
411.654
411.824
408.427
407.441
409.485
410.247
407.615
406.334
411.551
410.245
411.348
410.649
408.617
411.420
411.825
409.905
410.437
411.822
412.294
410.306
411.064
413.976
409.991
410.367
410.189
409.037
412.315
408.809
409.497
407.836
411.266
410.447
411.809
412.473
408.847
413.064
413.451
411.366
411.482
413.674
414.463
415.215
415.802
412.582
416.001
413.281
411.896
413.729
418.707
414.639
417.578
415.925
416.027
413.818
412.953
413.059
413.424
414.094
410.665
413.825
412.095
413.151
412.238
415.696
414.351
416.247
415.506
415.936
415.205
413.552
413.365
412.264
414.723
414.613
419.789
416.661
414.973
419.460
416.897
416.504
416.721
416.889
416.357
414.929
417.893
416.237
415.633
416.079
415.046
413.200
413.269
413.579
414.383
412.850
412.174
415.283
416.239
414.865
410.359
411.909
414.797
415.710
417.789
416.803
414.598
415.074
413.226
416.640
410.981
411.056
409.472
411.181
411.472
412.426
413.335
409.967
409.941
408.843
411.987
408.761
413.303
409.819
411.852
411.027
409.060
416.611
414.100
414.074
407.777
410.158
408.752
408.070
409.142
405.775
409.792
408.920
409.370
409.759
410.961
410.204
408.668
409.398
411.002
409.509
410.994
410.934
411.476
413.048
410.799
410.223
408.885
408.537
410.009
412.470
414.504
415.069
412.611
412.762
413.638
413.191
414.019
413.881
413.684
412.830
412.672
411.656
412.835
414.962
412.714
412.047
412.438
411.106
409.395
410.853
411.175
409.476
411.726
412.277
412.083
411.476
409.318
408.909
408.524
408.356
413.142
413.024
411.427
412.304
410.107
409.067
412.726
411.718
412.828
412.013
410.136
413.405
410.307
411.503
411.061
410.571
411.297
412.332
411.009
411.034
411.672
410.762
414.037
417.378
412.033
414.285
412.692
414.097
413.118
413.267
411.934
411.695
413.728
411.129
410.403
410.659
414.390
414.726
410.840
413.667
413.614
414.585
414.962
415.441
414.737
416.848
417.109
416.283
419.290
416.750
415.339
415.009
415.578
412.222
414.446
415.041
412.657
415.659
415.815
414.113
412.428
412.953
409.837
408.453
409.958
411.437
413.350
414.217
416.391
415.694
411.780
410.988
412.918
413.733
413.897
411.218
410.916
415.345
411.960
413.921
414.163
413.025
410.855
411.275
412.511
412.102
410.803
412.082
411.158
410.711
410.511
411.311
409.655
409.603
408.768
407.947
409.433
407.315
404.740
409.629
410.193
409.903
409.568
410.179
410.782
409.951
407.917
410.029
410.793
408.780
407.632
406.836
405.341
407.235
407.806
410.248
406.800
408.800
406.980
406.585
407.740
409.652
409.155
407.134
410.104
408.181
408.978
408.553
410.533
408.977
407.035
410.363
409.756
409.392
410.293
410.440
410.775
409.761
411.980
409.959
412.045
411.167
411.542
409.475
405.306
406.848
405.517
406.646
403.432
402.802
405.019
406.718
407.629
407.755
406.700
406.282
405.731
407.514
405.164
407.905
408.481
406.778
403.985
404.231
405.595
406.548
408.833
405.741
404.834
405.891
404.593
406.724
405.466
403.572
405.176
406.365
405.508
406.187
406.552
405.319
405.782
405.874
403.301
407.810
406.387
408.880
405.887
406.295
408.522
404.994
404.161
403.899
401.414
401.753
402.956
404.010
402.769
403.772
403.771
404.294
405.698
405.927
406.424
405.749
405.429
408.795
408.677
411.224
410.985
410.494
409.305
410.289
410.849
404.827
404.570
403.735
404.134
404.750
405.612
404.524
404.337
404.638
405.726
404.957
405.141
402.758
403.997
401.372
403.337
403.771
402.963
404.258
401.739
398.251
402.277
402.160
400.792
401.974
404.568
403.133
402.449
404.670
404.574
401.007
401.560
402.164
403.616
402.666
403.751
403.536
403.384
403.602
403.598
401.990
400.471
402.166
403.445
401.457
401.796
403.893
404.194
403.331
404.418
402.737
403.969
404.248
402.222
401.821
401.964
402.629
406.701
405.778
406.819
404.757
407.247
407.368
405.870
407.137
408.290
408.144
408.174
412.117
409.650
409.104
409.040
407.157
408.862
408.770
409.348
407.900
408.362
407.439
408.956
406.776
407.258
406.972
405.745
403.508
404.769
407.664
407.300
405.822
406.291
407.917
410.727
412.135
409.132
411.677
409.755
408.412
412.313
409.961
409.143
409.630
409.954
409.475
410.907
410.478
407.541
408.491
409.703
408.418
406.832
408.004
409.982
407.863
407.223
405.763
408.640
407.070
409.116
406.937
407.227
406.607
407.287
405.448
406.286
406.159
408.208
403.696
406.019
406.097
406.901
406.434
408.558
409.822
410.301
411.509
411.346
406.933
406.598
410.107
412.115
410.481
409.040
410.844
410.075
407.105
409.836
408.745
411.670
411.755
408.758
411.710
410.883
409.911
412.771
412.663
413.647
411.668
412.383
411.481
408.755
409.850
408.510
404.871
407.775
411.205
408.839
408.728
407.015
407.990
405.775
408.741
405.992
405.573
406.803
407.216
405.088
403.434
405.597
405.635
406.402
405.164
405.380
407.023
404.265
405.879
404.819
406.113
408.749
410.313
406.970
409.408
413.785
409.233
410.398
409.885
408.688
408.727
409.333
409.979
408.842
410.851
408.290
409.025
409.638
408.523
410.094
410.662
407.063
411.574
407.714
408.024
407.648
408.962
413.275
408.726
409.842
412.321
407.448
411.317
410.317
409.417
410.411
411.210
408.946
411.523
408.779
411.742
411.865
408.063
407.594
404.586
409.114
413.611
408.112
407.693
408.159
406.574
410.247
408.607
408.280
411.279
409.891
411.478
409.455
408.259
411.784
412.541
413.432
410.199
410.153
409.999
413.725
412.647
410.594
412.478
414.919
412.126
411.932
413.404
412.534
413.317
413.813
413.906
412.444
414.010
414.169
411.641
411.609
409.693
409.933
411.281
413.065
410.932
412.829
408.885
411.563
412.054
412.009
409.225
411.813
409.445
411.842
413.132
413.955
412.760
411.538
411.577
405.996
409.298
412.297
412.616
412.302
410.779
408.773
410.898
411.739
409.808
406.753
407.447
403.903
406.558
410.395
407.923
408.204
404.580
406.997
409.860
409.627
409.992
409.866
410.164
408.638
410.409
406.383
410.914
406.685
407.967
413.696
412.399
412.391
410.992
409.588
410.604
409.668
411.894
413.812
409.960
411.627
409.921
409.457
409.613
411.705
413.990
412.653
407.913
410.704
410.932
409.619
405.611
409.470
409.104
408.225
407.021
408.155
408.844
410.543
411.180
410.082
410.676
409.649
408.878
408.135
410.214
413.255
411.399
407.192
405.427
411.297
411.046
408.368
409.530
408.481
410.415
410.942
409.173
409.058
408.691
409.666
410.045
411.082
411.406
410.039
410.657
406.325
406.737
411.622
408.473
409.369
409.829
411.766
410.177
413.590
412.442
412.587
408.518
410.883
410.145
409.060
407.973
407.721
409.605
407.784
410.381
411.745
406.302
407.294
407.245
405.422
405.241
407.865
405.240
406.764
407.336
408.843
408.476
408.737
413.300
408.673
410.151
409.986
412.050
408.980
410.573
413.002
412.150
408.768
411.866
411.870
409.774
409.864
410.279
408.089
407.268
409.963
409.825
411.654
409.114
406.899
406.721
406.321
409.663
405.535
405.700
406.037
406.744
407.522
410.173
404.979
406.666
406.904
407.414
407.998
407.907
404.691
405.361
405.647
411.866
409.727
410.041
409.891
407.494
408.916
408.258
407.537
408.238
407.797
408.683
409.442
409.114
408.168
408.154
410.364
412.062
409.632
410.548
406.465
410.112
410.283
407.363
406.664
408.178
409.162
406.632
411.046
409.555
408.781
409.145
410.446
409.742
411.390
406.858
407.632
405.876
405.071
405.599
407.169
407.113
404.828
407.735
405.605
404.598
403.935
400.641
405.503
409.341
410.562
408.812
409.776
411.787
410.531
409.661
409.393
407.279
412.256
411.624
410.729
411.591
410.641
410.917
409.063
412.189
413.223
411.405
412.249
409.973
411.808
414.267
415.349
411.360
411.913
411.753
412.568
411.408
411.638
411.779
411.790
411.932
410.621
411.342
413.806
415.030
407.422
408.949
410.161
408.036
407.804
407.870
411.076
410.322
415.055
410.435
412.491
411.103
412.276
412.026
408.558
408.867
411.214
408.649
409.844
408.213
407.641
409.817
410.379
409.503
408.185
408.757
408.184
408.250
412.289
410.167
408.911
411.476
410.494
410.371
408.231
410.058
409.941
412.506
410.872
408.454
411.499
409.903
409.397
409.156
407.923
410.379
410.608
409.520
409.063
408.163
408.565
405.749
410.305
411.167
409.965
409.322
411.894
412.498
412.021
412.431
413.742
413.320
415.928
415.130
414.508
412.764
410.671
411.887
410.717
412.127
414.721
411.448
410.975
415.464
412.553
413.640
410.012
410.676
409.357
408.858
408.124
409.326
412.497
413.173
408.445
411.755
413.040
411.730
411.223
415.067
416.678
414.823
414.162
414.139
413.751
412.891
412.824
414.050
412.637
412.309
409.953
409.543
409.236
409.547
410.806
411.616
412.703
412.134
413.694
411.464
412.812
414.094
414.262
411.174
412.122
410.715
413.162
413.230
413.098
409.309
409.498
411.796
410.722
411.084
412.865
411.964
412.925
411.264
412.279
412.747
415.193
411.995
410.984
408.888
412.422
413.208
415.145
413.994
409.512
414.465
414.228
415.900
413.544
412.305
413.200
413.823
412.993
413.072
414.024
417.167
415.758
412.300
415.671
414.315
412.533
415.824
413.226
413.588
416.360
416.925
413.671
416.441
416.639
416.753
414.272
414.815
411.019
413.684
411.871
411.996
414.573
415.435
414.802
414.071
414.797
412.371
413.155
414.180
415.140
413.985
414.187
414.665
418.845
419.002
419.652
418.761
416.793
416.409
419.083
416.341
416.995
417.363
416.002
416.646
415.008
414.402
415.491
414.207
415.775
414.929
413.199
410.915
411.987
410.820
411.474
409.935
411.464
411.858
416.515
412.735
413.952
414.524
416.288
413.937
413.360
413.826
409.969
409.841
411.234
413.851
412.525
414.768
414.964
417.243
414.262
412.782
413.473
410.040
411.617
409.729
412.831
415.273
412.031
409.957
409.824
412.062
411.783
411.952
410.015
410.591
412.222
412.342
412.886
411.509
414.493
412.157
413.301
411.690
412.121
413.885
412.406
413.342
412.846
414.692
411.635
409.655
411.342
414.133
412.033
412.458
411.631
412.479
412.677
411.287
411.473
409.423
413.972
411.164
415.574
412.034
411.581
413.882
412.776
411.221
407.514
409.769
409.855
411.167
409.071
409.728
407.757
410.482
412.028
409.501
409.194
411.534
411.535
409.766
412.072
409.339
410.107
412.773
413.486
411.890
410.810
411.844
411.661
411.647
410.298
408.721
413.899
408.356
411.625
409.130
408.018
410.135
409.070
410.532
410.441
410.858
411.775
414.476
411.805
412.097
408.871
409.401
411.250
407.560
411.902
410.305
408.994
410.497
412.563
414.368
413.046
411.672
412.281
411.063
410.101
415.171
411.575
413.391
410.714
413.252
412.295
411.863
410.503
409.304
412.536
410.822
412.585
414.348
413.982
414.786
413.811
411.244
413.669
412.363
409.565
410.093
413.537
411.920
413.481
409.906
411.846
408.728
410.150
412.325
409.091
412.471
410.590
411.587
412.675
412.820
411.286
408.795
409.628
410.009
410.994
409.748
409.948
408.365
409.095
409.859
413.777
412.962
412.590
412.186
414.939
411.478
414.149
414.793
413.823
409.276
408.479
409.790
408.683
408.832
407.830
405.930
408.283
407.854
406.546
405.436
406.852
405.887
407.006
410.714
410.710
408.751
408.708
409.244
411.067
412.490
411.021
408.689
410.727
407.416
408.367
409.296
409.943
410.810
410.858
408.226
410.565
413.276
411.876
410.458
411.322
408.552
409.710
408.527
408.333
412.395
413.337
411.111
411.175
410.071
414.555
413.544
415.349
414.208
410.580
415.227
410.893
410.832
407.669
409.823
411.998
410.572
414.671
413.128
412.342
415.652
413.360
413.800
412.142
409.089
408.350
410.212
408.729
409.683
410.172
410.797
412.134
409.068
410.833
410.498
409.463
406.422
407.353
406.794
405.928
407.683
406.313
410.623
405.769
407.467
406.198
408.687
406.053
408.178
407.827
407.147
407.086
411.955
411.673
410.850
408.641
410.966
409.507
413.068
412.423
411.492
410.113
409.441
409.001
406.788
407.322
408.912
410.943
408.517
408.750
409.116
408.554
409.840
408.446
410.492
407.907
411.361
409.470
409.023
413.602
411.396
409.620
409.382
409.675
410.079
411.804
409.522
411.853
414.041
416.529
415.853
416.666
415.416
413.913
410.970
409.504
411.913
409.171
409.720
412.875
411.225
411.969
411.657
414.299
415.124
415.640
413.431
415.678
414.529
414.797
412.127
412.684
414.445
416.564
413.580
416.777
410.217
413.918
413.930
413.556
412.394
411.129
413.340
413.405
409.137
408.801
408.856
410.169
410.133
411.295
411.345
412.717
410.617
410.952
411.174
409.502
410.547
412.086
412.634
411.746
413.750
412.990
414.741
412.083
413.960
411.796
412.629
417.497
413.390
412.140
413.045
414.773
415.245
411.969
413.925
412.805
413.902
416.499
412.363
411.203
412.110
413.124
413.367
413.836
415.839
413.749
416.071
416.041
413.921
413.773
410.777
414.673
415.249
413.327
412.988
414.023
416.288
415.273
413.290
414.764
413.297
416.311
414.087
415.138
416.206
415.059
418.372
417.658
416.101
418.979
419.928
416.261
417.838
418.345
417.758
413.555
417.941
417.558
416.524
416.409
416.882
416.561
416.100
418.540
417.214
416.170
420.777
419.120
416.547
415.983
416.827
420.584
419.064
420.125
418.386
417.818
417.253
415.348
416.803
414.396
418.340
417.063
418.191
416.480
417.501
417.741
416.802
416.979
416.566
416.045
416.692
416.342
418.789
419.218
417.962
418.372
419.154
420.436
417.835
419.829
420.319
422.505
424.149
420.450
419.414
419.837
417.038
416.970
417.266
417.817
421.138
423.985
420.670
424.571
418.908
420.165
419.946
418.520
415.066
417.178
415.724
418.323
420.735
418.009
419.446
420.565
420.873
417.795
420.527
419.011
418.675
415.895
417.694
415.439
419.101
418.886
421.330
417.538
420.105
417.354
413.888
418.865
421.042
417.922
418.179
418.662
413.874
414.987
416.190
418.133
419.658
420.188
415.800
413.732
415.999
415.383
418.160
417.405
416.361
418.027
417.080
419.006
417.785
417.726
420.120
419.478
416.359
416.379
416.736
415.804
417.906
412.400
414.488
414.655
416.758
415.712
412.667
413.913
412.735
412.014
412.255
412.598
412.642
411.698
411.408
414.184
414.235
411.724
413.293
410.010
409.695
408.876
410.637
409.340
413.270
412.046
412.027
412.708
414.889
411.788
411.839
410.823
411.500
408.579
409.016
411.043
410.160
411.565
412.240
411.550
416.004
412.881
412.646
413.160
413.989
411.382
410.546
413.758
410.169
412.380
414.617
414.949
412.174
409.650
412.940
412.048
410.324
410.009
411.955
410.370
410.565
408.053
408.941
410.158
408.496
409.695
411.026
410.146
407.901
407.773
406.058
411.471
411.811
409.890
408.413
410.824
408.136
409.931
415.506
415.745
411.557
411.741
415.275
413.963
409.448
409.766
407.856
410.213
410.392
408.232
406.163
405.775
412.270
409.722
408.567
411.275
411.854
413.171
409.810
411.407
413.226
414.031
412.497
415.632
415.010
411.566
409.735
411.106
410.464
412.757
419.978
411.790
414.224
414.563
413.267
411.384
414.776
414.950
411.119
415.763
415.610
414.686
414.706
411.427
410.153
409.460
409.382
410.107
409.554
407.895
413.019
413.370
410.263
414.158
413.633
413.987
416.662
414.698
417.683
417.545
418.161
418.658
420.104
416.608
416.757
415.109
415.894
415.786
415.452
417.090
419.757
419.603
417.916
421.202
419.441
419.972
421.611
424.078
423.996
424.835
422.634
416.273
416.774
421.762
420.384
418.929
418.649
417.481
418.864
418.654
422.838
419.036
419.275
419.705
419.300
417.615
418.506
421.404
423.089
420.150
420.335
421.370
421.733
424.322
421.925
420.003
423.541
419.100
421.211
426.972
429.424
426.065
424.436
424.569
425.372
419.306
419.688
423.116
420.605
421.775
424.778
422.620
420.080
421.593
422.678
421.677
420.309
424.017
424.834
419.592
423.698
423.793
420.613
419.981
422.818
423.889
419.455
419.222
420.456
418.415
416.481
416.809
418.869
420.331
418.891
419.651
419.992
418.333
417.977
421.150
422.645
419.077
419.930
418.517
416.748
421.196
423.514
418.242
420.343
423.594
421.068
418.317
419.386
420.714
422.823
422.447
421.444
419.773
423.440
422.687
420.006
417.210
417.362
417.711
421.947
419.747
416.257
419.412
417.438
421.282
417.551
421.340
417.451
421.949
421.777
418.343
417.406
416.453
420.626
421.547
421.405
420.142
422.206
420.905
421.171
419.577
422.038
422.240
419.669
420.796
420.223
419.166
418.486
419.442
422.655
419.108
422.259
422.986
418.550
418.356
420.522
418.826
421.278
420.267
422.324
421.360
422.351
420.873
425.314
421.509
421.576
419.973
419.166
422.597
422.810
419.389
422.636
417.733
420.539
420.805
425.498
425.649
421.216
419.932
419.576
424.091
420.119
421.861
419.581
421.172
420.310
420.549
417.144
421.056
420.474
418.216
419.028
420.030
421.810
418.887
420.466
419.092
417.936
417.142
419.073
418.452
421.219
418.706
421.584
420.244
425.426
423.948
419.645
420.886
419.177
421.853
421.518
421.628
419.767
419.514
422.716
419.907
419.776
419.066
418.380
417.468
418.799
418.918
420.554
417.583
420.505
419.629
418.678
416.962
412.190
415.631
415.830
412.801
415.136
418.092
412.540
412.282
412.306
412.554
413.333
412.671
417.416
415.518
416.393
417.514
416.075
417.535
415.098
416.219
415.907
417.704
418.134
414.572
416.964
417.262
420.679
419.214
418.169
415.781
417.371
416.125
413.525
411.569
410.932
415.008
415.498
416.290
414.761
415.218
414.814
414.871
416.895
414.962
417.748
415.106
417.837
414.167
412.952
411.306
410.277
414.240
414.107
412.538
411.665
410.319
410.844
412.418
412.556
410.541
413.273
415.196
415.326
414.186
415.272
413.483
415.877
414.255
411.743
412.012
409.788
411.556
413.939
409.920
414.591
413.308
414.300
411.643
415.733
415.635
414.287
415.788
413.567
415.001
414.475
416.507
416.247
418.116
417.184
418.489
419.638
417.383
419.533
418.318
417.118
417.472
415.435
415.972
414.908
417.070
418.489
420.954
418.411
415.476
419.269
421.203
423.293
418.396
419.385
420.080
418.163
419.908
419.342
422.252
421.315
421.953
418.313
416.300
417.533
415.697
417.255
417.126
416.932
416.713
415.526
417.452
412.736
414.873
414.574
412.378
417.365
413.814
414.015
416.386
415.897
418.634
416.150
415.202
413.427
413.216
415.087
415.200
411.537
414.744
415.889
414.586
414.229
415.363
412.753
414.869
416.815
414.046
417.244
418.362
416.086
422.794
424.973
421.937
420.417
417.824
417.218
418.822
418.444
420.751
419.647
417.144
417.978
420.191
421.099
420.020
416.282
416.425
417.847
418.585
421.165
421.009
421.165
418.970
419.105
417.784
418.782
418.128
417.018
416.061
417.864
415.484
417.413
418.102
417.463
420.242
420.651
418.785
419.896
414.248
417.263
414.493
417.251
417.533
416.476
417.157
416.686
415.176
414.638
418.721
417.753
415.874
417.471
414.887
416.554
416.131
416.743
417.859
418.649
416.523
413.095
413.357
413.672
415.532
414.960
413.457
416.080
417.772
414.849
415.203
415.437
414.064
415.157
413.516
415.229
415.739
412.448
412.618
413.621
415.370
415.281
415.036
416.373
415.237
417.369
419.174
418.725
415.379
412.290
415.353
418.188
414.391
414.249
413.115
415.364
418.137
416.928
416.603
418.376
416.938
415.438
416.860
418.963
415.940
415.317
414.821
416.045
415.062
414.029
417.736
415.953
414.625
413.121
413.139
416.814
411.227
411.600
412.335
412.207
412.118
413.274
412.854
414.818
415.529
415.340
414.649
412.591
416.240
416.139
415.780
418.025
416.342
417.592
416.167
417.847
416.507
414.511
416.190
414.608
413.769
414.650
418.270
416.413
418.206
418.021
417.192
414.796
413.784
412.690
412.411
414.465
413.432
413.286
412.491
413.413
413.256
411.066
411.799
414.448
409.377
411.201
408.775
407.706
410.768
411.646
410.734
409.756
406.778
407.188
407.677
408.981
409.121
409.661
410.082
411.745
409.349
410.713
410.488
409.339
406.708
410.054
407.759
411.266
411.054
411.020
413.015
410.480
408.645
408.404
411.258
412.532
413.723
414.820
413.048
410.894
407.901
408.977
409.085
411.318
412.525
409.641
410.353
409.761
411.546
411.436
408.719
409.161
410.541
408.644
411.149
412.448
412.927
413.808
412.321
411.964
415.490
414.693
414.497
412.902
410.181
411.975
414.010
413.883
411.173
414.306
415.746
413.972
416.502
413.261
411.581
411.644
414.823
417.797
418.832
414.827
416.306
415.717
414.563
415.229
415.047
417.268
417.048
417.405
421.182
421.627
418.109
418.695
417.281
416.002
419.464
421.327
419.283
420.440
419.087
420.086
421.774
420.908
421.138
422.398
418.588
419.073
417.569
417.505
418.217
418.942
418.089
421.788
420.246
417.871
420.247
418.266
424.249
424.479
423.822
427.528
420.526
421.867
423.839
424.796
418.874
420.301
419.536
419.160
418.265
420.486
420.800
419.799
422.848
421.355
420.720
418.149
419.488
419.537
416.861
417.749
419.253
421.134
421.096
422.066
421.200
420.536
417.238
419.792
418.342
416.889
415.894
418.047
417.987
417.458
417.210
415.368
417.064
418.767
419.038
423.274
419.281
417.353
418.050
417.402
421.265
420.180
417.630
419.709
418.555
419.936
420.134
418.956
417.251
416.719
415.802
416.739
415.530
415.211
418.500
419.425
417.388
414.176
418.353
416.446
418.333
412.509
414.876
417.084
414.375
415.436
414.150
414.328
416.342
415.987
411.956
413.731
412.782
415.737
415.053
416.818
418.108
417.206
417.643
416.410
415.339
417.792
417.102
419.211
416.745
415.746
415.354
413.551
410.133
410.322
412.035
411.341
411.599
409.925
409.732
411.887
412.627
411.701
411.578
412.213
411.885
410.062
412.775
412.987
412.379
416.479
415.611
414.649
416.283
416.761
416.335
414.803
415.914
414.599
413.576
415.178
413.165
410.927
414.323
409.775
411.164
414.198
416.171
416.609
421.150
421.893
421.231
419.650
419.686
421.633
421.371
413.919
416.427
415.790
420.094
421.915
418.111
419.558
418.795
417.996
418.380
414.919
416.755
416.458
416.087
413.610
412.633
416.722
415.181
416.120
414.432
415.657
417.285
414.859
416.260
415.404
416.452
418.566
416.485
416.601
417.108
416.815
417.196
415.376
415.299
415.204
417.116
417.830
420.355
415.758
418.655
417.337
416.906
416.540
416.869
417.864
419.738
416.613
418.853
420.575
418.488
418.975
419.785
419.113
418.131
416.835
420.428
419.171
420.026
419.425
417.780
416.842
416.525
417.912
418.152
417.773
418.343
419.034
416.249
416.801
417.432
417.220
415.343
413.899
415.143
417.174
416.539
414.970
416.491
415.057
411.734
413.818
411.168
414.460
415.594
413.406
411.464
412.350
410.679
410.548
409.156
414.008
412.575
412.045
410.996
413.143
412.918
412.974
411.247
409.125
409.355
414.459
413.110
412.702
409.245
411.997
409.287
407.702
406.662
410.491
408.961
414.501
412.815
409.422
412.226
412.516
413.627
414.607
412.727
415.967
411.035
410.031
412.577
411.767
411.612
411.215
407.688
407.930
409.021
409.401
410.398
411.149
409.871
409.120
408.129
406.454
410.541
410.856
411.218
410.797
411.647
407.574
409.009
411.052
408.366
410.859
410.100
409.585
410.468
412.938
411.462
412.713
412.811
413.705
413.630
413.392
411.356
409.603
409.576
407.546
413.117
412.008
408.284
413.092
411.297
413.332
410.943
411.910
412.601
409.197
411.237
411.380
408.689
407.255
406.823
407.514
409.319
410.799
410.972
409.102
412.834
410.037
413.830
413.707
412.725
412.132
411.496
408.853
409.424
410.254
409.775
408.987
407.635
408.607
407.232
411.650
409.660
410.443
407.986
410.318
410.195
410.073
