380.309
382.586
384.754
380.962
382.178
381.882
382.591
383.409
381.111
382.547
382.619
380.684
382.527
382.331
380.498
381.241
382.943
384.006
384.408
381.126
380.900
379.837
381.055
383.250
384.050
382.035
381.765
381.420
382.458
383.571
381.654
381.398
383.740
382.946
381.100
381.256
380.308
382.447
381.156
380.356
379.472
380.763
380.177
382.053
379.890
380.984
378.722
379.708
381.208
381.073
382.082
382.157
381.441
382.175
382.060
381.882
380.893
382.414
383.491
379.898
383.439
381.615
381.818
381.757
382.132
382.129
382.741
382.100
381.606
378.482
379.703
380.797
383.344
381.699
382.136
380.033
380.300
381.700
381.083
379.201
380.199
379.377
380.748
381.871
379.401
379.716
379.335
380.512
380.869
382.887
380.674
382.716
381.096
379.913
381.427
380.588
382.506
383.522
382.433
382.108
381.510
379.302
377.941
380.947
380.288
381.324
381.487
382.464
382.850
381.720
380.712
379.064
379.401
382.627
380.844
382.402
380.830
378.986
382.291
380.515
380.038
380.057
381.751
380.123
379.830
379.843
379.119
379.426
380.856
379.076
380.993
379.667
380.289
380.064
382.060
380.634
381.878
381.357
380.407
380.214
381.844
380.864
383.382
382.629
380.306
379.218
380.474
380.626
381.354
378.135
379.096
380.090
381.689
381.975
383.037
380.661
380.791
380.675
379.082
380.081
379.996
381.111
380.910
380.501
379.318
380.817
381.447
381.948
381.708
381.325
378.871
379.180
379.091
379.668
380.544
381.114
382.271
381.495
380.026
382.387
383.421
382.113
380.403
382.075
381.272
381.216
380.442
381.381
381.324
378.702
379.806
380.609
379.665
380.855
381.208
381.880
380.455
381.772
379.951
381.730
381.826
379.658
381.326
382.547
381.960
382.149
383.495
380.553
379.198
380.348
379.827
380.233
380.002
379.788
379.959
379.003
380.638
379.317
378.192
381.575
379.901
380.467
380.618
378.519
379.086
379.707
382.076
383.260
380.803
380.342
380.736
380.763
380.487
382.188
380.564
381.640
379.810
381.201
380.842
380.039
381.496
381.859
380.563
378.346
380.165
382.430
381.163
381.171
381.010
381.128
379.389
381.367
382.271
381.065
381.230
379.062
379.904
381.162
380.967
381.661
379.633
382.245
380.435
381.152
379.166
378.333
379.451
380.063
378.997
380.286
382.408
381.691
380.536
380.298
379.892
380.979
380.849
380.944
381.004
380.675
380.069
381.876
380.597
379.668
381.678
381.564
379.722
380.753
377.171
380.002
380.411
380.630
379.188
381.059
382.033
381.736
381.643
379.716
380.698
379.053
381.208
380.550
380.434
380.178
380.573
380.277
381.005
382.417
380.345
382.008
381.316
381.978
381.905
380.521
381.388
381.391
381.376
382.048
380.971
380.289
383.701
380.629
380.815
381.253
380.954
380.009
381.129
382.250
380.310
380.126
382.395
383.108
380.846
382.602
382.526
382.156
382.451
383.008
380.366
382.314
381.637
381.519
381.576
382.297
382.387
383.019
381.689
381.623
380.635
382.572
382.758
382.522
378.908
380.607
380.445
380.518
378.651
380.025
380.097
379.839
379.834
380.597
380.298
379.150
381.230
382.834
382.439
382.433
383.120
382.312
381.740
381.326
380.916
381.845
382.474
380.751
380.729
382.841
382.198
381.415
382.457
380.807
382.896
380.336
380.804
383.094
385.374
381.775
382.044
383.182
383.043
379.787
380.791
385.520
383.498
383.444
382.387
381.865
382.438
381.801
383.928
382.469
382.571
380.711
382.474
383.191
380.273
379.411
380.381
379.605
382.584
382.269
382.136
381.806
382.318
382.361
384.270
381.306
382.198
381.272
379.870
384.038
384.571
383.137
380.691
381.585
382.770
382.877
381.116
383.019
382.719
383.495
380.885
379.286
379.978
382.060
381.222
381.726
381.070
382.587
380.286
380.623
382.083
381.408
380.775
382.625
382.757
382.681
381.286
381.609
382.755
380.360
380.462
381.053
383.346
382.465
379.685
381.481
381.854
382.808
381.043
381.470
380.676
382.868
381.707
382.634
383.779
382.451
380.801
380.619
380.937
380.477
381.521
383.317
382.476
380.984
380.624
379.804
382.880
382.468
380.614
380.655
381.953
382.403
382.595
383.088
381.223
382.733
381.321
383.748
383.066
380.558
383.429
381.477
381.283
381.275
382.371
380.064
381.198
380.537
379.036
380.846
379.583
383.038
380.257
382.345
381.969
382.686
382.576
381.867
381.725
383.438
382.228
383.540
382.104
382.132
381.918
380.444
380.608
381.425
380.909
383.440
379.064
382.888
381.430
380.120
382.576
381.160
379.946
383.743
382.312
379.453
383.965
383.258
381.141
381.834
382.175
382.584
381.346
381.537
380.048
380.966
380.823
382.301
382.844
379.145
382.861
383.673
382.212
383.786
382.544
384.632
386.965
385.318
384.268
381.703
383.163
383.563
381.940
380.846
382.884
381.557
383.340
381.710
381.938
382.036
380.891
381.613
380.632
381.714
381.983
380.483
381.632
382.420
379.785
380.622
380.871
380.274
380.663
381.326
381.136
382.119
381.203
382.485
382.890
382.379
381.135
381.779
383.466
383.267
382.448
382.570
382.804
379.815
380.147
378.197
378.687
381.701
384.148
379.671
380.696
380.367
381.915
382.360
381.056
380.747
381.462
382.658
381.980
382.914
380.740
380.660
382.879
380.455
380.934
382.672
382.363
382.846
381.520
381.884
379.381
384.385
381.821
383.124
379.685
380.307
378.410
381.735
380.433
380.722
382.591
383.319
381.689
380.501
379.996
382.497
382.508
382.793
382.729
382.677
380.925
381.283
380.890
381.868
381.137
381.505
382.036
382.435
381.552
382.521
382.507
382.061
380.149
381.805
381.833
381.856
382.926
380.954
382.616
381.513
382.249
382.972
383.216
383.024
381.442
382.065
381.946
382.516
381.706
382.523
381.588
381.209
380.342
380.111
384.036
382.582
381.102
380.779
382.175
384.925
386.104
382.559
380.522
382.279
381.633
381.912
383.944
381.944
382.468
381.434
381.269
383.018
383.779
382.400
381.903
380.652
382.180
380.651
378.130
381.162
381.829
380.532
380.400
381.328
382.138
381.912
381.911
380.848
382.081
379.571
379.733
380.551
380.798
380.704
382.789
383.486
381.955
384.170
383.928
383.960
382.383
382.751
381.697
382.048
381.497
381.277
382.024
383.772
381.653
382.303
382.397
382.482
381.623
382.237
380.916
384.185
382.553
383.493
382.324
383.117
381.332
379.304
382.758
381.502
382.629
383.642
383.326
382.264
382.761
381.523
381.835
380.905
381.728
381.417
382.188
381.107
382.621
382.602
383.199
383.835
383.211
383.078
384.683
384.331
381.510
381.637
382.847
383.260
382.654
382.888
382.817
385.057
383.591
381.394
381.688
379.623
380.511
381.826
380.874
382.231
380.492
379.575
381.440
382.392
381.621
381.461
383.159
382.659
382.084
382.873
381.221
382.647
381.618
382.558
382.231
383.518
382.914
380.559
381.412
381.228
379.608
380.362
381.986
382.337
379.594
381.560
382.728
382.240
380.484
381.799
381.573
381.037
380.811
382.129
381.552
384.324
383.302
382.737
382.127
381.454
385.523
382.102
380.660
381.512
381.024
382.871
381.188
380.861
381.808
382.283
381.548
381.785
381.171
380.426
380.250
381.974
381.256
382.200
381.710
381.568
381.834
380.493
380.735
380.048
379.905
379.456
379.345
381.536
381.173
381.575
382.430
381.911
381.635
379.143
380.266
381.370
380.015
379.734
381.900
379.874
380.735
379.931
380.118
380.857
380.601
383.380
382.808
384.380
380.717
381.206
381.257
382.009
380.305
381.409
381.009
380.960
381.847
380.439
380.122
382.396
383.102
380.277
383.300
382.533
382.220
380.324
380.358
381.027
378.806
379.594
382.261
382.514
381.245
380.926
381.982
381.904
380.219
381.759
380.617
380.126
381.726
382.587
379.732
381.006
380.173
381.351
382.844
381.298
380.418
380.864
380.487
380.211
381.404
379.789
380.090
380.779
380.721
382.416
382.063
381.809
381.663
380.413
380.214
380.876
379.751
382.966
379.241
381.365
382.478
380.681
380.025
381.515
383.577
383.054
381.827
382.091
380.939
380.436
379.086
380.372
382.636
382.600
383.034
382.191
382.370
381.333
381.993
381.139
379.893
381.167
381.264
379.960
380.667
381.604
379.412
379.893
381.131
379.361
380.425
380.804
379.767
382.537
381.381
382.208
382.254
381.659
380.996
380.261
383.102
381.577
380.995
381.494
381.165
381.891
381.651
381.759
381.695
380.890
379.447
380.790
383.687
380.570
381.185
379.204
379.989
379.648
381.265
382.684
382.119
382.622
383.471
381.423
379.706
381.256
380.610
381.007
381.018
380.372
380.482
381.579
378.634
380.781
381.017
381.397
380.068
378.670
379.707
378.312
380.485
381.069
383.102
383.678
383.318
384.100
383.084
382.841
383.869
382.392
381.759
378.884
382.835
381.231
381.364
381.048
382.265
381.285
379.970
380.337
379.597
382.106
382.128
381.312
380.772
381.532
381.405
380.850
381.277
382.208
379.144
381.239
380.946
379.418
379.892
380.255
381.025
381.045
382.001
380.801
383.075
384.351
381.853
380.673
383.292
381.229
381.792
381.334
382.503
380.471
381.432
379.415
382.171
381.267
380.535
380.927
381.588
380.216
379.212
380.594
380.203
380.947
381.906
381.795
380.565
380.542
379.808
382.338
381.320
381.000
382.522
381.587
380.600
381.886
380.113
379.878
379.424
382.081
380.827
381.460
381.852
381.387
381.281
382.419
380.210
379.668
380.350
379.256
379.964
382.307
381.990
380.030
380.846
382.127
382.553
382.021
382.648
381.595
381.985
381.494
383.615
382.228
380.264
381.863
382.492
382.082
379.551
379.438
379.012
380.105
381.272
385.609
383.557
382.649
379.569
381.569
382.822
381.649
383.782
383.069
382.679
384.293
382.201
384.011
384.250
384.974
384.259
383.135
382.440
382.167
382.474
384.740
381.780
382.277
381.803
382.748
383.166
379.968
381.913
382.694
382.424
383.724
382.608
383.573
383.996
380.945
381.545
383.604
382.088
380.306
381.717
379.951
381.856
381.981
381.442
382.037
382.065
380.702
380.902
381.373
382.310
381.436
384.502
379.662
380.085
380.371
380.520
380.482
380.237
379.534
381.051
377.517
379.475
381.873
381.542
381.775
382.162
381.432
381.993
381.283
382.419
382.287
380.584
379.699
380.234
380.889
384.211
384.086
383.705
382.289
383.499
380.148
381.108
378.360
381.821
383.563
382.662
382.823
383.036
384.403
381.704
381.053
383.654
382.791
382.316
383.190
383.113
381.093
381.238
381.856
381.641
380.623
384.135
383.733
382.021
380.156
382.220
381.746
380.314
381.215
380.925
380.480
380.783
380.615
380.576
382.945
381.850
382.027
381.958
381.503
381.584
381.251
380.269
380.418
380.358
380.188
381.370
380.352
380.907
380.217
381.628
381.296
380.490
380.645
381.504
381.197
382.018
379.887
381.732
380.608
378.838
382.759
382.235
380.607
380.248
382.100
382.357
382.206
382.550
381.929
381.073
383.517
381.693
381.199
383.821
383.531
382.120
383.510
383.938
379.301
378.958
382.750
384.237
382.175
380.374
381.335
381.709
381.061
381.563
381.276
380.928
380.815
380.664
380.269
381.498
381.955
381.432
381.810
380.742
380.813
381.054
379.456
379.970
381.557
379.686
379.833
381.320
382.662
383.185
382.564
383.209
383.585
382.725
381.291
381.103
379.076
380.548
379.779
378.595
379.931
380.294
381.574
382.548
382.344
382.050
381.024
380.339
383.209
381.960
381.152
380.836
381.887
380.348
379.374
381.004
380.846
381.234
380.037
379.267
380.209
381.293
382.840
380.990
381.129
379.266
380.429
382.896
380.971
382.693
380.707
380.142
379.853
379.034
380.881
379.122
381.474
381.905
379.923
381.655
382.032
381.423
378.329
379.720
378.874
381.446
381.738
381.460
381.719
381.706
382.965
382.168
381.645
382.814
382.056
382.877
381.894
382.692
380.672
382.885
383.159
382.848
381.928
380.111
380.761
380.597
381.462
382.048
381.385
377.885
381.516
381.617
380.154
382.299
382.687
381.345
381.488
382.003
381.486
382.075
381.783
381.301
381.102
379.848
381.010
380.908
379.969
379.751
380.399
380.800
381.263
383.008
381.857
382.289
382.354
382.298
382.417
382.804
383.880
381.165
381.696
381.549
381.150
382.424
380.777
380.364
380.143
380.488
381.274
380.623
382.943
382.939
381.486
378.334
381.804
382.222
382.926
382.321
382.070
380.841
379.175
382.689
382.496
383.279
380.257
380.660
382.402
380.581
381.703
382.600
381.661
379.624
381.504
383.107
382.206
382.090
380.081
380.774
382.335
382.813
382.596
380.680
380.920
382.096
383.103
385.031
379.375
383.218
381.926
380.955
383.090
383.318
383.507
381.290
380.284
380.351
379.812
380.763
381.232
382.078
381.291
381.728
380.929
381.262
379.545
380.756
381.351
383.402
382.417
382.372
382.237
381.952
380.240
381.582
381.921
381.873
380.997
379.814
380.623
380.945
381.356
381.241
381.368
380.265
381.787
382.286
380.678
382.969
382.777
381.286
379.989
379.847
382.588
382.026
382.966
381.925
381.789
379.613
381.420
383.319
383.853
382.125
379.795
382.230
381.644
383.158
382.163
380.062
380.419
380.783
381.709
381.344
380.156
383.067
381.775
379.223
380.693
380.340
380.466
381.984
381.099
380.894
379.568
380.724
380.744
380.662
380.078
382.445
381.075
381.923
380.140
379.756
379.874
381.651
380.787
382.347
380.865
381.122
380.927
380.971
381.628
379.565
379.695
383.020
381.395
382.184
380.622
381.742
381.170
380.796
380.042
380.703
381.022
380.225
378.653
380.338
380.862
381.403
380.186
380.785
380.336
382.798
380.744
383.054
383.925
382.870
384.537
385.290
380.734
382.066
382.246
382.706
381.828
382.664
382.151
382.098
381.864
379.886
379.247
381.309
382.114
383.839
383.007
380.534
382.286
381.974
381.846
381.467
379.637
380.002
381.704
381.628
381.984
380.916
380.535
380.632
379.867
379.174
381.777
381.753
381.995
382.377
381.720
380.220
381.951
380.520
381.492
380.262
382.482
380.266
379.933
376.598
380.532
381.280
379.799
380.026
381.177
381.620
382.790
380.909
380.608
380.470
379.972
379.788
381.658
380.650
380.669
380.947
383.312
380.271
380.993
379.605
378.876
380.584
379.945
380.407
381.419
380.502
382.409
381.314
380.260
379.767
383.672
382.106
381.957
382.357
381.526
381.403
380.958
383.187
379.270
381.349
380.217
381.086
380.349
383.031
381.392
382.691
380.982
382.399
383.846
381.026
381.674
383.005
383.688
381.631
383.104
380.918
381.326
381.870
383.795
382.180
382.796
381.035
383.915
382.289
382.395
382.853
381.863
383.978
380.444
380.931
381.941
382.293
381.808
381.046
381.777
380.975
384.245
383.072
384.542
381.618
380.959
380.653
380.774
383.553
381.982
382.118
383.318
379.541
379.460
380.939
382.128
380.619
379.951
383.408
381.037
380.424
382.124
381.628
380.812
381.149
382.406
382.964
380.538
381.005
380.759
378.733
381.120
382.144
380.368
381.886
381.264
381.737
380.393
380.792
384.639
382.956
382.133
383.387
382.813
380.248
381.009
382.138
381.950
380.811
381.307
382.105
383.378
382.246
381.140
382.321
380.492
381.703
382.054
380.058
380.138
378.793
380.763
380.900
380.450
380.586
380.621
381.741
382.059
379.847
379.001
380.861
382.556
382.595
380.658
382.739
382.784
384.474
383.625
382.680
382.072
381.321
380.283
382.351
378.807
381.440
381.591
382.580
380.909
380.549
380.424
381.009
382.714
382.752
381.260
380.482
379.174
384.102
381.004
380.812
379.786
381.451
383.255
381.599
381.764
381.787
381.931
381.411
383.273
383.033
384.799
381.478
380.085
381.689
381.929
380.935
380.992
381.870
380.803
380.287
382.120
382.138
381.483
380.004
381.240
383.024
380.728
381.829
382.811
380.165
383.027
380.997
381.146
381.610
381.038
382.344
381.563
380.252
382.209
380.044
380.974
378.676
380.515
381.474
381.622
381.706
383.227
382.280
380.772
381.359
380.618
382.045
380.894
381.744
381.314
380.937
382.883
384.225
383.492
381.765
382.245
381.594
382.735
381.713
382.021
381.380
380.416
382.146
382.771
382.034
379.703
381.351
379.483
380.405
380.250
379.388
381.630
379.917
380.533
380.442
381.561
382.619
383.072
382.776
382.687
384.054
381.557
381.299
383.607
383.558
379.584
380.734
381.961
383.235
383.143
381.696
381.072
380.489
381.028
382.346
384.041
381.385
380.841
380.591
382.504
382.178
380.790
380.446
380.628
381.847
382.032
381.275
379.314
379.952
382.284
380.502
379.974
380.620
379.676
380.680
382.182
381.750
383.083
380.198
380.478
380.979
380.146
378.780
381.509
382.322
381.184
379.488
381.801
381.526
381.528
381.118
381.679
380.513
380.315
381.237
380.843
382.025
383.075
384.107
382.565
380.886
380.259
380.801
381.572
383.029
380.750
382.101
383.402
383.323
381.923
384.230
381.361
380.817
383.496
383.673
381.378
381.806
381.101
379.054
380.108
381.919
382.662
382.992
382.403
384.035
383.398
383.928
381.704
381.548
383.098
381.580
381.195
381.488
383.201
382.295
384.343
383.187
381.379
380.659
382.310
382.043
383.543
382.528
383.811
381.330
381.811
382.022
381.010
384.317
384.276
384.792
383.405
383.476
381.920
383.970
384.827
383.766
383.555
384.588
382.900
381.816
383.297
382.102
383.402
381.540
381.786
384.254
387.151
382.567
383.820
382.530
382.951
384.779
382.204
380.603
384.147
382.854
383.619
383.237
382.555
382.225
383.753
384.029
383.710
381.978
383.202
382.533
382.298
381.292
383.990
381.799
382.009
382.458
384.647
382.666
383.505
385.632
384.826
382.587
383.417
381.591
384.367
384.628
380.777
380.969
382.037
382.667
382.169
381.565
382.340
380.900
380.592
382.725
381.022
381.923
381.575
382.779
382.706
382.609
379.559
381.557
384.124
382.165
384.863
381.918
381.307
381.175
383.251
380.583
383.149
382.827
382.658
381.125
383.041
382.207
384.046
381.782
382.405
381.724
383.323
383.340
382.363
381.618
381.480
381.468
379.503
380.626
381.853
383.257
382.948
381.067
381.371
380.954
380.054
382.478
383.030
382.241
380.781
383.383
380.627
382.870
382.190
381.538
380.533
380.592
378.501
381.856
381.484
382.870
383.180
380.959
380.913
382.679
381.452
383.143
379.315
378.192
380.405
380.341
380.262
380.603
379.643
380.404
381.118
379.015
380.879
380.163
380.927
380.534
376.829
378.344
378.782
378.412
378.474
379.892
379.108
379.689
381.118
381.132
381.121
380.401
380.978
379.631
382.251
379.743
380.138
378.006
379.489
379.639
378.626
381.535
382.008
383.354
378.898
381.083
380.334
379.148
380.127
378.617
379.119
376.541
380.634
383.140
379.108
380.543
378.672
379.671
379.537
380.826
378.053
380.124
379.884
379.438
380.977
379.802
377.926
377.757
377.929
377.378
376.730
377.971
378.982
379.418
381.541
379.270
378.902
378.309
379.010
380.926
379.793
378.383
379.760
379.655
378.583
378.686
378.939
379.795
379.968
380.747
379.059
380.067
381.872
380.060
379.035
380.242
380.043
381.421
380.204
380.957
380.299
379.510
381.111
378.224
379.492
379.619
379.542
381.615
379.456
380.592
381.980
381.168
380.245
377.982
378.900
379.202
378.444
380.637
378.644
377.914
379.774
377.270
378.901
379.781
379.382
379.581
379.147
379.478
376.695
377.465
382.789
380.288
379.215
379.922
382.291
380.609
381.714
380.962
380.593
380.964
380.234
380.082
381.973
380.281
378.386
381.084
381.167
380.149
378.676
380.592
380.681
379.508
378.460
379.568
379.835
378.998
380.375
380.902
380.327
381.080
381.086
378.715
379.308
379.793
380.407
377.874
379.388
377.576
378.548
377.255
380.376
381.972
380.346
379.021
380.741
380.200
379.515
379.300
379.899
378.938
378.401
380.446
380.708
380.220
380.435
379.490
377.122
380.698
378.711
380.500
379.631
378.233
378.605
379.481
378.325
378.798
380.803
379.139
380.582
379.384
379.317
380.839
378.905
380.012
378.208
379.467
377.773
376.939
378.617
380.152
381.983
378.261
379.404
377.977
381.562
380.367
379.358
380.133
379.117
380.607
378.886
380.216
377.771
382.002
380.088
380.908
379.838
377.795
377.448
378.603
378.884
378.123
377.719
379.326
377.417
377.337
378.587
377.245
379.866
380.544
379.447
380.822
377.837
381.207
379.674
377.850
377.788
379.140
378.588
380.395
379.491
378.432
381.504
377.658
377.983
380.706
378.993
379.398
379.989
378.333
379.048
380.800
380.070
379.469
378.704
379.070
378.364
380.219
378.791
377.269
378.222
378.601
379.441
381.161
378.597
380.213
377.939
378.046
379.954
381.134
379.337
379.534
377.963
380.472
381.898
379.438
380.314
379.586
378.943
380.287
377.956
379.428
378.803
380.199
380.947
379.815
381.118
379.540
379.234
377.714
380.628
378.654
377.991
378.165
378.136
378.071
379.721
379.752
380.693
379.942
380.127
379.095
378.601
378.908
379.512
379.782
376.701
376.477
378.989
379.477
378.810
379.883
379.204
380.586
379.882
379.946
380.237
380.557
379.206
379.459
377.628
377.050
378.267
378.437
378.835
380.651
379.890
378.912
380.433
380.295
378.377
380.032
378.472
379.381
378.657
379.777
379.932
379.135
381.396
378.350
380.012
378.401
378.771
379.177
378.690
379.783
380.016
380.643
383.780
381.516
381.520
380.765
379.100
380.312
380.004
378.819
379.406
379.169
381.933
380.593
381.653
380.873
379.824
380.214
382.165
380.027
379.817
378.462
378.772
379.531
379.255
379.665
380.093
379.069
376.781
378.761
379.900
380.172
379.033
379.813
379.641
380.524
379.610
379.852
378.024
378.290
380.098
380.617
380.466
381.661
380.511
381.035
380.292
381.132
378.679
378.846
381.075
380.427
378.512
381.096
380.035
380.230
380.907
379.160
380.146
380.589
379.259
380.023
378.315
378.286
381.104
380.215
377.966
379.309
378.681
378.865
378.051
378.210
380.013
380.192
381.213
379.431
380.150
379.853
380.233
380.908
379.550
380.653
379.210
379.574
378.791
378.524
379.996
378.587
378.636
378.822
378.463
378.967
378.618
377.968
380.788
376.610
378.177
378.992
379.364
379.035
379.252
378.115
379.355
379.077
377.387
381.168
378.672
379.432
378.136
379.260
380.335
378.363
378.819
379.210
377.790
380.580
378.094
377.267
378.363
377.603
378.035
375.483
378.513
378.289
376.098
378.597
379.229
379.295
378.306
377.940
377.708
380.477
379.585
379.656
380.663
377.241
379.060
379.041
379.491
378.361
380.416
379.521
379.870
379.370
377.677
380.636
380.122
378.885
379.108
379.198
379.575
377.745
378.189
379.239
378.219
378.350
379.022
379.359
377.615
379.752
380.113
379.005
377.973
380.837
380.064
377.452
379.249
378.455
378.319
379.094
379.434
379.450
378.272
379.817
380.887
381.874
378.565
377.930
378.352
376.894
377.757
379.062
377.274
377.640
379.283
379.099
379.073
379.044
378.801
380.390
379.461
378.580
378.431
380.464
380.076
379.527
381.019
380.008
378.126
379.681
378.654
376.690
377.847
378.251
378.598
378.679
378.973
377.871
378.999
377.908
380.430
379.803
379.545
378.577
380.507
377.830
378.902
378.484
379.586
380.531
379.803
380.951
378.278
378.553
377.239
379.453
380.703
378.841
379.602
380.713
378.797
381.445
382.257
382.466
379.066
381.082
379.656
381.136
380.639
378.829
381.055
382.035
380.941
380.781
377.735
378.929
380.836
379.261
380.688
379.244
382.359
378.878
379.385
379.663
377.539
378.911
381.406
380.886
378.727
381.374
379.555
380.042
383.214
380.209
381.235
380.714
380.082
380.939
381.339
382.504
382.528
381.847
380.771
381.706
383.569
381.883
382.452
383.726
381.380
380.313
380.548
380.522
380.087
381.655
381.287
383.346
381.393
381.569
381.878
380.911
384.342
381.646
377.630
382.787
380.815
382.517
382.298
382.589
381.626
381.678
380.742
381.938
380.100
382.387
380.335
381.999
379.971
380.258
382.449
383.642
381.907
380.325
381.932
383.046
381.943
381.094
381.512
383.002
383.507
385.229
379.525
380.734
383.727
381.605
382.771
382.254
384.243
383.569
383.953
383.427
383.828
381.596
383.049
384.739
383.502
382.711
382.729
383.120
383.698
384.628
383.680
385.727
384.799
383.529
382.567
383.003
381.112
384.252
382.068
381.608
382.220
382.377
380.131
381.327
381.821
380.319
380.281
382.740
379.682
380.048
380.980
382.124
381.773
381.565
380.414
377.725
380.190
380.646
379.670
379.996
381.980
381.397
382.776
381.953
381.052
381.051
379.586
381.223
383.986
382.093
382.561
383.477
384.210
381.246
381.729
381.000
382.773
380.811
379.419
380.493
381.046
379.537
381.290
379.941
379.229
378.593
379.466
381.017
379.465
379.943
382.049
382.934
381.612
381.164
381.250
383.370
380.671
381.348
380.952
379.653
378.216
381.181
380.915
381.105
380.363
383.457
379.643
379.748
380.843
379.031
379.209
381.608
381.196
379.183
381.969
380.447
379.269
379.851
380.444
381.147
380.338
380.699
379.535
378.619
378.083
380.148
378.905
380.141
377.654
376.591
377.675
379.936
381.000
380.667
378.730
380.058
379.558
378.510
380.419
381.451
379.209
377.581
379.860
381.067
381.595
379.638
377.755
378.012
379.275
379.134
379.935
379.460
380.430
379.048
380.152
380.525
379.507
378.235
379.552
377.651
378.189
379.640
379.187
379.137
379.971
379.824
379.198
380.277
379.305
381.236
380.741
381.514
380.617
380.504
379.093
378.759
377.651
378.475
381.226
381.490
380.798
380.922
381.546
381.484
382.369
380.654
378.798
378.785
379.309
382.505
381.943
380.514
379.374
380.484
380.587
380.437
378.139
377.327
377.559
376.519
379.813
378.283
378.324
379.649
380.939
380.840
381.767
381.016
378.798
382.008
378.987
380.721
380.976
379.122
380.383
380.648
378.627
380.482
379.656
377.411
378.972
378.822
377.968
380.124
379.648
377.720
378.385
378.675
379.102
379.611
378.297
379.855
379.733
379.307
379.319
382.084
379.133
380.065
379.341
379.314
377.826
380.083
377.468
377.784
379.628
380.419
378.867
379.376
377.835
379.593
380.723
379.994
379.358
378.481
379.308
378.865
379.421
378.702
379.532
379.294
379.976
380.209
379.114
380.614
380.015
379.268
378.224
380.096
379.232
378.594
377.937
380.509
379.870
381.644
381.117
381.136
380.927
379.292
379.090
380.198
382.410
381.558
377.349
380.347
381.416
379.201
380.653
379.578
378.435
379.417
380.437
379.823
381.214
378.384
377.771
379.481
381.720
380.714
381.124
380.005
379.081
379.009
380.976
380.098
379.972
378.862
379.602
379.429
378.698
378.170
379.842
380.246
377.927
378.601
378.228
379.792
378.419
378.247
380.255
380.139
379.448
378.664
381.801
380.180
380.480
380.612
379.555
378.916
380.003
382.065
382.098
380.381
378.605
380.466
379.548
377.713
378.835
379.362
378.773
377.096
379.718
379.742
380.126
379.023
380.253
378.682
376.858
379.432
379.106
381.337
380.062
382.221
381.081
382.872
381.096
381.900
380.806
380.311
381.181
380.449
380.457
378.937
380.343
379.337
384.318
383.466
381.635
382.520
382.987
381.686
379.664
381.653
381.951
380.934
380.086
380.177
379.796
381.692
381.718
378.328
380.488
381.813
382.202
380.631
381.249
380.857
380.468
380.352
382.349
381.791
381.985
381.408
382.978
381.386
381.114
380.230
382.408
383.793
381.378
381.020
381.035
381.004
381.534
379.753
379.308
379.929
380.035
379.236
379.245
382.097
380.364
379.680
379.135
381.414
380.726
380.418
380.551
383.594
381.077
379.147
381.512
380.541
382.948
381.785
382.599
383.420
381.449
380.736
381.596
382.253
383.107
384.253
382.003
381.612
381.739
382.055
378.515
380.184
382.165
382.353
382.329
382.788
380.227
379.660
380.174
381.942
383.350
380.999
379.905
381.800
382.486
380.668
382.124
380.247
381.151
381.630
380.418
381.068
380.000
380.143
381.185
381.575
384.092
379.377
381.795
381.543
381.778
381.441
381.445
382.151
381.791
381.499
381.803
382.654
383.565
380.067
380.844
380.300
380.371
380.169
380.085
380.687
380.332
380.139
378.585
380.427
380.619
381.106
381.518
381.689
385.710
382.722
384.579
383.250
381.145
382.296
381.234
383.069
380.766
380.962
380.179
382.037
381.267
380.788
380.399
379.270
379.550
380.314
381.621
380.109
382.054
382.114
380.200
381.187
382.075
383.048
382.373
384.317
380.911
382.652
380.622
379.616
380.942
379.633
380.650
379.780
380.712
380.639
382.930
381.886
381.394
378.563
379.746
379.833
382.021
381.611
383.101
379.630
381.252
380.995
381.259
380.621
380.269
380.177
382.400
381.477
380.403
379.319
379.708
379.663
381.733
380.731
381.282
381.229
380.866
380.845
380.305
382.540
381.015
380.022
379.872
379.904
380.146
381.395
381.949
381.478
381.315
382.144
381.985
380.939
380.212
379.570
381.894
382.290
382.913
384.659
382.088
383.546
381.797
381.971
380.811
381.494
380.800
381.259
382.444
382.441
382.295
384.516
384.312
382.579
380.901
381.727
382.447
380.545
382.283
380.281
382.736
381.162
382.370
380.452
379.714
378.455
382.203
379.693
381.047
380.221
378.107
380.058
380.429
380.477
380.248
378.499
377.489
381.259
381.375
379.266
380.054
379.913
377.978
380.510
379.999
380.601
382.507
380.022
379.467
379.799
380.807
381.866
381.014
380.732
380.019
382.203
381.872
380.478
378.631
379.372
379.843
381.419
382.474
380.649
381.969
379.833
377.883
379.958
380.671
381.282
380.821
381.053
381.207
378.893
379.498
380.673
380.061
382.107
379.876
381.866
381.883
380.250
382.484
382.251
379.346
380.433
381.169
380.220
381.053
381.978
381.940
381.871
382.497
382.388
382.186
383.067
380.099
380.809
382.385
381.608
381.368
380.040
377.899
381.604
381.380
380.936
379.188
381.302
379.303
381.240
381.265
382.284
382.376
381.160
379.798
380.057
380.889
380.058
381.910
379.431
382.586
382.904
382.361
381.501
380.658
380.739
381.196
381.712
381.443
381.461
381.811
381.540
380.326
379.664
382.426
380.854
382.011
382.204
378.905
381.112
379.898
381.022
381.920
382.619
380.762
379.102
381.493
380.828
382.620
381.788
383.019
383.790
380.419
379.910
380.716
380.517
380.238
380.674
379.066
378.465
381.217
380.558
379.826
380.558
380.130
379.683
380.399
379.691
380.575
378.678
382.250
383.193
378.891
380.608
381.457
380.817
380.855
382.163
379.532
382.171
382.782
380.897
380.937
383.068
381.360
379.654
380.638
380.829
379.372
379.383
379.813
381.809
383.199
380.449
380.260
380.952
381.811
382.102
381.982
381.030
379.321
382.030
379.016
379.406
380.071
377.833
377.184
379.069
379.973
382.114
380.614
380.807
380.943
381.570
380.771
380.675
379.422
381.243
383.297
380.595
382.135
382.197
381.844
383.249
379.987
378.431
379.213
379.765
379.532
380.957
379.635
380.460
382.157
383.985
383.095
381.363
382.514
380.335
381.049
380.913
380.957
381.931
382.144
379.380
378.660
382.050
378.850
380.740
381.303
380.406
379.514
380.745
382.108
380.290
380.809
382.453
381.024
382.259
383.171
383.193
382.093
381.726
382.696
380.904
380.275
379.598
380.490
378.313
381.234
382.113
382.835
382.080
382.361
380.810
382.628
382.151
380.295
381.945
380.072
380.712
382.586
382.229
380.574
383.274
380.962
379.094
378.867
382.026
381.494
379.761
380.029
381.168
381.072
380.298
380.505
382.946
382.290
381.351
382.149
382.353
381.649
381.953
380.624
382.065
382.202
378.679
380.205
381.465
380.575
381.880
381.557
381.692
380.283
380.920
382.581
379.991
382.017
379.825
382.288
379.493
380.490
380.476
381.859
382.433
379.916
383.179
382.534
382.207
381.013
381.040
380.439
380.475
382.758
379.998
382.169
381.032
380.596
381.511
380.661
383.416
382.389
381.144
380.849
381.375
382.191
382.996
381.422
383.965
381.480
382.834
383.928
381.541
381.621
381.709
383.562
385.227
382.585
381.187
381.508
378.538
383.450
378.639
379.519
380.673
378.952
380.266
381.029
381.512
382.095
382.925
381.620
379.841
381.741
382.639
383.787
382.254
383.445
383.237
380.971
381.342
382.702
382.373
381.883
381.410
382.685
381.640
382.180
382.010
380.057
381.097
382.811
381.791
381.494
382.822
380.521
382.612
382.976
383.170
383.728
383.644
383.012
383.222
381.467
381.827
381.467
380.873
381.964
379.339
382.269
380.664
382.240
382.252
380.546
380.182
381.009
380.442
383.563
382.421
381.640
382.767
383.441
382.208
379.400
384.500
380.921
382.265
382.396
380.490
380.935
380.908
381.264
379.980
379.715
380.754
380.292
382.160
383.075
382.140
383.000
381.601
381.600
380.850
380.778
381.792
382.542
381.591
380.483
379.961
381.017
379.800
380.763
381.490
381.457
381.512
384.236
380.932
384.674
383.568
381.914
383.754
381.398
379.620
380.161
380.990
380.965
381.282
380.495
381.549
382.243
381.931
381.267
380.783
380.752
380.750
379.966
381.849
381.562
381.951
384.108
384.791
384.103
382.925
383.189
380.555
381.844
381.914
380.057
380.043
380.056
380.340
381.255
383.149
382.034
381.301
380.883
380.998
379.918
380.877
380.385
380.981
382.366
381.391
381.234
381.494
382.279
380.797
379.167
380.238
380.728
380.189
379.841
379.432
379.800
379.708
381.383
381.107
383.192
381.909
381.485
382.702
381.425
379.425
379.663
381.909
381.778
381.214
381.009
380.909
379.747
383.500
381.217
381.702
379.670
380.450
379.418
379.678
379.139
382.298
382.174
381.868
382.550
383.312
384.556
384.333
384.084
383.092
381.688
383.131
383.201
383.440
383.991
383.085
385.323
386.432
382.768
380.816
382.290
383.215
383.080
381.885
381.154
382.481
381.327
380.582
382.479
380.021
380.592
382.106
382.833
381.731
380.503
381.937
381.920
380.342
380.469
377.848
378.189
379.495
380.040
380.556
381.191
380.395
382.279
379.872
380.585
380.864
381.758
379.524
379.340
379.117
380.124
382.351
383.741
382.108
379.128
380.883
381.744
380.523
382.320
379.490
381.081
381.871
380.865
378.979
378.648
381.923
381.673
381.309
383.020
380.301
382.372
383.305
382.013
381.407
383.262
380.207
380.998
380.053
381.142
381.883
381.399
381.807
380.499
381.184
380.990
382.266
381.516
382.097
380.309
380.716
380.492
379.117
381.671
382.959
380.962
382.866
381.108
381.996
381.168
379.518
380.864
382.634
380.721
382.705
383.506
381.108
380.352
381.122
380.120
381.486
383.880
382.431
381.595
381.119
381.909
381.312
382.674
383.485
380.506
381.515
382.209
381.961
381.082
384.095
382.421
382.460
381.821
382.714
382.807
380.803
381.051
379.878
379.753
383.139
382.906
381.445
381.445
381.366
382.367
379.192
380.986
382.239
381.803
382.900
383.618
381.239
381.684
381.233
384.179
381.895
385.286
384.276
384.486
385.464
385.110
384.022
381.938
381.244
381.402
385.280
382.746
381.231
382.883
384.516
384.998
382.671
382.591
383.789
381.886
381.344
379.380
381.059
381.639
377.824
380.765
381.121
381.000
381.079
379.347
380.252
381.013
382.677
379.955
381.977
380.591
381.990
380.815
383.036
383.246
382.734
381.073
381.664
380.739
380.793
381.946
381.565
381.205
381.125
382.342
382.818
381.841
381.255
383.200
381.980
380.886
384.093
381.902
381.683
381.123
381.218
378.598
378.798
379.881
380.983
381.710
381.148
378.686
379.343
380.736
380.851
381.303
379.263
380.440
380.988
378.532
379.401
378.775
381.519
378.871
378.402
378.700
382.239
380.074
379.483
379.406
379.968
380.274
381.723
381.483
380.396
379.694
381.039
378.141
380.766
380.465
376.973
379.661
381.034
380.874
381.157
381.779
382.970
381.072
380.780
379.635
380.108
382.531
382.735
380.611
381.748
382.086
379.258
378.993
380.283
379.768
378.950
379.497
384.394
380.863
380.509
382.654
382.289
382.535
382.655
381.709
380.864
382.395
380.149
381.624
382.775
382.769
383.653
383.643
385.322
384.136
381.792
380.554
382.388
382.937
381.315
381.323
381.088
381.845
379.779
379.724
378.941
379.464
381.003
380.553
381.814
383.146
384.407
382.271
381.945
381.297
379.563
381.477
382.170
381.589
383.066
382.802
382.012
379.435
382.048
381.584
382.518
383.359
382.343
383.919
383.796
382.814
381.573
382.331
382.838
384.199
383.340
381.301
382.301
383.095
382.068
382.250
381.741
382.168
384.137
384.808
383.044
381.765
382.653
380.247
380.821
383.156
382.929
382.460
381.474
381.542
382.021
383.364
382.337
382.704
385.755
382.245
380.784
383.380
382.520
383.513
381.787
383.895
385.138
383.702
381.024
378.809
381.674
381.760
383.712
384.850
383.580
382.752
382.478
384.173
381.467
382.432
384.023
381.876
381.602
382.629
381.812
381.563
382.747
384.057
381.014
382.312
382.222
382.578
382.675
381.371
383.482
384.010
383.203
381.614
382.161
381.018
382.846
382.733
382.326
382.144
379.837
379.998
380.731
379.835
382.333
381.412
383.422
380.929
382.917
380.771
379.426
380.943
379.770
381.599
383.724
381.544
382.001
380.612
384.564
381.661
383.527
382.351
382.519
380.363
381.223
380.363
379.992
381.018
381.655
382.573
381.352
384.426
382.026
380.355
383.291
383.821
382.326
382.289
384.130
381.466
383.262
381.628
383.154
381.448
380.290
381.953
380.130
379.832
380.217
380.822
380.744
382.830
384.688
381.534
381.669
382.877
382.054
382.133
381.361
381.700
381.024
379.949
380.001
380.432
380.831
382.030
380.065
382.013
381.238
381.245
381.896
380.134
380.348
379.812
380.734
381.377
382.220
382.698
381.736
382.304
380.373
379.922
380.488
379.928
380.539
379.932
379.218
377.563
380.622
381.337
381.194
380.029
382.859
381.578
381.368
380.957
380.841
381.260
379.431
380.054
380.842
378.892
379.637
379.408
380.422
381.762
380.630
380.851
380.730
381.753
380.210
381.733
380.114
380.632
378.976
381.612
381.664
379.479
380.867
382.788
381.646
382.039
380.816
381.254
381.851
383.232
382.059
381.268
380.136
381.473
381.885
383.523
383.271
384.275
383.767
383.788
384.363
382.374
381.581
381.287
382.949
382.049
382.651
381.694
382.771
383.899
381.819
382.628
382.777
380.506
380.327
381.120
380.643
382.588
382.098
384.311
381.928
381.943
381.296
382.872
381.933
382.416
381.251
381.423
379.415
382.501
382.351
382.239
380.858
381.516
382.569
381.614
381.323
380.076
382.242
382.214
381.005
380.452
382.038
382.307
383.103
384.482
382.350
379.546
381.324
381.702
381.490
379.815
382.925
382.207
381.078
379.949
382.156
381.306
381.696
382.260
381.793
379.807
382.201
381.397
382.188
381.298
382.955
380.559
381.007
382.651
381.770
382.964
381.358
381.988
384.422
384.797
383.171
383.205
379.705
382.637
381.074
382.174
382.065
381.151
382.689
381.505
380.381
381.438
382.002
382.320
381.856
381.251
381.361
383.123
382.756
381.885
383.205
381.590
382.398
381.940
382.155
381.550
382.752
384.889
382.855
382.518
383.148
382.209
381.088
381.716
382.270
382.555
381.288
379.977
380.710
380.678
380.485
382.173
382.766
381.823
382.397
381.103
381.098
379.319
382.019
381.997
380.660
380.087
380.927
380.865
380.515
382.137
379.755
382.077
381.704
379.591
380.756
382.041
380.801
380.185
380.107
381.490
381.780
380.922
381.792
382.150
382.523
381.746
381.783
381.633
382.163
382.011
381.647
381.764
381.097
379.873
382.187
381.976
382.308
382.360
381.831
382.878
379.729
380.351
382.029
381.303
383.198
379.551
380.575
380.714
379.324
381.050
382.317
383.086
381.606
384.392
382.559
380.734
381.779
380.852
380.951
381.735
382.283
380.845
381.258
380.136
380.556
380.036
378.058
380.014
379.543
379.301
381.804
380.491
379.896
379.680
382.180
381.462
378.378
379.519
381.501
381.606
382.219
382.941
380.841
381.036
382.241
382.698
381.288
381.857
381.648
381.389
381.938
381.447
379.275
380.825
382.875
383.092
381.511
383.506
383.391
382.417
381.804
382.801
382.365
380.306
382.049
381.053
380.459
382.035
380.962
382.871
380.781
379.932
382.778
379.666
381.783
381.095
380.854
380.328
383.815
380.310
381.124
380.159
382.005
379.966
382.769
382.606
383.536
381.009
380.835
379.813
379.763
380.598
380.258
382.752
382.676
381.131
381.310
380.943
382.108
379.755
382.472
383.536
380.841
380.557
378.932
382.167
379.644
379.649
383.327
381.581
379.532
382.696
381.789
381.235
381.233
381.643
382.352
384.411
383.408
382.531
382.159
381.362
380.532
378.517
382.672
380.262
381.134
380.235
379.165
381.629
383.496
383.406
381.833
381.703
380.248
383.146
382.153
383.999
382.128
383.080
381.835
380.712
383.824
382.083
381.499
383.180
384.033
381.595
380.789
380.276
381.407
381.828
381.772
382.613
382.113
380.614
382.714
380.719
381.030
379.624
382.292
380.515
381.219
383.349
381.238
380.565
379.651
381.146
382.911
380.942
380.407
381.608
381.352
382.199
381.885
381.026
381.173
379.797
380.303
380.532
379.504
381.510
383.069
381.504
379.669
381.368
381.438
381.803
380.375
379.404
379.742
378.874
378.362
381.767
380.148
379.501
379.954
379.979
380.901
379.806
380.599
381.853
382.304
382.035
379.792
380.709
380.829
381.259
379.313
379.946
379.997
382.498
383.201
381.633
382.876
384.477
383.173
381.851
380.874
382.412
382.670
381.636
381.491
381.117
380.815
379.982
380.713
378.147
379.702
379.797
380.109
381.011
379.370
381.675
383.780
383.333
382.139
382.865
383.271
383.560
383.096
383.826
382.106
381.196
381.678
382.604
383.426
382.481
382.041
380.436
382.944
380.083
382.859
380.972
381.603
383.639
381.476
381.697
381.780
383.347
382.052
383.970
381.780
382.341
382.384
382.175
382.947
382.681
381.194
380.187
381.277
378.994
380.101
382.512
380.689
380.798
379.494
378.878
381.669
380.762
382.810
381.268
382.012
382.586
381.798
383.152
382.301
383.105
383.212
381.589
381.892
381.250
381.029
382.494
382.306
383.918
382.453
380.434
383.537
379.400
381.444
381.245
382.494
381.642
381.931
380.067
380.634
379.427
380.007
381.154
382.512
381.606
381.296
379.677
379.243
379.949
380.841
380.427
382.568
382.705
381.335
381.996
381.348
378.492
380.605
382.676
382.082
380.068
382.262
382.233
382.651
382.451
381.734
379.109
379.380
382.483
382.498
382.544
381.067
381.244
383.449
381.891
379.699
380.699
381.618
379.507
381.968
382.839
381.440
380.513
382.521
383.529
383.322
382.386
383.809
381.813
381.028
380.620
382.568
382.454
382.824
383.324
382.111
382.846
381.600
381.568
380.879
382.498
382.394
381.707
384.292
381.005
377.245
378.930
380.304
382.604
379.938
382.743
381.361
379.771
379.580
382.780
383.952
380.624
381.868
381.969
381.791
382.620
379.102
381.161
381.739
383.525
381.732
381.962
379.147
381.995
382.710
381.152
380.877
381.003
381.171
378.840
379.374
379.246
384.173
383.170
382.008
382.698
382.659
