455.984
458.463
457.819
456.545
457.836
458.736
461.730
462.890
456.428
458.108
454.366
456.992
459.304
457.608
454.736
455.474
454.765
454.403
455.607
453.344
453.330
451.064
454.318
454.729
454.557
457.266
456.741
459.034
457.809
452.135
454.454
455.404
458.056
457.722
459.588
456.487
454.983
463.481
459.743
457.971
456.621
458.214
459.517
459.638
458.074
459.328
458.319
460.095
459.643
462.320
463.299
459.703
460.754
463.146
461.654
463.362
466.983
464.133
465.394
466.008
464.393
464.738
465.538
468.384
464.775
465.625
467.939
472.510
469.478
472.137
468.333
467.877
466.086
466.105
464.186
466.668
464.459
466.654
461.819
461.881
457.223
458.517
460.672
465.948
465.003
462.265
466.350
464.921
465.294
467.860
466.919
464.679
464.281
460.565
461.795
460.598
464.970
462.698
458.491
462.209
460.422
459.474
458.037
456.195
454.389
454.942
451.328
450.884
448.165
445.295
444.650
450.042
448.789
448.089
454.168
456.870
454.985
458.704
456.872
452.048
455.811
452.717
456.347
453.489
451.336
454.418
453.787
452.948
460.612
455.955
455.972
457.912
462.899
462.923
459.671
456.952
456.980
452.121
454.550
451.908
454.596
458.678
461.994
457.868
459.231
458.377
456.910
453.647
459.578
458.388
459.274
460.319
458.973
459.740
451.391
448.588
450.979
450.856
450.099
454.152
457.181
459.410
456.538
454.634
459.458
458.555
463.416
461.675
464.477
458.994
458.378
460.213
460.238
455.457
454.963
449.539
452.977
451.159
451.796
452.412
456.035
461.102
454.197
454.070
456.196
457.248
459.357
461.028
462.198
460.281
458.843
456.851
459.942
458.426
460.513
466.339
466.093
464.364
466.080
467.491
467.138
462.862
460.522
461.248
460.585
460.962
459.242
455.479
456.767
457.880
456.642
461.921
460.153
458.912
455.350
456.103
456.368
453.277
451.108
454.600
452.376
454.098
456.003
456.976
458.727
457.885
458.305
461.429
461.268
461.904
460.593
461.432
460.458
455.811
456.700
456.493
454.282
458.252
458.494
453.495
452.215
448.766
449.939
447.686
447.865
449.222
452.938
454.254
455.780
457.460
454.197
455.008
455.364
453.112
452.212
448.853
454.221
457.944
452.441
454.390
453.161
454.776
454.507
452.837
455.726
454.447
454.907
453.990
453.749
457.238
459.315
458.523
454.078
456.239
460.427
461.144
457.594
455.497
456.377
457.574
459.141
461.304
458.835
458.700
460.948
462.604
456.801
462.844
463.067
464.645
463.189
463.107
466.074
459.125
456.178
451.381
451.454
451.647
452.202
454.678
456.671
456.699
460.529
459.852
457.067
461.706
454.813
456.352
455.153
456.624
459.418
459.184
455.885
457.832
463.103
462.260
456.514
456.065
457.722
456.066
459.033
459.380
460.969
462.271
459.583
458.677
462.364
459.963
464.422
461.998
465.178
465.808
461.772
462.377
463.029
461.339
461.237
458.555
462.842
463.075
464.377
462.880
463.864
461.886
457.656
462.539
463.864
462.531
460.400
459.072
458.140
457.359
459.707
459.332
462.518
465.144
463.846
464.375
463.950
462.179
457.433
459.535
458.761
457.691
461.530
458.638
455.875
458.998
456.589
460.359
458.714
456.970
457.206
456.394
454.001
454.314
448.641
450.547
447.475
451.660
453.077
452.323
452.204
451.448
448.375
452.532
454.197
454.711
448.825
450.500
453.069
450.372
449.924
451.341
449.154
446.206
447.036
447.086
449.265
449.470
456.232
456.248
455.820
451.565
455.960
459.275
458.361
459.163
461.094
460.117
458.418
455.814
452.936
455.878
455.775
455.049
452.742
454.833
452.220
452.991
450.594
453.848
456.895
454.491
448.860
451.230
448.424
448.138
444.881
449.730
445.299
449.149
451.173
448.661
447.874
450.790
450.357
446.977
448.981
450.171
449.833
450.967
458.234
452.705
454.690
450.962
453.799
454.036
452.566
452.737
452.104
449.828
450.931
452.104
451.014
445.644
446.993
448.636
448.936
451.773
448.954
449.277
448.332
449.504
452.203
449.877
449.086
446.528
444.433
444.166
444.620
446.534
447.989
444.157
449.045
452.176
453.418
447.551
447.664
450.725
447.214
447.161
448.642
449.213
450.293
449.667
448.466
446.160
447.536
445.550
447.058
452.366
452.264
446.768
448.199
450.326
448.745
449.611
453.101
451.903
448.413
448.521
449.369
453.468
452.007
451.901
450.807
450.294
449.562
448.638
448.465
447.179
453.474
454.617
450.630
451.534
452.138
453.873
452.657
450.005
450.612
455.398
452.343
451.933
449.657
447.549
447.975
445.262
442.644
450.388
451.605
449.145
450.658
451.341
455.044
456.503
455.810
452.788
452.714
452.210
450.029
450.744
453.344
457.455
457.879
456.869
459.546
459.268
460.971
462.036
458.055
458.129
459.659
459.487
462.012
456.509
457.101
459.262
458.678
457.009
458.927
456.184
456.416
457.200
459.006
463.932
460.462
462.140
462.788
461.492
463.724
461.146
464.879
465.425
463.255
466.352
463.941
465.016
463.892
465.188
461.759
463.719
460.152
461.352
463.020
463.297
465.379
461.915
460.719
462.305
455.606
459.811
458.848
459.350
462.261
462.725
460.982
460.141
461.047
461.676
461.104
453.436
457.030
458.743
456.864
455.126
454.348
454.767
456.265
454.004
454.355
453.919
456.863
456.816
457.377
454.459
450.369
453.491
456.851
456.885
454.829
459.713
458.858
458.800
456.959
453.766
452.251
455.351
455.378
454.127
452.008
454.897
455.498
453.727
451.539
453.370
454.262
449.872
452.242
451.945
459.754
454.437
455.545
458.025
461.611
458.758
459.614
460.521
456.818
452.669
452.152
455.524
455.594
457.645
460.322
461.509
464.271
462.106
459.592
458.200
456.303
452.857
452.622
452.123
451.810
448.808
449.899
451.990
453.815
454.276
454.713
451.669
448.477
452.324
449.710
448.984
441.637
446.064
446.618
449.929
453.089
452.076
450.384
448.921
448.719
448.834
450.515
449.980
454.401
457.280
454.400
459.076
454.625
454.789
454.558
455.336
453.121
454.679
451.554
452.993
452.111
453.991
452.628
449.546
449.003
450.335
449.130
445.321
451.644
446.315
446.573
451.414
450.469
450.936
453.003
451.428
447.485
447.536
447.018
447.027
447.151
445.112
451.497
450.522
455.990
458.400
454.694
454.417
455.093
454.011
457.979
455.300
457.332
456.175
455.343
455.682
460.166
462.099
458.916
460.221
461.629
462.881
461.862
461.087
460.571
457.840
457.896
455.460
452.537
459.675
456.319
454.751
456.678
458.123
454.607
454.119
456.034
456.453
453.709
454.091
456.047
454.967
454.933
458.000
456.660
450.727
455.598
454.450
452.189
451.098
454.637
453.997
453.295
453.318
454.965
454.187
451.464
448.968
448.743
453.428
453.841
452.415
453.594
457.557
453.556
457.327
456.394
453.913
452.028
451.902
453.907
452.873
453.142
449.629
455.394
454.278
451.920
455.638
458.444
456.459
457.763
454.459
456.531
452.942
450.433
455.523
458.780
459.060
454.265
454.023
453.946
454.055
453.209
455.368
453.515
457.706
457.166
450.497
448.992
451.039
448.618
447.518
445.037
445.865
444.781
449.558
451.170
454.863
454.153
455.241
449.953
452.784
452.148
450.845
451.378
452.748
451.695
454.348
452.510
450.644
452.836
450.503
449.588
447.430
446.612
446.470
446.259
450.496
450.502
454.266
454.128
454.349
454.899
455.512
455.973
456.646
457.100
449.988
453.211
454.019
452.182
451.667
454.639
451.356
456.847
452.327
450.352
448.118
446.721
449.233
450.310
449.723
448.013
450.781
453.598
455.312
455.312
454.632
457.266
457.460
452.476
453.807
455.548
455.780
458.735
457.146
452.979
458.140
455.415
458.319
458.078
465.087
463.064
461.844
460.347
457.688
458.268
459.057
458.261
461.188
457.234
458.122
455.385
458.891
457.445
458.279
462.164
457.299
461.731
460.723
461.142
461.558
463.424
466.478
464.664
464.719
464.275
464.810
466.958
463.102
462.999
459.690
461.432
459.235
456.607
461.311
460.418
460.474
458.456
460.865
458.445
457.805
460.101
456.243
454.948
456.742
455.942
452.910
451.658
453.059
452.373
457.457
453.101
453.677
452.126
454.771
459.479
454.850
456.482
454.618
455.970
452.600
456.359
452.106
452.236
451.606
451.647
455.815
454.145
454.469
453.952
456.378
456.089
455.044
453.947
457.117
453.242
450.990
456.382
454.192
454.326
454.808
455.658
457.835
456.664
452.366
454.360
450.949
453.503
453.914
453.646
456.425
451.933
452.198
450.946
450.443
451.396
453.142
453.216
451.766
459.120
454.003
454.125
454.912
456.733
458.365
462.210
462.613
460.069
462.998
459.671
458.909
457.903
462.751
466.810
463.753
464.045
458.625
457.920
456.217
449.580
457.403
455.932
462.405
459.027
457.626
460.619
460.226
455.319
456.020
454.613
452.274
453.657
455.476
459.056
459.033
457.597
461.011
462.905
459.364
463.709
462.558
463.689
469.785
468.823
468.800
475.053
471.872
466.493
463.218
466.075
465.413
464.534
467.563
462.601
466.890
462.412
462.831
465.243
466.099
464.754
466.362
463.358
460.188
459.013
462.696
462.488
462.759
455.377
456.467
456.578
451.624
454.814
455.060
456.309
453.979
451.676
453.535
450.152
450.139
450.841
448.949
446.171
448.720
445.572
451.042
451.206
452.492
450.397
453.527
452.480
453.492
450.528
454.124
452.717
453.459
456.123
452.961
449.428
450.452
451.099
451.671
457.790
453.815
452.867
456.143
451.533
452.702
454.020
453.202
456.315
454.508
451.962
453.780
456.927
458.818
461.873
463.625
461.476
455.109
456.306
458.449
453.299
454.958
452.988
455.350
454.860
451.887
457.224
453.982
450.728
452.331
451.452
454.001
453.252
449.129
449.130
449.351
450.597
453.144
451.115
457.093
454.897
453.466
454.515
450.399
450.854
452.301
451.108
453.151
452.978
454.582
454.182
455.895
456.870
457.258
454.044
457.211
455.652
458.485
458.769
453.223
449.579
451.901
448.439
452.575
452.200
457.487
455.002
456.655
457.969
458.487
456.053
453.767
455.246
452.338
455.397
457.515
458.008
455.319
454.742
451.428
452.407
459.008
458.914
457.796
457.947
458.373
458.596
453.061
457.028
460.872
460.116
452.531
454.998
450.896
452.045
451.066
449.429
449.430
447.575
449.891
446.107
450.632
452.656
455.292
452.977
457.865
459.341
456.586
456.005
455.594
458.334
457.191
456.383
454.728
457.165
460.604
459.634
456.490
456.665
458.240
458.914
453.888
456.042
459.036
459.612
453.531
451.381
453.252
456.526
454.465
450.744
448.178
455.107
455.569
454.237
456.343
455.871
457.518
454.718
457.301
455.204
454.760
456.741
455.073
458.824
458.743
462.609
462.528
463.197
460.379
459.219
455.341
454.202
454.145
453.578
453.180
452.098
452.592
452.929
450.675
447.402
447.328
453.689
452.749
456.377
455.597
454.867
463.133
459.163
454.040
452.255
455.134
455.570
454.041
453.637
452.020
455.585
453.659
449.754
451.051
451.889
454.409
454.454
460.502
461.326
457.406
456.643
458.875
457.154
456.654
459.534
452.031
457.260
461.936
455.460
456.746
453.717
452.590
456.988
458.015
461.628
457.233
458.269
461.621
461.855
457.167
461.826
460.565
457.538
459.651
458.514
459.329
461.935
459.371
460.949
454.963
458.870
460.631
465.867
468.127
463.148
463.372
466.966
465.199
464.155
464.760
464.684
463.086
466.479
466.833
462.877
459.121
458.876
463.330
463.112
463.030
461.430
460.549
464.328
459.318
462.908
465.569
462.558
458.376
453.272
452.087
454.864
459.429
455.776
455.105
454.255
453.178
459.979
456.552
458.882
455.648
457.629
455.536
455.235
455.207
453.784
454.160
453.862
457.008
461.114
457.521
454.577
453.524
454.788
455.414
456.313
457.222
450.589
451.504
451.824
454.147
452.630
451.128
451.578
445.786
449.566
452.425
454.783
451.867
451.368
447.482
448.470
454.926
455.451
455.813
453.995
451.479
446.173
447.490
448.960
447.966
456.493
452.668
454.833
457.197
454.717
454.296
457.718
459.532
455.880
454.741
458.461
454.095
453.601
450.829
451.701
447.183
453.202
451.870
453.554
451.411
455.336
454.306
454.079
449.697
448.921
453.242
453.506
452.976
453.784
447.997
449.983
449.375
450.616
450.059
450.909
453.015
448.782
450.270
448.950
443.957
451.099
446.537
439.034
446.653
446.371
454.926
453.658
452.767
455.219
455.357
458.281
458.509
462.582
460.248
461.147
458.663
455.330
455.525
449.942
453.497
457.111
457.159
452.871
454.739
454.798
456.416
452.842
453.530
451.249
453.061
452.062
456.412
451.317
451.255
454.200
453.871
458.124
456.863
456.457
455.499
450.076
453.658
452.732
452.589
453.856
456.135
460.212
456.794
457.345
456.565
453.227
453.125
451.297
450.529
446.980
447.924
453.682
451.172
450.272
447.669
446.093
447.139
447.578
447.862
445.948
446.852
444.989
447.990
449.466
450.037
444.019
446.998
449.978
448.939
449.185
450.626
449.784
452.069
452.206
455.591
453.099
452.040
455.032
452.954
451.881
449.793
452.771
452.584
453.172
456.531
455.103
456.870
455.653
453.651
451.568
450.768
449.774
451.411
452.975
454.443
455.260
452.933
455.702
458.990
454.397
453.084
453.779
453.987
457.076
456.099
456.312
454.228
457.510
452.790
456.486
455.973
452.480
456.228
463.023
465.603
461.939
460.770
455.453
463.351
464.068
462.154
464.982
469.708
465.822
465.948
466.835
465.616
468.386
470.553
469.283
467.656
463.820
464.967
469.626
461.968
465.363
467.452
468.477
464.112
457.984
457.634
461.008
460.075
460.327
455.135
458.330
455.266
458.182
458.563
462.239
465.576
461.975
457.973
459.422
463.790
458.775
463.128
464.418
464.198
465.282
465.583
465.495
459.493
460.911
462.584
464.129
460.952
457.395
460.130
461.897
462.424
459.373
453.050
453.352
459.216
458.486
459.745
457.956
456.690
461.381
454.249
455.518
456.832
458.469
455.937
454.247
454.748
455.692
455.667
458.127
454.324
461.736
458.291
451.954
455.098
449.320
455.420
456.730
454.289
453.438
454.527
458.262
461.888
458.417
459.356
461.278
460.405
460.228
461.886
464.113
462.260
460.827
466.602
461.467
463.779
463.090
461.597
463.281
462.194
461.335
464.687
455.642
457.205
457.210
457.568
461.665
458.083
460.944
455.456
457.580
457.465
454.159
450.207
454.179
456.426
455.748
456.721
458.098
452.394
457.550
456.569
454.495
454.769
459.257
463.421
456.926
459.010
461.655
457.041
455.022
457.313
454.701
457.698
463.410
463.336
462.130
463.355
462.512
468.592
464.235
463.481
459.661
459.457
461.362
459.148
463.245
464.155
461.575
460.157
460.203
460.094
459.294
460.960
456.735
455.253
453.736
453.247
453.916
455.581
457.664
449.994
453.068
452.564
449.131
452.594
455.268
458.597
454.966
454.537
454.445
453.778
457.076
457.708
461.274
457.307
458.645
458.784
460.753
455.503
453.752
451.986
454.856
456.638
459.013
459.205
456.143
453.076
456.016
455.861
452.231
458.371
458.662
455.533
460.747
459.083
454.939
453.508
455.581
453.936
454.607
452.719
453.721
454.928
455.143
457.854
457.504
460.890
461.524
463.670
462.029
459.854
461.878
461.313
458.777
454.541
450.909
451.661
451.803
453.023
452.738
452.242
455.215
457.872
452.935
450.462
451.775
456.037
457.966
451.822
453.659
453.298
453.111
452.850
456.428
455.034
458.028
457.972
458.458
461.228
461.248
464.802
462.972
459.932
468.216
467.422
461.472
464.987
462.714
460.956
454.621
456.443
461.129
460.533
462.350
463.783
460.582
463.755
456.657
460.490
460.505
464.545
460.698
454.500
456.167
456.730
460.629
455.192
458.705
456.758
458.316
460.348
457.796
459.345
462.872
460.337
461.716
455.201
454.607
455.727
453.036
455.882
457.470
454.337
456.198
450.768
453.280
458.225
457.252
458.703
455.348
449.368
450.650
451.248
455.416
451.980
450.418
449.461
448.727
446.906
448.042
448.065
450.068
449.732
450.401
447.572
448.888
451.625
450.257
452.371
456.594
454.809
456.162
456.878
451.278
450.830
452.168
449.851
452.959
452.349
452.709
452.405
453.593
453.933
452.791
449.207
450.444
453.069
448.122
447.490
446.613
452.517
455.204
458.002
454.787
457.982
456.601
454.863
458.121
458.272
458.343
454.573
459.656
457.986
461.339
458.606
460.786
456.593
455.317
451.890
454.899
457.818
454.964
456.530
461.475
459.465
459.821
457.791
454.127
458.403
455.274
455.861
454.930
457.851
456.389
460.243
453.848
459.877
456.050
450.887
455.818
458.681
453.778
455.765
458.285
461.613
467.755
463.501
462.440
460.105
455.804
455.359
454.573
460.894
457.920
458.406
454.168
450.763
450.852
448.945
447.534
446.144
452.577
452.668
453.228
453.340
456.621
454.030
451.712
452.348
454.171
452.475
454.979
452.809
449.266
452.424
453.485
452.051
451.054
452.582
453.175
448.196
454.653
458.283
457.022
457.939
459.156
460.218
457.429
455.298
454.373
454.288
457.078
456.725
458.787
457.700
452.617
453.864
450.994
449.060
452.962
453.802
451.647
450.473
450.645
450.261
451.746
451.346
454.666
451.977
451.261
451.651
451.218
450.298
455.653
449.887
446.861
447.833
452.914
453.347
453.630
456.384
451.837
447.099
449.169
448.042
453.249
455.345
453.092
455.012
455.344
452.431
453.163
452.985
451.004
450.892
448.138
450.358
449.735
450.319
443.376
446.521
447.549
451.726
452.803
448.901
449.229
445.222
447.181
446.641
443.777
448.394
447.257
452.333
451.008
453.035
450.695
451.121
450.418
453.201
454.691
454.503
458.577
459.041
459.818
458.636
457.382
457.250
453.717
454.032
450.488
457.913
455.312
455.456
453.634
452.014
450.699
451.120
456.402
455.421
457.230
455.389
455.306
455.280
457.215
457.081
459.103
462.256
456.822
454.863
455.722
455.476
453.950
455.273
454.326
454.204
452.672
447.153
445.664
450.986
449.116
449.239
447.595
444.590
446.189
446.915
445.759
446.782
450.334
448.071
448.563
448.681
448.628
448.707
450.901
449.930
449.175
447.437
447.441
449.348
449.473
448.826
448.101
446.172
449.373
450.025
450.454
449.617
445.537
447.153
446.546
447.339
449.588
448.260
456.129
460.231
458.572
461.416
454.063
455.718
462.010
456.031
453.007
455.636
456.832
451.888
454.767
451.349
451.222
448.089
449.392
450.141
448.444
456.575
456.173
453.068
449.488
451.951
451.473
452.473
453.199
451.937
453.991
448.826
453.479
453.681
455.794
449.510
448.777
445.340
446.933
447.651
442.568
445.267
445.278
443.851
446.432
445.590
446.627
444.074
446.644
444.725
441.179
449.572
445.972
448.356
449.343
450.585
456.627
452.448
454.385
450.821
449.994
446.561
447.332
446.509
447.283
444.085
444.186
449.301
445.015
443.299
445.095
443.064
442.965
442.111
441.674
441.729
444.403
447.168
444.934
442.394
438.087
439.104
445.028
441.863
441.064
439.725
440.546
438.703
441.696
443.298
442.465
440.932
440.306
437.157
438.011
436.560
438.424
435.957
436.729
438.399
438.465
443.772
439.885
437.990
440.844
442.353
439.870
443.189
441.916
443.534
443.317
441.701
441.269
442.386
443.342
442.822
445.415
447.815
442.314
441.810
440.317
440.239
442.098
448.001
442.829
442.988
442.988
444.540
440.767
444.198
450.302
449.404
449.807
456.558
453.989
454.827
452.617
455.072
450.903
453.567
449.634
453.149
454.636
452.750
455.863
458.159
457.862
460.218
456.901
457.866
453.310
451.728
450.799
453.276
453.843
448.770
456.137
453.630
451.353
452.283
455.952
457.894
459.026
456.116
454.955
455.900
454.043
454.411
451.328
451.426
453.934
455.058
455.044
458.056
455.359
453.536
453.339
453.580
454.127
452.049
446.907
450.882
454.534
452.981
450.575
455.685
457.210
453.076
452.221
451.820
450.288
450.710
458.791
456.957
454.730
453.763
455.126
456.056
456.265
460.612
459.894
454.568
456.238
457.777
457.498
455.714
453.399
453.028
450.609
452.372
453.114
450.394
453.328
454.138
452.169
453.867
450.163
453.775
453.846
452.998
451.995
455.519
459.978
456.946
452.748
450.121
449.349
447.307
449.087
450.785
451.003
455.092
451.013
445.120
446.125
449.826
449.208
449.753
447.942
452.013
447.499
443.050
445.318
442.321
443.143
441.794
445.136
446.197
444.735
444.033
448.707
447.937
446.970
449.344
449.909
448.044
443.939
442.734
447.794
445.655
444.038
443.738
446.796
449.405
448.017
446.972
446.195
441.979
440.089
442.002
449.012
448.239
443.899
443.893
443.211
440.431
437.563
436.996
440.700
442.586
440.464
445.309
443.406
442.140
442.115
441.721
445.682
445.601
448.301
444.115
443.887
444.083
444.730
444.126
446.124
445.521
447.374
446.030
442.756
443.235
445.135
444.154
443.880
443.948
448.462
442.632
441.974
442.844
444.641
444.583
444.238
443.194
446.981
447.237
441.350
438.681
436.139
435.341
442.523
441.456
439.082
441.564
443.386
445.533
450.456
448.364
450.592
449.678
448.762
447.747
446.858
449.863
450.666
448.566
447.846
451.572
450.780
446.897
449.456
450.903
449.491
448.462
448.456
448.551
448.259
446.470
446.498
450.553
453.024
453.494
451.218
451.503
450.873
454.009
452.273
453.052
450.211
453.924
451.712
449.509
451.673
453.890
451.350
453.112
452.532
451.068
451.169
451.897
451.688
449.734
449.762
450.374
449.490
448.939
452.646
451.364
454.045
454.112
451.316
450.528
452.276
452.853
451.195
450.967
447.940
444.554
441.234
442.403
441.352
443.143
444.562
439.787
442.752
439.959
442.314
441.698
442.993
441.605
444.446
446.188
446.360
445.435
448.821
446.120
448.191
445.939
447.515
446.904
445.031
446.997
445.464
446.553
447.319
447.694
448.681
447.298
446.759
452.404
448.837
452.991
457.154
458.598
459.271
459.179
461.033
455.909
454.520
452.756
453.787
451.919
452.743
456.938
453.140
456.242
453.237
452.375
453.743
454.058
453.772
453.580
453.672
456.653
456.350
454.504
455.051
460.371
460.812
457.168
450.676
447.023
451.784
449.934
451.404
452.708
454.537
453.286
456.651
454.680
454.854
456.638
456.584
455.414
457.080
451.766
455.106
453.087
458.916
456.335
452.817
452.403
450.665
451.759
452.347
450.145
451.356
448.813
446.143
443.882
446.836
445.616
444.088
444.330
442.421
443.893
441.468
442.981
446.465
444.427
440.644
443.095
448.994
449.123
450.999
444.672
444.791
450.743
446.841
446.055
448.241
448.355
446.690
444.869
446.888
447.843
443.390
448.062
447.564
451.404
444.990
447.586
447.849
447.728
445.907
445.849
445.836
445.297
446.703
444.064
446.502
443.757
442.644
441.613
442.447
440.276
438.767
441.031
445.974
443.284
439.952
443.432
443.630
442.336
441.066
438.151
441.635
446.109
445.716
444.520
442.052
440.930
441.018
439.508
441.419
439.832
436.349
439.346
438.046
438.838
437.443
439.363
439.363
440.381
440.773
442.748
443.882
439.756
439.226
436.835
440.219
438.536
442.739
446.976
448.517
447.124
447.363
447.215
444.952
445.818
445.838
447.991
451.318
452.431
455.200
454.065
450.174
450.823
446.254
448.458
452.806
453.297
448.676
448.798
447.745
454.146
458.004
456.432
457.050
455.508
453.699
448.549
448.655
454.357
454.345
450.000
454.244
452.837
455.626
453.467
451.662
452.274
453.710
453.706
453.700
448.159
449.168
443.789
448.402
453.024
454.395
455.049
452.042
454.302
452.791
453.723
449.615
452.479
452.807
449.780
455.301
451.108
448.637
453.581
453.770
454.365
451.893
452.171
451.673
448.670
451.536
448.420
445.815
449.737
448.183
452.161
448.401
447.906
452.553
453.825
453.940
454.546
453.959
450.364
453.532
452.437
455.029
453.043
452.292
455.021
459.521
455.237
454.147
456.267
455.076
451.838
453.755
455.263
455.811
453.065
454.747
450.358
452.594
455.362
454.463
453.852
455.900
449.813
453.881
450.494
450.002
451.239
449.240
447.514
449.538
451.088
451.100
451.401
456.908
456.443
458.602
453.411
455.096
453.668
455.843
450.526
448.409
446.365
448.996
447.149
450.749
450.703
450.983
450.939
449.681
449.003
457.786
452.216
455.410
458.024
455.513
454.364
452.960
452.300
452.881
449.890
454.209
451.167
450.353
450.156
449.190
449.714
451.607
451.003
454.834
455.893
453.786
451.232
453.418
450.922
451.635
454.557
458.493
451.253
451.158
446.355
442.696
448.460
448.595
446.968
452.323
453.436
454.745
457.640
453.335
452.997
453.475
453.175
454.185
454.375
453.271
454.875
454.832
457.084
451.909
455.687
456.181
457.177
451.571
452.469
453.785
455.000
451.841
450.635
447.480
450.374
449.319
447.028
446.714
448.852
446.814
445.437
450.003
445.207
447.580
447.592
448.892
449.750
451.631
450.168
448.505
449.426
455.073
452.724
453.477
455.329
457.665
455.506
456.792
455.102
452.911
454.744
458.413
457.946
460.167
460.160
457.158
457.259
453.590
453.268
455.689
454.106
452.103
448.941
447.911
449.853
451.665
450.925
452.165
450.376
451.596
449.127
449.548
452.740
456.088
451.013
451.498
452.993
454.840
450.705
451.311
450.460
453.878
459.162
457.265
453.339
454.158
453.246
454.417
451.689
453.141
451.686
451.952
452.470
449.280
451.310
454.365
456.735
455.158
450.547
451.974
454.855
452.174
450.749
446.661
451.962
446.173
447.926
450.828
450.827
450.854
450.516
446.071
448.773
450.918
452.699
454.033
455.250
454.650
455.806
456.242
455.055
452.688
457.139
456.379
451.171
452.583
453.394
453.626
454.907
454.790
450.119
451.537
451.827
452.624
452.308
457.090
458.820
458.595
456.496
453.525
450.160
449.031
448.703
453.687
452.548
451.000
453.601
455.479
449.397
449.794
443.686
444.559
446.458
444.496
446.899
450.716
447.651
447.920
443.782
449.286
453.652
450.137
447.643
446.169
447.108
447.258
448.972
451.416
449.187
453.199
449.603
450.044
444.029
444.435
448.679
449.084
449.112
450.202
449.560
452.743
452.511
454.242
453.134
453.275
454.102
453.903
453.873
453.641
451.424
449.166
449.533
449.615
448.051
449.762
452.242
448.560
444.378
445.157
443.537
442.310
446.917
448.725
445.499
450.389
449.805
445.846
447.411
445.429
442.504
445.152
442.070
444.263
445.484
447.048
446.998
448.555
455.186
451.560
451.509
449.514
454.115
448.812
448.873
451.657
449.843
449.041
448.573
449.837
449.322
442.178
447.664
444.887
445.880
446.179
444.644
445.982
446.191
446.472
445.626
444.292
447.152
447.335
447.929
449.268
452.140
446.970
443.796
445.790
447.447
451.724
450.844
450.773
446.786
448.404
450.607
448.015
449.183
449.826
449.735
447.990
446.490
447.874
446.720
446.973
445.769
447.379
446.918
452.281
452.620
451.100
448.724
442.217
443.620
445.449
444.991
449.553
449.227
448.704
448.233
444.460
449.963
449.659
449.510
450.040
450.606
449.782
448.544
447.799
448.785
448.317
447.613
448.937
445.772
448.952
448.165
448.847
451.376
452.459
454.334
450.628
447.659
448.693
453.064
452.565
458.467
452.477
450.125
453.544
453.915
455.006
452.747
455.408
454.256
452.154
452.414
454.227
454.259
453.953
457.784
451.216
451.846
452.483
453.550
459.707
459.460
453.200
455.656
452.948
453.311
451.310
454.008
452.961
455.739
456.482
457.095
458.416
462.502
459.366
457.023
459.530
455.963
458.284
460.691
456.142
453.133
452.614
454.370
454.277
450.809
454.337
457.306
456.793
457.537
454.260
452.264
452.691
452.176
449.872
447.204
445.932
449.721
447.503
445.343
446.170
446.983
445.283
447.377
443.901
441.638
443.403
446.659
449.853
448.383
448.282
447.875
453.147
451.821
457.377
456.184
454.334
454.663
449.804
449.148
449.155
451.817
455.299
452.179
450.701
452.300
454.993
454.326
451.616
453.642
454.834
451.857
455.166
454.793
452.074
450.958
453.275
452.219
449.274
452.238
449.297
451.373
450.260
450.766
445.925
446.725
442.751
445.379
446.997
450.814
454.993
451.169
447.477
442.847
440.346
444.149
441.544
444.171
443.331
445.216
443.293
444.916
445.021
444.741
444.703
447.428
451.979
451.821
450.200
448.811
448.422
446.023
447.069
447.012
443.865
442.411
442.550
444.550
446.748
448.080
449.502
450.335
446.901
450.160
451.569
457.209
453.507
452.594
450.926
454.944
453.881
456.034
458.139
458.257
462.194
460.734
459.011
452.754
459.298
461.318
459.976
455.666
456.455
459.610
456.904
455.166
453.462
452.774
454.761
452.224
451.422
455.296
453.184
451.202
446.962
449.698
447.174
451.352
452.139
450.036
449.949
450.879
446.940
449.099
447.560
450.214
448.222
452.208
454.558
453.845
449.295
453.835
454.255
460.338
456.641
457.885
459.386
459.172
457.678
460.259
460.199
464.872
464.738
468.038
460.082
458.677
457.483
461.026
459.186
460.687
461.197
462.559
463.820
465.089
463.547
465.965
467.037
463.415
466.278
464.545
466.560
466.095
460.700
467.543
467.812
458.760
459.987
458.459
460.041
458.813
461.145
458.160
457.699
455.897
452.159
452.892
450.339
453.670
454.658
457.908
457.277
452.751
456.736
452.226
455.884
456.742
458.183
456.990
454.656
452.620
451.671
448.734
448.165
451.522
451.612
450.671
454.546
454.233
453.041
451.387
455.691
453.723
449.547
451.547
453.966
454.289
456.062
450.016
449.930
453.709
453.034
452.456
453.688
454.585
454.276
451.640
455.919
455.301
454.048
452.832
456.055
458.107
458.244
454.041
456.198
457.311
460.276
460.175
461.948
459.585
458.410
457.642
457.741
460.301
457.336
456.838
452.880
446.042
447.001
451.339
448.025
446.801
443.869
446.193
445.242
449.162
447.367
445.457
446.564
447.244
443.956
441.223
440.787
441.555
439.348
442.221
440.007
447.069
442.258
441.671
442.975
447.265
450.865
449.874
449.538
444.823
450.146
448.834
451.113
452.700
451.875
457.611
451.399
451.993
452.662
454.821
453.030
452.111
451.639
452.871
455.028
458.209
458.255
457.337
449.710
451.117
455.790
457.607
459.096
458.045
453.420
454.169
455.459
457.075
459.117
463.508
463.084
466.583
467.799
469.689
470.824
471.253
466.167
467.986
467.998
466.167
463.858
465.383
459.580
458.156
460.302
457.534
455.468
456.267
460.348
458.923
456.848
459.868
457.930
458.914
458.569
459.572
457.998
457.714
458.702
457.157
460.921
457.109
458.257
458.047
463.096
459.303
455.329
455.528
451.400
453.784
457.142
452.928
455.240
456.502
456.999
458.047
457.785
456.506
461.536
463.880
459.763
461.058
459.839
461.584
459.798
456.119
455.921
456.545
462.558
459.074
456.045
459.042
454.598
456.799
457.662
456.022
456.185
456.093
454.850
456.589
457.158
454.536
453.914
453.419
450.075
447.826
444.795
449.156
445.199
444.877
452.415
450.392
447.655
446.367
446.502
450.701
453.764
453.442
453.759
455.357
457.815
457.801
454.935
458.449
460.811
460.578
460.066
458.526
459.631
458.512
461.578
457.714
461.737
459.931
459.855
461.345
457.757
462.627
460.153
455.807
456.488
456.652
455.591
457.087
458.376
458.460
456.092
455.037
456.419
456.109
456.274
453.299
455.134
456.420
456.060
452.529
454.629
456.552
455.586
453.647
457.900
457.490
456.035
454.308
457.605
457.798
458.256
456.541
458.641
456.479
459.072
458.371
452.181
452.795
453.942
455.617
450.710
451.242
451.162
454.474
453.583
450.385
453.035
449.893
450.927
451.762
453.309
450.683
451.218
452.795
453.254
453.730
449.805
452.027
453.810
452.840
458.516
456.608
454.682
449.744
448.934
451.641
454.529
456.811
453.894
456.149
458.171
458.944
459.883
456.933
457.247
457.956
459.962
455.908
454.749
456.752
454.278
456.088
453.980
456.190
458.851
460.743
459.023
456.077
456.014
454.438
460.995
458.875
458.369
457.369
457.889
459.881
457.533
454.834
455.362
456.450
454.668
454.433
457.779
457.225
456.833
460.023
457.641
459.920
458.442
462.984
458.841
461.443
458.325
456.821
460.266
462.805
460.248
461.832
468.943
464.808
463.153
465.724
461.144
465.280
463.452
460.972
462.919
459.801
463.652
461.749
463.071
462.363
460.557
460.965
459.339
461.918
459.432
461.536
456.312
452.055
450.269
451.976
450.762
450.110
451.404
448.802
449.398
451.568
449.564
445.952
451.446
450.213
450.230
450.867
445.565
445.041
449.175
448.705
445.639
447.990
449.855
452.220
450.136
447.617
452.995
453.281
453.514
452.393
449.508
447.099
447.570
450.281
451.755
450.173
458.267
460.746
459.552
456.805
455.230
454.328
455.702
456.479
452.803
450.924
453.481
449.015
451.748
455.051
457.255
454.475
455.025
455.519
453.533
453.134
456.611
462.917
455.602
460.404
458.258
462.652
461.461
462.075
460.592
460.214
458.083
455.907
455.190
455.141
458.364
455.264
455.761
455.985
454.802
457.902
454.771
455.244
459.841
459.302
462.984
458.400
455.938
453.584
452.472
454.868
452.348
446.725
452.409
452.577
452.299
447.314
451.464
452.217
452.530
447.721
448.977
449.423
453.861
459.071
457.432
455.412
454.467
454.841
453.070
455.047
458.911
459.287
460.968
458.196
456.620
453.165
457.761
458.935
461.301
462.080
461.599
460.297
459.567
461.490
458.300
457.170
453.048
454.141
454.121
452.971
459.027
458.015
457.207
457.397
455.298
455.835
458.171
459.042
460.929
454.971
457.501
456.837
456.641
456.671
455.545
453.236
453.609
450.597
450.933
452.180
451.392
450.170
452.133
450.097
452.143
453.456
449.477
450.141
449.689
446.004
449.248
449.752
447.962
448.122
448.002
449.458
448.882
453.192
448.528
450.767
450.072
447.176
449.280
451.738
452.815
450.036
449.432
452.420
456.928
458.718
456.577
462.380
459.906
457.664
460.581
459.657
457.916
458.125
460.664
460.917
464.142
463.911
463.249
463.505
462.932
460.922
464.577
464.910
458.801
463.034
460.283
456.508
455.371
456.546
455.883
453.890
452.174
452.584
456.051
457.161
456.219
456.885
456.510
455.836
456.265
462.008
460.430
458.875
457.975
456.159
456.502
458.823
462.485
462.683
461.189
460.751
461.093
461.044
462.576
460.666
460.691
460.196
457.857
462.798
457.288
459.597
458.171
457.202
456.795
459.545
459.063
455.782
455.937
451.776
454.380
457.373
458.267
459.976
460.809
462.507
465.013
463.345
458.751
457.979
460.767
461.649
462.965
458.144
456.314
452.042
450.517
456.785
458.982
461.389
456.049
455.647
453.161
451.744
449.742
449.369
450.318
452.287
455.070
454.848
456.711
456.407
458.035
457.742
460.408
457.412
461.328
460.187
461.606
462.584
461.887
462.837
461.094
465.855
462.757
466.926
468.690
465.937
461.674
463.983
465.783
459.615
458.598
458.637
460.819
457.076
460.364
460.063
460.195
458.256
456.513
454.643
454.139
461.124
461.928
457.701
463.347
465.595
461.952
459.798
461.116
458.514
462.751
464.557
466.545
463.298
459.554
457.264
457.966
461.637
463.267
460.022
463.372
463.914
465.308
466.094
463.196
464.960
465.457
462.787
461.980
461.029
461.545
461.164
461.834
456.154
459.974
456.692
453.571
455.111
454.331
454.797
456.850
458.092
461.222
457.818
454.639
455.242
455.731
453.386
452.203
453.059
452.859
452.023
448.749
451.554
452.701
452.891
452.485
455.084
449.723
451.023
450.223
445.711
446.093
447.283
449.051
450.937
454.020
450.124
450.728
450.289
449.524
447.378
448.492
455.316
450.656
449.481
450.030
453.043
456.798
454.920
451.089
453.834
452.102
456.661
455.521
457.677
450.973
454.060
454.127
454.456
451.857
455.754
454.386
455.411
454.137
455.712
452.522
452.514
449.737
450.060
452.456
457.529
457.648
459.688
453.983
456.716
457.765
456.380
454.128
453.531
456.790
454.868
451.745
454.410
452.959
450.992
459.643
457.456
455.429
455.676
455.679
453.724
456.551
458.727
459.294
458.983
460.346
461.388
464.611
462.889
462.626
462.654
463.051
461.611
463.617
462.064
460.671
468.278
466.563
467.728
466.949
468.343
464.151
465.771
466.989
461.520
454.384
457.650
460.097
457.270
456.248
459.399
454.911
453.890
452.365
451.345
451.546
448.929
448.854
453.810
452.123
452.090
454.109
455.253
453.701
451.594
452.886
452.595
451.664
449.413
447.653
449.737
448.582
448.898
448.476
444.964
448.535
452.925
455.611
452.414
457.563
456.154
456.329
457.321
457.086
456.050
460.242
453.394
455.308
455.885
455.075
458.930
456.244
459.683
457.047
455.019
451.477
452.125
454.927
453.278
454.750
449.387
450.559
452.852
461.501
459.954
458.860
456.667
456.164
458.968
458.850
453.094
453.631
451.732
457.668
456.123
453.863
455.242
455.808
455.216
450.003
452.220
451.779
454.102
455.299
458.120
452.156
455.916
456.321
456.950
457.449
457.981
461.621
456.824
457.652
456.223
455.355
451.373
457.473
461.579
456.110
452.268
454.159
451.568
453.770
450.899
448.182
442.885
446.967
448.361
451.583
453.884
455.732
453.790
452.018
456.044
455.141
453.104
447.537
452.412
451.616
451.837
450.149
450.858
453.040
452.575
452.506
452.696
448.794
452.043
452.036
449.938
449.256
446.560
451.194
449.809
447.716
450.141
447.173
449.434
452.812
454.462
452.127
453.694
453.043
453.398
452.981
448.948
448.848
446.902
443.636
446.946
447.611
449.111
449.675
450.645
450.814
453.548
454.269
455.790
455.033
455.462
453.270
456.211
455.781
451.841
455.439
455.336
453.489
451.287
452.621
452.307
456.014
456.188
455.837
456.411
461.324
457.579
456.292
456.361
458.678
459.347
458.405
463.560
463.242
463.354
456.707
458.716
461.408
464.784
459.948
458.014
458.491
461.092
462.843
472.974
466.198
466.314
461.914
461.752
460.715
463.709
464.102
460.852
461.609
457.359
464.882
462.958
455.957
455.893
457.176
458.971
453.764
457.921
462.603
461.573
462.890
463.003
459.931
460.250
462.110
460.426
461.100
459.465
464.630
467.089
463.262
465.559
469.706
469.547
464.008
464.248
464.786
461.091
465.055
465.918
462.897
462.249
466.878
462.898
467.185
462.033
464.862
459.798
458.745
457.028
457.163
462.092
463.569
465.031
466.557
469.449
466.536
468.124
467.226
462.706
466.659
464.512
465.848
467.458
462.639
460.178
459.526
454.447
456.700
463.156
458.197
457.193
449.629
452.719
451.265
452.326
458.753
458.303
456.155
452.947
455.158
450.367
455.910
454.820
455.903
456.928
453.318
455.305
457.170
455.653
452.530
453.456
455.964
449.702
452.715
456.839
455.325
452.171
453.142
452.354
453.727
454.443
454.472
454.468
455.218
452.421
451.874
450.552
448.951
446.572
449.069
448.000
450.957
450.054
453.973
455.735
453.326
458.780
454.963
454.501
452.097
451.663
449.986
448.594
446.264
450.859
453.183
450.920
446.062
445.196
449.913
447.729
445.968
444.238
449.927
451.467
453.093
452.602
456.798
459.909
459.990
457.119
451.588
452.408
455.175
457.864
458.968
462.289
462.827
459.154
458.173
458.682
458.137
462.423
456.718
458.991
460.920
463.095
459.726
459.325
464.631
459.443
463.261
463.675
467.002
462.145
464.418
461.912
458.684
457.685
460.041
459.016
460.989
457.717
458.421
459.583
461.112
462.312
460.542
457.373
461.099
457.699
456.522
453.988
452.140
449.772
455.760
453.398
455.952
458.259
453.620
452.521
448.188
447.059
449.876
451.942
455.444
459.256
457.764
459.008
458.254
454.392
455.087
460.316
462.326
462.463
454.877
457.031
458.210
458.128
455.020
456.187
459.914
459.695
459.995
459.041
455.707
462.784
463.753
459.610
457.201
460.834
460.894
455.928
456.957
456.618
455.153
455.897
462.414
460.695
462.248
461.646
462.044
458.243
458.281
458.904
458.135
462.476
460.183
463.458
456.521
454.364
455.865
455.617
455.895
450.665
453.006
454.670
454.940
450.971
452.159
449.624
447.877
445.133
450.059
450.240
449.015
450.827
451.371
450.509
449.344
448.473
449.437
450.419
451.755
452.430
450.221
449.586
450.185
452.561
446.386
443.176
445.001
443.611
447.410
454.830
452.529
454.015
452.482
455.276
456.375
452.691
455.531
455.694
458.296
455.486
460.502
462.368
458.892
462.536
463.946
460.300
461.578
462.612
462.590
460.043
461.915
462.597
463.124
458.456
459.586
462.637
462.800
466.868
467.131
466.017
464.347
460.583
462.291
464.901
461.955
462.257
467.542
462.969
463.749
464.530
466.233
468.692
462.812
460.351
458.741
461.167
462.746
461.498
461.974
462.280
466.154
461.435
457.042
458.844
458.201
461.155
462.892
460.322
461.352
458.467
453.908
454.508
447.289
450.311
450.904
451.947
447.794
450.621
450.829
454.729
451.227
455.388
454.792
454.736
459.922
454.941
455.316
450.789
451.757
452.240
452.393
452.615
454.012
451.812
450.934
449.002
451.697
452.846
452.869
446.743
451.200
448.398
450.048
449.676
446.784
447.615
448.060
446.064
447.412
449.035
449.828
447.626
444.986
446.668
443.046
439.344
445.163
446.390
443.672
440.097
439.725
441.424
440.319
443.401
445.198
441.856
441.039
442.008
438.720
442.806
442.280
441.164
439.950
446.209
444.945
445.438
441.023
445.742
446.160
448.560
447.514
446.569
446.420
447.889
448.470
449.418
444.629
447.435
447.971
453.799
451.624
450.842
453.710
452.226
451.516
448.791
452.315
455.236
452.115
452.036
451.547
451.346
450.332
452.728
454.793
451.744
451.919
451.148
454.127
450.212
448.877
454.298
456.932
459.805
459.040
459.165
456.836
456.293
455.981
456.569
454.910
454.395
458.823
461.054
454.743
453.081
454.340
459.662
459.931
462.982
456.449
454.024
455.890
455.605
456.570
451.894
454.063
453.682
450.694
448.097
452.794
449.943
453.568
452.925
457.887
456.940
456.383
454.234
454.065
449.238
451.552
449.543
451.738
451.557
448.916
451.691
449.665
449.603
452.170
452.278
452.918
454.259
453.279
451.371
452.476
453.147
453.373
462.944
463.791
459.684
464.982
461.531
457.477
458.149
456.604
455.504
459.132
460.808
460.461
458.497
460.678
462.545
461.198
457.840
455.562
455.182
454.804
456.225
458.881
454.607
453.630
455.801
457.022
454.794
453.548
453.989
456.317
456.535
457.902
452.221
455.682
454.648
450.112
452.198
451.276
448.693
450.416
453.118
458.130
455.095
453.193
455.722
451.320
452.093
452.691
454.528
451.742
450.809
456.295
454.970
451.469
449.492
449.637
447.672
440.648
447.975
444.431
447.676
449.046
451.375
451.989
451.560
455.496
456.199
457.417
453.783
452.026
457.122
459.757
458.932
456.294
458.534
459.886
461.184
459.982
462.630
460.018
460.179
459.047
458.149
456.488
456.870
464.742
461.555
456.993
457.474
460.972
462.283
457.807
459.019
454.337
454.500
455.225
457.164
457.438
459.312
456.379
452.800
453.698
455.295
451.888
456.217
456.477
454.201
457.149
458.737
454.511
458.790
456.179
458.918
461.641
460.043
459.146
455.177
451.321
450.234
452.017
450.799
450.226
451.940
451.384
