378.504
380.148
379.606
378.956
380.720
380.277
380.748
379.937
378.830
377.148
377.588
377.945
378.460
378.240
378.357
380.577
378.858
379.976
378.524
378.480
376.551
377.283
377.730
378.972
380.153
378.734
381.232
381.438
378.051
379.404
378.830
378.347
380.083
381.465
378.326
379.111
380.321
381.312
380.488
378.893
378.607
377.667
378.091
378.483
377.506
377.853
379.109
378.595
377.210
376.405
378.654
377.837
377.430
377.300
376.896
376.798
378.756
377.838
379.110
378.682
379.464
377.498
379.405
379.648
380.459
378.357
379.461
379.758
380.014
379.512
379.882
378.940
379.335
377.799
378.962
380.072
379.252
378.695
378.646
378.366
378.673
376.982
380.446
380.071
378.066
376.840
376.414
379.196
378.733
378.938
378.902
380.085
378.409
378.069
379.095
379.945
378.974
379.642
379.212
380.175
381.435
379.031
379.428
379.628
379.080
378.247
378.215
378.832
379.877
377.756
378.097
379.043
377.723
378.492
377.694
378.989
378.449
378.554
379.298
377.863
379.486
377.647
380.231
377.198
376.495
378.032
378.494
376.587
377.070
377.538
378.191
378.984
378.401
379.547
378.867
377.052
378.798
379.388
379.299
380.278
379.896
379.340
379.380
379.195
377.188
377.089
376.952
377.268
380.650
378.102
379.047
379.110
379.502
378.727
380.055
379.517
377.135
376.608
377.216
379.895
380.309
378.231
378.311
377.854
377.873
377.942
378.024
377.854
377.862
378.965
376.204
376.130
378.622
376.715
379.679
379.041
380.409
377.898
377.882
380.996
379.072
380.404
377.144
378.916
379.568
378.684
379.615
379.818
379.539
376.638
375.744
377.329
378.354
378.692
379.204
377.201
377.908
378.665
381.124
380.213
380.372
378.379
380.391
379.305
380.375
379.904
378.619
376.901
379.097
378.657
378.956
379.487
379.430
377.878
379.769
379.019
379.857
378.824
377.196
379.142
377.891
379.416
376.462
376.685
378.234
377.679
379.542
380.496
379.717
379.248
379.276
378.855
378.512
379.851
379.678
378.838
381.077
379.581
379.573
378.845
379.515
377.778
377.682
376.722
378.489
380.371
380.658
378.423
379.344
378.672
380.215
380.160
380.173
377.259
378.947
377.827
378.582
380.378
377.264
378.982
379.328
379.145
379.761
380.628
379.574
378.380
379.439
379.798
379.348
380.416
380.732
383.227
379.062
379.515
377.157
376.979
377.843
378.413
377.820
378.775
376.749
377.014
377.495
378.551
379.276
378.773
377.624
379.371
376.625
379.049
377.175
377.661
379.031
378.702
376.805
377.931
377.516
376.348
376.880
377.647
378.483
378.239
378.699
377.906
377.769
379.624
378.853
379.066
378.322
378.127
380.046
378.499
379.275
380.663
379.185
377.314
379.890
379.837
378.570
378.738
378.603
379.223
379.605
378.911
378.870
378.439
377.997
378.080
378.315
378.836
379.899
380.562
377.603
379.633
378.403
378.594
381.436
377.655
378.521
379.314
379.045
378.094
376.839
378.515
378.522
378.715
379.322
378.479
377.295
379.172
378.005
378.495
378.302
379.346
376.425
380.330
376.140
376.909
378.399
380.817
377.148
378.182
378.396
379.099
378.372
378.564
378.538
379.348
377.662
379.326
378.406
378.397
377.967
378.240
379.412
379.187
377.855
378.161
378.075
377.639
378.416
379.205
378.429
377.977
378.284
378.826
380.519
378.696
378.196
378.790
380.082
378.634
378.544
379.075
380.430
378.207
380.066
378.286
377.175
377.827
378.740
380.142
377.508
379.286
380.724
378.823
379.721
378.637
379.337
376.808
380.235
379.100
380.717
380.087
380.954
380.172
381.454
378.151
378.813
377.756
378.746
379.758
379.437
379.144
378.497
380.171
377.940
380.532
379.226
380.455
379.508
379.697
380.405
378.170
378.889
381.032
380.896
377.085
379.196
379.110
377.243
377.810
378.715
377.311
378.688
378.507
377.912
380.339
378.454
378.650
378.281
378.966
379.088
376.939
378.715
378.796
379.015
378.061
378.272
380.103
378.943
378.035
379.239
380.058
379.639
380.195
379.697
377.615
377.953
378.565
379.669
377.368
376.956
376.540
378.587
379.004
378.856
377.045
378.758
377.630
377.307
379.863
378.995
380.105
379.412
378.639
378.558
379.037
377.160
380.953
379.819
380.197
381.185
378.187
377.392
379.371
380.756
377.253
379.690
378.913
378.260
377.379
377.925
378.910
379.718
378.220
379.502
379.659
379.722
379.274
380.175
378.594
379.988
378.881
379.934
379.925
378.671
378.256
378.765
378.920
380.462
379.537
377.536
380.310
380.104
379.195
377.832
378.142
378.558
379.685
378.752
377.675
381.768
377.105
378.087
376.934
378.130
377.034
377.106
378.121
378.858
379.042
380.231
380.951
378.748
379.550
379.300
379.364
379.654
378.336
379.585
379.543
379.754
379.235
378.682
376.629
378.364
378.842
376.992
378.098
381.725
378.531
379.002
378.103
379.562
377.925
378.432
379.169
380.386
379.518
379.999
376.332
378.506
377.056
376.590
379.256
379.983
379.589
379.033
377.375
377.629
379.367
379.602
378.290
377.979
377.025
378.038
378.192
376.410
379.587
378.230
379.701
379.248
380.800
379.246
377.265
376.711
380.015
381.714
379.749
378.281
377.695
377.195
379.552
379.164
377.141
378.088
378.982
378.554
377.976
376.314
375.909
377.386
378.714
378.027
379.671
379.613
380.479
379.951
380.277
379.618
379.705
378.948
379.906
377.877
378.489
377.103
379.118
377.843
376.019
378.181
378.468
377.079
377.413
378.827
378.415
378.650
378.089
380.161
378.533
381.729
380.324
379.096
379.489
378.469
378.055
380.972
379.645
379.605
378.133
378.202
380.728
378.802
379.111
379.283
380.042
382.047
378.117
380.407
379.116
379.515
381.602
378.605
381.613
378.682
379.472
376.981
377.602
379.092
379.518
380.887
379.902
379.366
378.479
381.120
381.502
379.775
378.909
380.121
381.144
381.773
379.676
379.731
378.523
377.508
377.712
379.115
380.176
381.206
380.811
378.826
380.806
381.487
377.352
379.560
377.484
379.134
379.288
378.551
377.327
378.584
378.691
378.079
379.911
380.467
378.828
379.003
378.042
379.812
376.337
377.127
376.414
377.244
377.424
378.925
378.960
378.477
380.062
377.177
378.043
378.340
378.311
377.184
376.895
378.858
378.532
379.345
380.118
377.816
377.693
378.220
376.472
378.729
379.627
379.565
381.521
380.100
379.252
378.372
380.116
379.300
378.823
378.044
376.557
378.974
378.745
378.973
378.941
378.582
379.633
378.937
378.337
380.334
379.103
377.309
377.938
379.349
379.718
377.985
378.002
379.683
379.992
379.159
381.682
378.430
376.982
376.721
377.313
379.594
378.250
378.978
378.721
379.001
377.634
378.850
377.696
376.076
378.626
377.877
379.769
377.652
377.435
377.526
379.181
378.933
379.099
377.940
377.087
377.504
380.125
377.985
380.731
379.647
379.704
378.958
378.330
377.878
379.438
379.008
378.855
378.551
377.939
378.652
378.235
378.482
377.859
377.942
379.428
377.237
377.407
377.447
378.462
378.008
379.964
376.851
379.915
378.213
377.808
378.640
378.653
380.885
379.066
377.423
377.897
376.620
378.050
378.419
378.457
377.360
378.914
377.869
377.279
376.971
376.879
375.546
377.555
377.161
380.036
377.510
378.039
378.856
378.355
379.556
378.087
378.534
377.025
377.531
379.256
378.982
379.556
377.999
378.648
381.019
378.376
378.064
378.999
378.291
378.471
378.639
378.554
379.340
378.949
378.175
377.185
377.908
379.733
379.138
380.353
379.574
379.760
379.498
379.350
376.658
379.320
377.072
377.188
378.157
377.202
378.128
378.272
379.246
376.376
381.091
382.059
380.322
377.544
379.101
377.716
379.201
378.635
379.064
380.468
377.548
377.874
378.230
378.065
379.668
380.077
379.116
377.869
380.278
378.432
377.256
379.725
378.439
378.962
380.453
377.743
380.720
381.760
381.280
380.129
379.524
376.749
377.104
377.608
381.088
379.790
377.891
378.012
379.467
378.572
377.247
377.977
378.875
377.751
377.256
379.007
381.178
380.024
379.161
379.624
379.936
380.118
377.658
378.912
377.910
377.166
378.416
380.026
379.846
380.096
379.649
379.028
377.984
378.075
379.510
378.741
379.128
380.210
379.319
380.128
379.743
378.446
376.696
377.714
379.807
378.022
377.824
377.401
377.521
379.509
378.429
378.578
377.264
379.450
379.159
378.184
379.613
377.954
379.711
380.244
378.406
379.126
378.461
378.411
380.911
378.256
379.219
379.212
378.945
377.992
377.988
378.687
378.644
376.222
376.596
377.456
380.101
378.916
379.354
380.112
379.443
377.856
378.573
377.004
378.446
378.629
378.144
378.225
377.122
380.048
377.550
378.820
377.063
378.592
377.579
376.772
378.875
379.207
380.086
380.168
378.812
379.114
377.452
378.307
379.380
379.819
381.016
376.664
377.881
378.208
377.558
377.609
377.526
377.535
379.799
379.289
377.450
381.382
379.157
376.529
377.227
379.992
378.651
377.266
380.676
380.939
378.175
380.018
377.988
378.824
376.975
376.700
377.308
378.755
377.739
378.632
378.610
378.640
378.424
377.598
379.693
378.012
377.043
377.138
380.185
379.644
378.997
378.747
379.083
375.926
378.306
376.445
378.100
380.405
380.549
379.434
377.776
378.028
379.045
378.534
379.595
379.313
378.708
378.593
378.619
377.554
377.591
378.827
378.557
378.195
378.191
380.445
378.302
377.909
378.822
378.487
378.427
379.197
377.990
378.243
378.362
378.717
379.027
376.853
376.884
379.103
377.518
378.197
378.339
382.397
379.963
379.895
381.015
378.929
379.484
378.763
378.488
378.646
379.586
379.553
379.195
379.060
376.685
376.799
378.053
377.747
378.640
380.726
379.551
380.821
379.025
378.529
379.868
379.203
379.307
382.221
380.112
380.298
381.228
380.965
380.971
379.584
379.166
380.148
378.713
381.210
378.013
378.436
380.353
378.230
380.366
378.730
378.107
379.315
378.442
379.302
378.319
379.082
377.389
379.111
378.746
379.150
379.342
379.437
377.685
378.661
378.487
379.390
379.642
378.210
379.899
378.521
379.054
380.034
377.349
379.223
377.875
376.630
377.836
375.185
377.942
380.820
378.801
377.882
379.042
377.953
378.550
376.668
376.737
379.803
378.233
379.930
380.121
377.064
375.940
376.961
377.496
377.577
376.553
376.723
377.176
375.047
377.594
377.343
378.494
378.006
379.943
376.346
379.562
377.844
380.045
378.900
378.495
379.221
379.177
380.870
377.575
378.622
378.175
378.652
379.283
378.869
379.425
377.035
379.152
378.672
378.325
379.953
377.347
379.363
379.514
378.569
380.113
379.589
376.406
378.036
378.809
377.449
377.816
378.240
378.675
378.392
378.597
378.502
379.611
377.091
377.014
378.140
378.290
378.680
375.941
376.526
378.470
376.780
378.437
375.578
378.063
377.465
378.189
376.102
377.934
376.638
377.975
377.535
378.861
378.139
377.000
380.766
378.839
379.505
377.235
378.339
379.995
377.587
380.641
377.580
378.034
378.461
378.709
377.171
377.699
379.865
378.998
379.126
380.412
378.409
376.846
376.746
377.132
378.737
378.891
376.150
377.262
379.134
379.742
378.766
378.259
378.343
378.376
377.901
378.151
379.911
379.437
380.643
377.692
378.773
377.614
377.658
376.188
378.747
377.779
376.855
377.419
378.608
379.556
380.188
379.839
379.759
381.464
378.915
378.078
377.142
377.922
378.959
377.909
379.958
378.978
379.159
380.492
379.815
380.278
377.372
377.856
378.673
377.251
379.175
377.606
379.184
379.228
377.442
378.067
379.916
377.797
377.713
377.010
376.894
380.044
380.553
379.188
379.138
376.144
377.228
380.813
380.099
379.436
378.433
378.336
378.993
377.371
378.589
377.511
377.396
377.311
375.357
377.506
380.029
378.705
376.909
377.543
377.108
378.226
378.689
379.405
377.850
379.431
378.992
376.711
377.382
378.794
378.204
380.294
382.555
381.239
379.327
378.954
377.538
378.506
378.708
378.126
379.145
378.486
377.743
378.693
377.648
377.511
376.991
379.657
377.081
379.922
378.400
378.434
378.003
377.555
377.282
380.452
379.319
378.562
378.493
377.066
376.633
377.901
378.334
378.262
376.935
378.299
377.798
380.463
379.845
377.373
377.318
379.754
380.987
379.691
378.062
378.323
379.968
378.028
378.756
378.266
378.047
376.976
377.705
377.603
377.323
376.971
379.010
379.574
380.877
379.024
378.763
378.426
379.261
378.190
379.929
377.658
375.696
378.489
380.031
380.195
377.372
377.534
377.754
376.957
378.708
377.177
377.082
377.826
377.694
376.783
376.713
377.126
377.226
377.435
378.280
378.379
379.793
377.717
378.484
379.201
380.146
380.315
377.901
379.445
378.737
380.211
379.787
378.173
380.128
376.873
375.962
377.621
376.852
378.759
378.169
379.251
377.051
376.412
377.812
379.174
378.167
378.688
377.040
378.717
378.792
378.091
379.821
376.838
378.028
379.276
377.418
378.337
377.593
377.132
377.019
378.408
378.751
377.784
377.096
377.657
378.365
378.618
376.623
377.860
377.966
377.239
377.608
376.948
378.305
377.332
378.156
377.989
377.394
378.398
378.444
378.297
377.258
377.108
377.972
380.278
377.072
379.505
377.854
378.229
377.408
378.046
379.027
378.887
380.178
378.316
378.665
379.502
378.674
378.487
377.810
379.370
378.734
378.930
379.204
376.592
379.178
379.365
378.014
378.238
378.923
380.975
379.484
378.225
376.569
376.378
374.955
378.961
378.684
378.208
378.959
379.675
379.071
377.351
377.393
377.270
378.920
377.619
378.930
377.990
377.788
376.830
375.685
378.353
376.910
378.580
377.347
380.655
376.975
377.642
377.031
377.420
377.212
378.378
378.131
379.069
380.695
378.468
378.681
378.598
378.175
378.298
378.899
377.740
378.164
379.391
379.728
379.816
380.360
379.631
378.239
379.178
380.482
380.127
379.250
377.369
379.953
380.580
381.262
380.675
380.292
377.697
379.437
379.783
379.677
378.873
378.641
379.714
379.273
379.111
378.164
378.177
377.872
378.409
377.159
377.253
377.648
378.806
378.462
379.361
378.704
377.483
379.351
375.928
378.306
378.033
378.295
377.256
379.219
381.266
378.747
379.192
377.385
375.710
377.840
378.201
376.048
379.144
376.207
376.351
378.700
376.587
379.660
377.664
378.232
379.473
377.250
378.426
378.388
377.493
378.965
376.812
378.808
379.013
377.724
378.168
377.309
379.248
378.293
378.367
377.511
379.198
377.916
377.895
376.627
377.661
376.141
377.978
378.985
377.698
378.136
380.010
379.206
378.158
378.412
380.391
378.518
380.222
379.202
378.198
378.956
376.709
380.274
380.561
379.224
376.467
380.299
378.552
378.641
378.257
378.289
377.186
375.382
377.111
379.986
379.013
378.557
375.727
377.104
378.456
379.190
376.273
378.905
378.076
378.433
378.621
379.958
379.563
379.003
379.539
377.788
377.463
379.164
378.588
378.390
378.972
378.084
379.386
377.401
377.613
378.944
380.851
378.496
377.856
378.361
379.865
379.030
378.936
378.346
378.087
379.272
381.332
378.600
377.919
378.695
377.940
378.018
378.375
378.534
378.922
378.844
377.738
378.763
379.572
375.951
376.962
378.523
376.575
378.148
379.607
375.588
377.556
380.104
378.250
380.827
381.686
380.345
379.833
378.377
378.802
378.623
379.243
377.658
378.770
378.222
377.776
377.820
376.579
376.337
377.487
378.201
378.419
378.149
378.529
380.070
380.068
379.614
378.686
378.407
378.442
379.599
380.393
379.014
378.376
379.653
378.953
377.256
377.327
378.855
379.013
380.035
378.957
377.660
378.948
378.455
379.684
378.299
379.971
380.067
378.965
378.254
380.085
379.838
380.632
380.741
379.869
380.609
379.731
379.654
378.554
378.266
379.910
382.109
379.800
380.394
380.586
378.735
377.636
379.772
380.030
378.998
378.978
378.984
380.862
378.445
377.519
378.717
377.585
379.731
377.616
378.449
380.036
378.173
377.197
379.492
378.988
378.493
376.580
377.463
377.816
378.377
378.062
379.068
379.857
378.559
378.065
377.693
378.603
377.537
377.907
378.710
377.625
375.919
377.633
378.454
378.896
381.625
379.751
378.214
378.956
378.984
378.762
378.127
379.112
378.525
378.656
378.091
378.677
377.095
378.472
378.956
381.375
378.376
378.510
380.761
377.205
377.397
379.095
379.828
379.704
378.469
379.315
378.606
379.922
379.404
379.647
380.394
381.025
377.838
378.093
376.996
378.347
379.377
379.039
378.217
378.409
376.764
378.856
380.497
377.759
376.625
380.111
378.310
380.296
379.831
376.563
378.744
375.681
374.982
377.702
375.797
376.201
378.793
378.198
379.012
379.850
377.840
376.793
380.238
379.762
378.330
379.516
379.912
379.277
378.866
378.327
379.607
378.330
378.553
376.351
378.408
378.378
377.365
378.471
378.380
377.794
378.875
378.422
377.803
378.362
378.041
381.240
380.672
379.835
378.040
375.253
377.180
377.631
377.697
377.865
377.214
377.779
377.185
378.938
376.898
376.706
378.456
379.975
378.770
379.017
378.890
377.672
377.993
378.733
378.797
376.920
378.072
378.363
378.726
377.921
378.382
376.860
377.393
376.670
376.658
377.811
377.186
377.665
379.207
378.054
377.008
378.421
379.912
378.847
379.231
377.432
377.888
376.855
378.394
377.369
376.101
380.357
379.737
378.636
376.394
377.984
378.565
378.214
380.602
380.743
378.723
378.903
376.769
377.614
377.856
378.367
377.832
378.358
377.394
377.196
379.079
378.271
377.089
378.130
378.626
377.774
377.113
376.357
378.307
375.591
377.704
379.009
377.298
377.318
378.917
377.902
377.436
377.600
380.508
379.562
376.687
377.312
379.416
378.674
378.813
378.565
380.498
377.843
376.653
379.699
379.576
377.598
376.822
377.038
379.075
378.532
377.382
376.969
378.328
377.948
377.427
379.428
378.744
378.934
378.573
379.567
380.306
380.827
377.639
379.311
378.653
378.276
377.906
378.314
380.084
380.119
379.569
377.839
377.336
378.683
378.874
378.159
379.118
379.053
379.236
378.758
378.383
378.133
377.838
377.848
378.193
377.365
379.695
379.344
378.236
378.082
378.619
378.030
377.014
376.061
378.759
377.940
377.022
376.142
377.683
378.108
377.186
379.300
378.069
377.574
377.990
379.417
376.326
379.279
378.499
379.126
378.283
377.590
376.742
377.675
376.458
378.858
378.940
379.113
379.898
379.627
376.914
378.576
378.404
377.637
377.636
379.076
378.819
378.548
377.157
377.629
378.119
376.928
377.301
378.224
380.800
380.625
378.166
377.372
377.086
377.726
377.612
375.956
376.859
376.969
377.420
379.085
378.486
378.469
378.097
377.632
377.820
376.110
377.550
376.821
377.690
377.765
378.307
379.110
380.150
377.659
377.818
380.324
379.374
375.952
378.266
378.649
379.174
378.728
379.063
379.072
377.654
380.582
376.235
379.447
378.534
379.624
377.614
379.341
377.151
376.825
378.020
377.644
376.885
377.533
377.542
376.601
377.559
376.671
378.448
378.071
378.837
377.465
378.272
377.154
377.570
375.306
377.805
377.671
377.657
378.686
379.382
379.845
380.405
379.499
378.731
379.393
376.991
377.617
378.042
378.610
377.409
378.563
379.913
379.000
378.527
378.530
377.212
377.913
378.774
378.003
379.825
377.692
379.056
378.560
375.540
379.574
381.230
377.721
376.249
375.756
379.475
378.977
377.671
378.772
379.529
378.340
379.757
377.901
379.431
377.422
380.141
375.213
376.248
377.597
376.922
379.045
380.537
378.608
378.684
380.563
379.026
378.142
378.839
377.522
378.266
378.648
377.468
379.862
380.286
379.492
376.450
377.246
379.451
379.192
378.368
378.627
378.778
377.843
378.284
380.325
377.968
378.864
378.178
379.477
378.183
379.824
379.606
378.110
378.149
377.349
377.280
377.251
378.424
379.184
379.390
377.168
379.749
378.649
379.238
378.235
379.226
380.739
381.015
376.976
379.950
377.955
375.583
380.190
380.025
379.036
379.417
378.099
378.182
377.367
376.707
379.361
378.245
377.435
375.245
376.729
378.500
378.604
380.428
379.008
377.638
377.745
377.374
378.439
378.334
377.467
377.151
377.690
378.368
378.886
378.459
379.130
378.420
378.774
377.503
378.222
378.721
379.403
377.544
378.006
375.525
377.894
376.718
379.142
376.995
378.262
380.998
378.390
378.392
378.037
378.077
377.858
377.006
377.868
379.772
380.534
378.599
380.296
379.844
377.652
379.188
380.012
378.195
380.461
377.895
379.287
378.750
375.757
377.195
378.976
379.544
379.338
380.270
380.685
381.193
380.709
379.206
378.306
378.974
378.827
377.089
379.312
380.118
379.716
379.237
379.627
378.622
377.466
377.705
378.641
378.146
377.110
378.303
378.234
377.418
378.422
377.623
378.541
379.411
378.095
379.796
378.821
379.368
380.084
378.418
377.080
378.067
376.277
377.539
378.058
376.362
379.214
376.534
377.446
377.579
378.462
378.805
377.844
378.487
377.531
379.729
376.927
378.731
378.017
377.141
378.715
379.928
379.389
377.659
377.843
377.843
377.885
380.260
378.029
378.859
379.785
379.531
378.685
376.856
378.185
378.802
379.587
379.790
379.127
378.644
379.156
380.199
381.856
379.378
377.972
378.773
377.904
377.035
378.264
378.314
379.352
377.967
378.402
380.445
379.203
380.438
378.721
378.940
377.896
378.563
377.505
377.861
378.779
379.581
380.958
379.518
379.437
378.293
377.604
378.029
378.823
378.709
377.289
377.564
377.732
379.359
380.915
378.828
378.952
380.872
381.711
379.493
378.163
378.891
378.596
378.908
380.132
379.461
380.717
380.146
377.594
379.326
378.387
378.649
378.608
379.398
377.742
377.553
379.309
379.159
377.748
377.304
378.673
378.419
377.971
377.729
378.140
377.766
378.239
379.604
379.878
377.460
376.367
377.611
378.127
378.559
379.765
378.677
380.466
379.951
379.866
378.312
377.696
380.209
378.646
378.008
378.274
376.735
378.040
379.637
377.138
376.553
379.524
379.989
377.571
380.086
380.032
380.134
377.310
373.596
378.471
379.125
378.036
377.615
377.211
379.788
379.591
381.609
380.597
378.467
379.215
378.482
379.342
377.905
379.304
381.475
379.021
379.714
379.034
378.720
378.628
381.724
381.246
379.098
381.641
380.341
379.293
380.450
375.960
377.858
379.236
379.102
378.625
379.196
377.287
379.529
375.504
377.649
379.447
378.528
377.146
378.034
378.022
379.321
377.758
377.057
377.389
378.249
379.204
378.179
376.205
376.971
376.278
377.027
377.363
378.185
379.107
377.781
379.254
377.402
378.353
378.191
378.666
378.666
379.791
379.175
379.592
380.114
378.817
379.563
378.801
380.485
378.415
378.194
379.487
378.977
378.728
378.617
379.606
378.690
377.172
377.590
376.841
377.165
377.678
376.211
377.705
379.029
376.594
377.503
378.943
377.801
377.180
380.191
378.758
379.587
379.023
379.095
378.798
378.612
380.773
378.971
378.805
381.276
379.089
378.040
378.861
378.049
378.548
377.106
379.147
378.011
375.501
374.409
376.166
377.224
376.947
376.928
376.198
377.653
378.289
378.165
376.948
376.808
379.882
380.395
380.269
378.088
379.266
376.650
378.826
376.473
376.914
378.606
377.532
379.388
381.027
376.888
377.087
377.925
378.517
378.037
377.782
377.608
377.143
377.991
378.172
377.726
376.574
378.179
377.876
376.314
378.363
379.019
378.425
378.119
377.784
377.078
377.502
377.343
379.964
376.858
377.948
379.127
379.314
379.932
379.965
376.802
378.470
378.490
378.994
377.450
378.177
379.765
377.699
379.805
378.972
378.197
377.409
378.277
378.955
378.720
377.916
379.899
377.362
379.817
378.178
378.261
378.332
379.973
379.605
378.298
378.817
378.766
377.292
380.249
378.916
379.921
380.453
381.052
377.997
379.856
379.712
380.158
379.740
379.200
378.584
378.861
377.673
376.988
378.053
375.632
377.740
377.563
378.666
379.853
380.514
380.104
379.160
377.425
376.911
380.137
378.175
380.568
381.161
378.610
381.878
378.151
379.485
379.338
379.832
378.560
380.405
378.171
378.538
378.483
379.659
376.864
379.048
376.339
377.556
378.171
377.750
377.374
378.346
378.872
378.342
377.888
377.240
379.253
381.155
381.342
378.928
378.825
378.094
379.487
378.169
380.090
376.790
380.475
380.608
378.761
379.992
379.955
377.926
379.260
379.700
378.744
379.454
378.445
378.849
380.333
379.039
377.581
379.244
377.120
379.763
378.409
379.594
375.627
379.434
379.558
378.084
377.950
378.869
377.936
379.936
379.782
378.708
377.958
379.661
375.857
376.749
379.110
378.499
378.220
378.228
377.672
376.833
377.635
379.790
377.386
378.541
380.247
379.516
377.678
380.879
381.345
379.806
378.906
379.434
378.687
378.467
376.794
377.418
380.188
378.579
380.192
379.712
379.246
376.043
377.082
377.834
377.897
375.504
378.319
376.938
377.827
376.367
378.945
379.481
378.148
377.992
377.913
379.437
378.990
377.826
377.001
379.039
379.600
379.324
379.515
377.207
378.733
378.435
378.719
378.541
378.743
381.248
380.271
380.729
381.335
378.520
378.672
377.968
375.908
376.450
379.230
378.450
377.690
378.558
378.419
377.885
377.779
378.637
376.118
375.332
376.372
378.407
376.415
378.475
377.773
376.252
376.821
378.233
378.405
378.268
377.486
376.992
378.456
378.513
379.780
378.844
378.752
378.101
380.263
380.266
379.442
380.219
378.229
377.311
379.077
378.819
380.492
377.926
378.947
379.253
377.712
377.763
377.913
376.852
378.124
376.346
377.881
381.137
379.592
379.004
376.832
376.992
378.885
379.663
377.795
378.375
378.096
379.829
378.170
377.833
378.384
376.555
378.585
377.623
379.364
379.286
377.792
377.269
379.829
378.545
378.146
378.059
375.596
376.651
377.392
378.398
377.980
377.848
378.458
379.035
377.694
376.225
375.818
376.771
378.686
376.420
377.133
376.854
376.407
376.244
377.168
379.252
378.820
378.456
378.078
377.996
379.696
378.531
377.169
377.533
379.100
378.863
377.638
377.930
376.657
377.227
379.526
378.043
376.409
378.673
378.663
375.963
376.559
377.577
375.809
380.299
377.044
379.106
377.542
377.452
378.104
381.001
378.499
379.026
376.938
378.280
376.828
375.510
376.786
379.359
379.516
378.142
376.329
376.022
377.515
378.681
377.523
377.265
377.328
379.180
378.574
377.257
375.975
378.027
377.286
377.590
377.450
378.956
378.135
381.375
379.636
376.591
377.598
377.835
377.232
376.527
376.325
378.610
379.231
378.602
377.430
376.549
378.537
379.082
375.282
375.710
378.655
377.325
376.277
377.298
378.793
377.375
376.239
378.839
379.425
377.249
378.695
379.088
379.982
376.285
376.119
377.706
377.586
379.102
380.681
377.668
377.650
378.890
379.115
379.155
377.357
377.021
378.247
376.091
376.045
378.292
377.047
379.663
377.429
377.021
376.302
376.798
379.210
375.664
377.998
378.125
375.301
375.477
378.123
378.303
377.570
377.166
376.656
377.362
378.805
380.079
377.024
376.900
375.747
378.952
379.246
379.440
378.597
380.235
377.571
376.284
378.059
378.562
377.823
377.135
379.725
377.986
375.554
376.831
377.373
378.825
378.702
379.045
379.429
377.931
379.192
378.157
378.519
379.015
377.702
377.199
377.424
376.637
375.525
376.935
378.301
378.303
377.192
378.777
379.597
378.060
377.024
378.369
378.200
378.201
378.691
377.138
377.173
375.777
377.199
376.209
379.901
379.254
378.006
379.750
380.258
379.529
380.761
380.208
378.180
378.587
377.252
379.564
378.291
377.976
378.413
378.957
379.396
378.716
377.542
377.848
378.140
378.478
378.912
379.528
379.213
378.789
377.901
376.518
378.049
378.309
377.613
379.027
378.346
378.843
378.188
379.021
380.653
379.842
377.863
376.626
378.439
378.168
378.162
377.969
377.592
379.116
379.340
378.697
380.022
380.071
379.631
380.671
379.474
379.629
378.484
378.805
377.351
379.407
377.617
380.014
376.895
378.539
377.912
379.095
377.307
379.396
379.829
379.199
379.015
378.374
380.095
378.078
380.367
378.878
378.200
379.520
378.696
377.716
377.090
378.399
378.143
376.852
377.947
376.210
377.727
377.401
376.322
377.433
379.261
377.276
377.147
377.810
378.959
378.928
377.351
376.923
377.301
378.191
378.048
375.276
376.671
376.518
378.244
377.133
376.381
377.095
378.643
378.998
378.745
378.670
379.033
377.006
377.256
378.897
377.614
379.425
379.008
378.037
378.288
377.095
376.810
377.043
375.874
377.590
379.292
378.060
377.013
379.033
379.084
377.512
377.523
376.712
377.668
375.938
379.456
377.528
377.200
382.148
377.140
380.566
377.409
378.281
377.840
377.610
378.297
376.579
379.226
378.828
377.701
378.854
377.696
377.288
377.814
377.810
379.991
378.498
377.637
376.672
376.629
377.348
378.380
378.388
378.187
377.258
378.573
378.111
376.354
377.797
378.264
378.569
377.746
377.995
378.504
378.278
376.905
378.051
379.341
379.080
377.618
375.816
377.750
379.293
378.746
378.845
379.960
377.814
378.084
377.213
376.488
375.952
378.281
376.552
378.106
377.313
378.765
378.718
376.609
377.016
378.346
377.580
379.486
380.648
379.390
379.889
379.797
377.886
379.456
378.639
379.316
377.854
378.287
380.083
379.782
377.452
377.168
378.347
379.711
378.712
378.775
378.165
377.760
376.935
379.487
377.421
379.411
379.914
377.983
379.505
378.956
380.828
376.885
378.278
377.705
379.039
376.540
377.973
378.299
377.853
377.024
376.817
377.842
378.383
377.096
379.735
378.239
377.862
378.089
377.653
378.719
378.338
377.693
379.504
377.351
378.963
377.346
377.963
378.303
377.974
377.612
378.277
380.043
376.647
377.148
377.049
378.459
379.045
375.812
377.365
378.077
377.593
376.916
377.184
377.940
379.142
378.923
378.169
378.245
377.991
381.053
378.656
376.325
377.282
379.432
380.701
379.636
380.031
377.793
379.071
377.325
379.146
378.389
377.915
377.042
374.992
378.487
377.676
377.509
377.640
378.042
379.738
378.236
377.730
378.447
378.575
376.483
377.420
377.545
378.474
378.519
378.242
376.016
377.248
377.786
376.130
376.520
375.259
377.273
378.583
377.853
379.429
379.309
379.059
378.756
380.177
377.940
378.622
379.370
379.028
378.431
377.423
377.954
377.553
377.510
376.901
377.523
377.981
377.673
379.280
377.676
378.463
378.096
377.786
377.518
378.364
379.873
379.521
378.049
380.701
379.924
378.219
378.267
376.593
376.830
377.000
377.352
375.875
378.317
377.621
377.408
377.529
376.676
379.395
380.048
377.619
377.235
376.388
378.237
378.882
377.524
379.554
377.093
375.470
376.801
380.188
382.386
378.982
377.622
376.233
378.874
379.406
379.253
378.289
379.531
377.024
375.575
378.334
377.722
379.965
382.056
379.343
378.424
377.920
377.757
378.070
378.714
377.701
376.504
378.874
378.458
377.506
379.543
378.240
377.577
377.938
378.981
377.500
377.871
377.426
379.134
377.814
378.169
375.943
376.462
377.326
378.986
377.827
377.266
378.273
377.681
378.927
378.269
378.187
376.690
377.349
376.490
378.466
376.565
377.129
377.719
377.651
378.581
377.043
380.250
377.744
377.603
377.377
378.756
379.029
377.401
376.120
378.182
378.684
377.085
377.973
377.726
378.354
377.347
377.755
379.584
379.062
379.381
377.833
380.173
379.526
378.099
379.396
377.026
378.827
379.750
378.893
377.711
377.947
375.914
379.138
378.399
378.559
380.673
376.403
378.523
377.735
378.461
377.080
376.168
377.624
378.138
377.274
377.358
377.800
379.132
378.990
379.441
377.706
377.721
377.300
378.374
378.147
377.310
377.286
379.013
376.748
378.741
378.289
378.526
378.240
379.670
378.387
379.491
379.387
380.146
378.428
377.085
376.022
378.420
381.169
379.917
378.333
378.988
378.031
379.279
376.644
376.400
377.873
380.830
377.817
379.744
377.338
377.494
378.141
379.128
377.549
376.760
378.469
380.019
377.948
376.571
377.447
378.912
378.299
380.553
377.543
378.463
378.640
377.555
378.033
378.983
378.469
378.052
378.123
377.126
377.306
380.917
379.033
378.228
379.889
376.848
378.354
379.394
378.144
377.703
376.991
378.706
378.656
378.893
376.837
377.312
373.752
378.355
376.332
377.390
376.906
376.779
378.336
377.346
378.229
377.458
379.007
378.190
376.814
378.297
377.668
378.434
380.083
378.424
379.017
378.402
377.527
378.250
378.347
378.405
380.307
378.159
377.203
379.595
377.428
379.070
378.182
379.520
377.313
379.016
378.150
376.809
378.906
377.510
380.390
378.038
379.528
377.900
376.936
377.835
380.438
376.924
377.344
379.020
378.914
379.168
378.570
378.939
377.702
376.050
378.073
377.304
376.909
382.105
380.038
377.588
379.144
378.934
379.351
378.360
380.387
378.358
378.152
377.288
377.582
378.225
378.090
378.410
376.510
375.817
378.505
376.613
376.290
378.345
377.004
379.805
377.447
377.618
377.906
376.821
377.659
379.327
379.477
380.278
378.093
377.553
377.470
377.616
375.798
377.256
378.332
379.179
376.747
378.688
377.299
378.036
379.593
378.500
375.668
377.085
376.905
377.365
379.387
378.416
379.701
380.022
379.913
378.445
379.267
378.386
377.169
376.831
377.773
377.140
377.213
378.307
379.403
377.068
380.158
378.595
376.592
378.582
377.917
378.364
379.231
377.477
376.565
377.393
379.364
379.310
379.144
379.973
379.521
377.355
376.318
377.236
378.758
378.839
377.848
377.935
380.296
378.216
378.107
377.015
378.131
378.292
377.593
378.887
376.966
377.135
379.733
378.176
377.997
378.477
377.180
378.850
378.827
377.789
376.720
376.435
375.943
378.126
379.078
377.444
378.927
376.491
378.581
377.457
376.886
376.596
377.792
377.880
378.626
377.272
378.164
377.214
377.266
378.456
378.840
379.676
378.128
378.904
378.216
379.212
379.031
379.030
377.746
378.209
379.015
380.324
379.254
377.678
377.737
376.628
377.716
377.376
377.036
375.504
378.117
378.420
378.279
380.018
378.182
378.589
379.070
378.604
377.855
377.927
377.978
377.375
377.201
378.633
376.862
376.491
377.185
377.968
378.175
379.990
378.252
381.368
377.485
378.477
378.761
378.997
377.277
378.945
378.327
379.560
378.977
380.780
380.976
379.714
379.968
381.233
377.986
378.729
378.209
379.178
379.694
377.837
378.361
378.609
378.105
377.904
377.843
378.050
378.313
379.550
379.327
377.733
378.271
378.898
379.399
378.153
379.319
379.039
377.392
377.894
378.490
377.824
376.834
375.961
377.278
378.155
378.825
379.128
380.178
379.377
377.857
380.612
379.888
377.832
379.176
378.216
379.332
378.812
378.025
377.507
378.094
377.303
379.956
380.432
378.293
378.629
377.290
378.757
379.860
377.514
378.140
379.238
377.574
377.046
378.332
380.004
379.901
377.534
378.096
379.858
377.937
377.436
379.799
378.316
377.866
378.760
379.410
378.660
378.961
377.313
377.431
378.549
380.393
378.483
376.161
379.125
376.996
377.312
378.190
377.225
376.801
378.955
378.033
378.468
378.380
379.463
377.233
377.008
376.784
378.149
378.941
379.686
379.522
383.264
380.073
379.304
379.912
376.594
380.967
379.459
380.691
379.942
379.573
378.880
380.410
378.736
378.239
377.865
377.459
378.470
378.814
377.863
376.708
378.029
375.539
377.662
377.145
378.130
377.748
379.641
378.461
376.529
378.197
376.626
376.965
378.209
378.995
379.023
377.361
377.027
377.977
379.244
380.042
379.320
379.079
376.325
377.826
376.483
377.021
377.839
377.114
378.677
380.094
376.187
379.031
379.185
378.355
377.525
379.328
376.219
378.363
378.538
377.871
377.386
378.462
376.764
376.313
377.548
379.226
378.370
375.973
379.099
378.846
376.271
377.440
375.777
379.237
377.748
376.374
377.811
378.610
379.196
377.885
378.647
378.036
379.032
378.087
376.255
377.713
377.481
379.603
377.445
377.685
377.814
376.377
376.903
378.766
378.382
378.157
380.488
377.864
378.118
379.052
377.919
378.705
378.752
379.978
378.298
379.591
380.244
378.557
379.626
380.429
378.551
376.156
376.669
376.807
376.836
378.069
377.964
379.731
379.193
380.227
379.499
378.556
378.049
377.303
377.717
380.230
377.020
379.800
377.150
381.329
381.612
380.053
378.620
378.552
378.400
377.946
379.073
379.410
379.759
379.492
378.910
375.432
376.766
378.453
377.923
377.129
377.980
378.496
379.395
379.783
377.138
376.500
377.775
377.887
377.454
377.971
378.081
379.869
376.905
378.331
377.910
377.364
380.328
378.660
380.093
377.315
378.285
377.894
378.663
379.335
377.895
378.003
376.286
379.217
378.841
379.941
377.307
375.369
378.024
380.339
380.532
379.372
379.160
380.322
380.146
378.538
377.584
378.888
379.900
378.385
378.652
379.220
378.139
377.339
378.017
380.371
376.585
377.356
379.396
378.189
378.278
377.555
377.525
376.725
377.613
377.598
375.549
377.014
376.943
378.367
379.396
378.495
377.609
377.038
379.590
377.203
379.736
378.765
378.719
377.619
379.396
380.624
377.660
377.326
378.136
378.195
377.508
379.371
378.394
378.669
378.919
377.526
378.644
378.105
378.979
381.259
378.920
378.802
379.080
377.291
378.168
375.571
375.978
375.648
375.492
377.637
377.822
381.899
379.483
378.603
377.637
377.391
377.772
375.508
378.340
378.920
378.005
378.344
376.666
381.355
378.507
378.902
379.227
377.712
379.418
377.887
378.164
378.153
381.204
378.924
378.644
379.612
380.155
379.944
377.204
378.212
377.755
380.472
379.240
379.934
378.038
379.506
379.019
378.255
377.761
377.572
377.491
378.391
377.859
376.683
377.550
377.633
378.513
379.313
378.364
377.516
379.045
379.070
378.519
377.923
376.924
376.959
376.036
378.509
378.616
378.335
376.907
376.757
379.147
378.324
376.813
378.359
378.539
379.114
377.537
378.011
377.842
378.860
381.536
378.743
378.921
377.422
377.475
377.476
379.081
378.809
378.159
377.196
377.599
378.497
379.172
378.313
377.141
377.755
378.290
378.615
378.994
376.708
376.754
378.568
375.573
378.518
376.512
378.215
377.841
379.069
379.125
377.468
377.817
378.902
378.442
378.124
379.435
379.136
378.569
379.364
379.235
380.926
381.378
380.756
381.528
379.299
379.079
377.082
378.710
377.033
378.362
378.875
377.631
379.282
378.309
376.520
378.081
377.441
378.934
379.719
378.692
376.772
377.236
379.320
380.136
377.153
378.541
378.511
379.161
378.563
379.227
377.168
378.749
378.947
377.097
377.172
378.986
377.553
377.224
378.430
378.321
377.651
378.289
377.603
378.883
379.898
377.987
377.483
377.615
375.958
377.576
378.610
378.574
377.484
378.093
379.859
379.067
378.795
376.327
379.189
377.624
378.365
377.987
378.701
380.565
378.814
376.921
377.686
375.596
377.536
378.667
379.350
377.289
378.184
376.636
378.958
376.361
376.476
377.323
377.408
379.022
377.525
378.477
376.893
379.578
377.596
377.059
376.326
376.205
378.562
380.199
376.800
379.770
378.222
377.660
379.375
378.087
377.885
377.518
376.305
379.504
378.324
378.117
378.943
376.713
376.408
378.815
375.624
376.598
378.346
379.342
377.506
378.895
377.609
378.689
379.248
378.490
377.719
378.248
378.846
381.692
379.130
377.473
379.545
378.536
380.318
377.834
378.135
379.741
377.197
377.670
380.074
380.560
378.677
376.244
380.022
379.243
379.261
378.494
379.407
379.976
377.157
376.113
377.596
377.921
378.799
380.050
379.342
377.492
376.300
376.473
376.435
377.933
378.610
378.568
376.537
376.977
377.677
376.856
379.753
377.591
380.368
376.917
378.781
380.237
380.414
380.934
378.799
379.077
378.369
377.660
379.547
377.823
378.592
379.586
378.422
376.851
376.233
378.763
378.168
379.141
377.843
380.311
379.417
377.593
379.032
380.597
381.195
381.111
378.509
378.024
378.313
378.713
377.931
378.747
380.201
380.710
378.934
380.431
378.816
377.454
376.847
377.820
377.266
378.486
378.843
376.830
378.408
378.436
378.675
377.555
377.696
377.569
378.187
377.167
377.217
377.299
378.669
379.254
377.497
378.615
379.825
378.890
378.298
380.114
377.776
379.282
378.847
377.647
379.738
380.780
379.648
381.434
378.880
377.602
379.088
378.900
377.717
378.277
378.075
379.465
379.917
377.635
376.685
378.616
378.018
376.500
378.861
378.894
375.812
377.964
377.571
380.094
380.402
378.779
381.076
377.582
378.553
377.182
379.238
376.649
378.608
377.517
378.178
377.820
378.804
376.528
379.848
377.377
378.936
378.505
378.367
377.688
377.934
377.661
376.995
378.756
378.370
377.652
379.967
377.745
378.826
376.532
378.505
381.068
379.695
377.634
377.825
380.486
376.845
376.601
378.321
378.642
377.535
377.600
377.041
379.141
377.193
376.494
378.625
378.830
378.149
378.265
376.880
378.085
377.169
376.659
378.657
378.074
377.918
377.810
377.120
379.600
377.831
377.813
378.342
378.930
378.087
379.651
379.076
380.874
378.982
381.215
380.228
378.650
380.526
376.643
377.395
378.504
378.445
377.446
378.207
376.943
379.538
376.754
377.314
377.828
377.338
377.652
378.295
377.336
376.617
376.409
377.730
377.998
377.788
378.782
377.091
377.757
376.920
377.424
377.443
377.456
377.357
376.940
378.618
378.555
377.947
377.536
377.948
377.425
375.867
378.072
377.623
378.947
379.633
378.931
377.010
378.204
375.435
378.288
378.412
377.359
375.264
376.473
377.003
378.082
377.398
376.563
377.351
378.889
379.131
376.945
378.145
378.437
379.019
377.408
377.393
375.203
377.439
377.759
375.166
376.120
377.593
378.930
379.182
378.720
377.972
381.143
376.566
379.115
377.016
380.344
377.854
378.275
377.500
376.618
378.383
376.860
376.764
376.531
377.614
376.929
377.667
378.443
378.316
376.156
377.472
377.416
377.160
376.929
377.937
376.328
377.960
378.280
377.903
376.880
378.265
379.334
377.869
379.132
377.134
378.294
379.367
379.203
379.614
377.448
380.102
380.383
380.427
377.904
379.502
379.937
379.214
380.358
378.875
379.844
379.322
377.809
378.854
378.075
377.371
377.272
379.602
377.024
375.802
378.357
378.714
377.715
378.417
378.044
377.462
377.017
379.298
377.375
377.547
379.214
377.131
376.349
379.597
379.766
379.344
376.473
378.954
378.934
376.877
377.546
377.061
377.299
378.924
377.477
377.644
378.717
376.330
377.642
378.265
377.355
376.786
375.659
376.454
376.137
377.072
376.857
379.142
377.996
378.241
377.976
377.582
378.302
377.946
376.422
379.187
379.080
378.669
379.379
378.101
377.821
376.178
378.434
379.073
376.492
377.516
379.447
376.355
378.860
379.033
378.509
377.140
379.711
378.715
380.097
379.742
379.665
377.613
377.915
377.779
379.049
378.661
376.521
378.915
379.063
377.741
377.702
379.615
380.618
381.996
377.788
379.869
378.520
376.731
376.894
376.492
377.647
379.267
380.660
381.966
378.702
379.885
379.114
377.485
377.671
378.289
378.138
378.389
377.426
378.067
378.144
378.066
380.564
378.413
381.279
379.672
377.292
376.209
376.730
378.240
378.807
377.686
377.792
377.007
377.826
377.695
379.577
378.942
378.305
377.723
378.963
377.637
377.771
377.878
378.166
378.376
377.142
377.585
378.365
375.482
376.317
378.870
379.094
379.901
378.916
379.348
