380.292
380.113
381.263
379.843
381.469
382.018
381.640
381.813
379.024
380.496
379.964
378.509
380.079
380.561
379.645
381.131
381.219
381.561
383.327
382.832
380.659
381.130
379.616
380.760
381.864
380.273
382.212
383.264
381.800
380.949
379.621
379.026
382.442
383.235
380.974
380.557
380.719
383.658
381.240
380.719
378.216
378.712
379.664
380.297
381.415
380.463
378.119
381.499
379.440
380.136
380.434
379.291
378.236
379.656
380.288
379.150
381.099
380.676
382.183
380.047
381.055
379.984
381.688
382.123
383.799
381.969
383.057
382.154
381.661
379.983
379.764
381.279
382.504
381.041
381.190
380.762
380.815
381.625
380.478
380.421
379.756
380.678
381.686
381.750
382.073
380.192
379.022
379.961
380.903
382.406
380.931
382.761
382.174
379.941
381.066
379.687
379.937
381.809
379.702
381.083
380.824
380.470
379.820
378.508
380.180
381.146
377.994
380.718
381.668
378.136
379.973
380.797
379.441
380.925
381.452
381.365
380.638
380.732
382.035
379.580
381.395
378.874
380.188
379.175
381.828
380.519
380.771
379.606
380.128
381.997
381.100
381.585
380.929
380.692
380.173
379.795
380.682
380.423
379.330
380.093
380.858
380.638
379.034
379.500
377.550
375.893
379.064
379.456
381.569
379.167
379.545
380.120
380.489
379.555
380.881
378.894
377.911
378.191
378.732
381.290
379.593
378.639
378.967
382.138
380.270
378.810
381.232
381.872
380.955
379.515
380.254
378.998
383.554
378.556
379.730
381.269
380.953
380.296
379.244
381.953
379.605
380.549
378.919
378.883
379.917
382.156
381.068
379.719
380.415
377.460
378.772
378.014
379.271
378.790
379.464
378.699
380.494
379.646
379.295
380.155
381.396
379.149
380.250
381.402
380.875
380.970
383.418
379.931
381.141
379.832
380.807
380.696
380.442
378.663
379.002
377.943
378.686
379.982
378.598
380.532
377.844
381.128
379.791
378.832
379.987
379.699
381.125
379.974
379.463
379.262
378.194
379.752
379.380
380.540
380.324
379.878
380.970
381.243
382.820
381.256
381.543
380.718
379.335
378.519
380.836
381.579
382.216
380.880
381.050
381.782
381.663
383.475
382.021
381.415
381.290
377.574
381.066
382.462
381.017
383.060
380.246
380.408
381.129
380.900
379.640
378.939
379.301
378.817
378.858
378.549
378.848
382.016
381.559
380.000
381.104
380.933
382.436
380.933
378.078
377.930
379.446
379.755
380.126
377.548
378.627
379.677
379.391
379.449
379.521
378.108
379.011
378.076
378.239
377.978
379.370
379.662
378.680
378.366
378.656
377.090
379.179
378.160
378.272
377.777
379.862
378.873
379.109
378.737
378.280
379.133
378.692
376.980
378.682
380.203
379.706
379.015
379.954
381.083
379.430
380.145
379.193
377.950
379.882
378.637
378.750
378.739
379.691
379.601
379.977
379.999
378.648
381.926
379.324
380.529
380.961
379.759
380.200
379.043
380.446
378.548
378.606
378.634
377.854
379.633
378.810
380.693
379.815
379.935
377.862
378.460
378.814
379.915
377.602
379.081
378.465
379.569
377.994
380.979
378.856
378.501
377.657
379.739
379.587
380.791
379.761
381.424
380.965
380.152
378.883
379.009
379.618
379.322
379.948
380.138
380.560
379.976
378.930
380.180
380.180
378.409
380.200
379.534
380.648
378.792
381.337
381.234
381.657
380.417
381.270
380.273
379.837
379.416
379.097
382.349
380.150
380.993
382.310
380.925
381.028
380.290
383.036
381.606
380.779
380.000
381.630
382.003
381.308
380.660
380.832
379.805
380.294
380.145
380.255
381.264
380.822
380.809
381.130
380.537
378.257
379.927
379.942
383.959
382.347
381.843
382.762
382.413
382.345
381.364
381.673
382.658
382.545
382.152
379.356
379.700
380.374
380.102
380.172
378.877
380.222
382.183
379.649
379.159
384.182
380.489
380.339
381.098
381.408
379.940
381.265
379.476
380.059
378.409
379.925
380.777
381.183
379.051
378.952
380.571
378.745
381.571
379.759
381.240
380.910
380.608
380.673
381.312
380.465
379.258
379.311
379.204
378.865
380.208
379.926
378.607
380.368
378.875
378.572
379.180
379.820
379.676
378.461
379.298
379.994
381.065
381.555
381.222
378.083
380.011
380.263
381.379
380.367
378.535
380.757
379.883
378.977
381.730
379.395
379.087
381.074
379.616
379.332
380.472
379.420
379.265
379.005
380.336
379.550
380.596
379.787
379.154
378.471
381.472
382.948
380.100
382.821
380.657
380.116
380.349
380.785
379.985
380.362
380.373
380.183
383.249
382.004
380.369
379.803
379.931
379.756
381.616
379.238
377.244
380.988
381.383
381.880
381.105
380.877
381.233
380.700
379.239
381.253
380.779
381.837
381.338
379.265
379.081
379.680
378.978
380.294
378.625
378.865
380.640
379.946
382.351
379.920
381.310
380.702
379.488
379.765
379.109
381.525
379.499
379.426
380.579
379.865
379.569
379.855
379.348
381.363
381.287
381.384
379.463
378.771
379.445
379.173
380.697
380.352
379.869
379.027
379.663
379.564
379.782
382.055
379.712
379.361
380.701
382.245
380.449
381.587
381.682
380.843
381.002
380.010
379.875
381.516
379.485
380.185
381.928
381.440
379.416
380.716
379.267
379.398
380.371
379.074
379.060
380.360
383.018
382.378
380.023
380.212
380.378
380.679
379.464
382.478
382.979
383.067
382.025
381.184
380.617
380.557
381.839
380.973
382.626
379.866
377.742
380.801
380.894
381.822
381.113
379.695
380.906
379.120
378.891
380.170
381.138
380.782
382.226
381.140
380.798
383.185
381.218
380.654
380.222
383.108
381.642
383.154
381.191
381.541
383.050
381.136
381.843
380.414
379.828
383.046
383.115
381.983
379.982
382.033
383.502
381.395
382.062
379.978
380.390
379.129
378.217
378.183
378.965
379.731
379.109
380.929
381.075
380.391
378.408
379.650
380.579
380.779
379.399
381.505
382.815
382.007
383.877
382.592
381.347
380.686
379.389
382.051
380.681
380.704
379.504
381.237
382.046
382.067
381.548
380.894
380.206
379.303
379.321
378.821
380.386
381.029
379.769
380.198
378.739
380.924
380.274
380.248
380.373
379.973
378.334
381.312
380.176
379.060
379.845
381.396
379.596
379.524
381.840
378.896
380.690
380.294
379.332
378.936
379.066
380.874
382.059
380.814
380.359
380.575
380.657
381.443
379.845
380.360
380.826
381.538
382.801
382.246
382.815
382.398
381.914
380.842
380.528
381.867
381.331
380.974
381.024
383.031
382.666
381.239
381.064
379.906
378.541
380.678
381.724
379.355
380.666
380.383
378.873
380.912
380.089
381.054
380.903
381.821
382.347
380.046
379.701
377.773
379.091
380.236
380.261
380.483
382.964
380.508
381.425
380.806
380.830
380.534
381.253
379.742
381.577
380.108
377.972
379.641
381.122
381.660
381.111
379.639
378.964
380.546
381.933
381.208
381.816
380.531
382.002
380.608
381.115
379.320
380.504
380.533
380.671
381.376
380.330
380.912
381.870
379.818
380.328
380.400
381.000
379.785
380.140
380.726
379.344
379.488
382.359
378.617
382.248
381.357
380.939
381.982
381.882
381.773
381.624
381.818
381.873
381.682
382.110
381.851
381.590
381.010
380.678
379.921
380.423
378.541
379.370
380.207
380.603
380.404
380.425
379.787
381.529
381.654
379.700
379.452
380.048
377.844
378.368
379.410
379.764
378.505
379.180
381.248
379.255
381.659
378.491
379.594
380.077
379.258
380.537
378.984
378.065
379.308
378.940
381.074
379.024
379.240
381.705
379.869
382.087
379.521
380.700
380.785
379.590
379.286
379.904
379.289
377.926
379.008
379.716
380.253
379.744
380.442
379.222
381.740
381.011
381.163
379.692
379.312
378.701
379.458
379.855
380.709
381.522
379.895
380.514
379.548
381.311
380.244
381.023
380.081
379.598
383.531
381.603
379.673
381.353
381.556
381.568
382.044
381.821
382.129
381.018
379.625
378.934
380.181
380.298
380.128
380.449
381.472
380.255
380.429
378.699
380.010
379.877
378.827
379.657
379.551
380.777
378.890
381.222
380.895
380.185
379.109
382.286
380.600
380.041
380.558
378.789
378.103
377.315
378.602
379.139
379.824
380.656
380.694
379.548
379.480
378.402
380.794
380.328
379.215
379.228
379.654
381.303
379.718
379.452
380.155
379.743
379.961
379.887
381.478
379.748
379.097
382.280
379.864
379.233
378.866
381.148
379.993
381.181
380.084
379.191
379.723
380.161
379.790
381.280
379.496
380.797
381.455
379.689
380.758
378.670
378.274
378.055
380.248
379.586
379.549
378.105
379.096
379.428
379.544
380.425
380.103
379.717
380.198
379.910
379.789
378.456
380.657
378.671
380.141
379.703
378.891
378.512
378.719
380.606
379.618
379.528
379.601
378.419
380.149
379.009
378.325
380.564
379.692
381.882
379.768
379.754
381.265
380.653
380.552
379.915
379.976
379.524
381.394
380.803
381.255
381.412
379.455
380.517
380.326
381.348
381.647
379.992
378.905
380.636
379.792
379.334
380.841
379.912
377.922
379.191
379.438
377.795
380.360
378.191
380.563
379.794
379.882
381.219
380.861
383.086
382.252
379.230
381.465
380.729
381.315
382.481
379.776
381.226
380.870
380.104
381.458
379.158
381.187
381.719
381.665
379.720
380.851
381.185
378.211
381.355
381.562
381.488
379.068
379.185
378.155
380.495
380.867
379.733
380.193
380.322
381.876
379.407
380.294
379.923
378.462
380.889
379.544
380.775
381.593
379.883
377.689
379.690
379.210
376.991
379.306
379.137
380.242
381.241
380.338
379.830
379.182
379.932
380.304
381.106
381.776
378.888
379.266
380.407
381.258
379.783
379.766
380.560
378.511
380.406
377.760
378.721
378.588
380.270
380.879
382.823
381.359
381.720
379.496
380.849
381.612
379.641
379.293
382.059
380.275
381.152
380.279
382.462
381.313
380.458
380.303
380.509
380.102
380.005
379.006
381.293
380.369
380.545
380.003
379.895
379.293
380.730
379.926
379.767
379.880
380.733
380.012
380.656
379.900
379.106
379.769
379.394
377.107
379.061
381.283
379.818
380.493
379.297
381.036
379.660
379.780
380.010
379.848
378.904
379.497
378.209
379.486
379.262
379.368
381.186
379.097
378.994
379.506
379.387
380.146
379.057
377.879
381.622
380.268
380.192
379.873
380.242
379.825
381.457
381.138
379.892
378.671
379.118
379.136
379.327
382.557
381.862
380.543
379.466
380.889
378.848
380.677
377.757
378.145
380.128
379.039
379.306
381.466
379.022
379.912
378.732
379.390
379.635
380.223
379.494
379.646
378.348
380.417
378.598
377.883
379.597
380.905
380.871
379.467
378.589
381.726
379.523
380.122
380.176
379.855
378.171
378.600
379.052
380.946
380.968
382.354
381.023
380.371
381.081
381.774
380.262
379.844
380.445
379.186
378.645
380.064
379.710
380.360
378.932
380.169
380.348
379.882
380.180
380.791
380.593
382.074
379.721
382.323
382.064
380.598
381.939
381.184
382.249
380.803
380.678
381.849
381.574
381.128
381.962
382.608
382.770
380.987
380.686
380.994
381.776
380.965
382.840
383.944
382.048
380.405
381.338
380.531
380.478
379.679
379.336
379.379
382.627
381.964
379.629
380.363
380.607
381.834
381.284
381.410
380.937
379.438
378.947
380.388
380.110
380.046
379.750
378.635
381.288
380.161
380.090
381.119
380.864
379.147
379.854
381.494
380.754
380.686
379.866
379.376
379.824
380.771
381.704
380.192
380.675
382.424
381.702
382.579
383.669
384.333
383.033
383.166
384.692
383.298
383.572
382.173
381.018
380.738
379.381
380.526
381.451
382.026
382.635
379.788
380.156
380.804
382.827
380.904
382.255
379.056
381.609
382.258
380.656
381.343
380.099
380.051
381.587
380.403
381.949
381.549
381.487
381.005
380.239
380.787
380.764
381.311
379.670
380.533
381.068
382.529
381.954
379.814
380.433
381.617
382.344
381.427
379.933
380.500
380.559
382.667
383.910
380.668
379.732
382.805
381.778
382.925
381.421
379.237
380.545
382.102
381.894
380.999
381.482
378.949
379.540
380.573
378.854
381.572
381.671
381.279
380.199
381.422
379.667
381.918
380.743
381.541
380.505
381.548
380.593
381.854
380.673
379.817
379.214
381.820
380.328
382.878
381.233
379.856
379.826
380.886
382.176
379.322
382.452
379.952
381.507
380.306
380.849
382.100
379.967
378.834
380.399
378.870
381.535
379.090
382.495
381.356
379.376
379.131
380.530
381.461
383.034
380.950
380.856
380.602
378.257
381.981
380.847
381.119
380.546
380.880
381.011
380.618
381.010
380.540
381.963
380.381
380.924
380.391
381.311
381.768
383.011
380.040
380.785
381.515
381.171
380.618
380.773
381.144
381.527
381.954
381.759
383.289
380.795
379.540
382.087
379.454
381.388
380.745
380.795
380.558
381.069
381.440
382.990
381.895
380.417
379.714
379.714
379.503
379.682
379.683
380.537
379.654
379.212
380.049
381.430
381.448
380.627
380.508
380.073
380.221
380.060
379.966
380.286
381.701
381.381
380.620
380.967
380.630
380.046
381.376
382.369
382.178
379.580
380.823
381.030
380.013
381.652
381.149
380.404
379.208
378.814
380.956
383.244
382.030
382.888
381.356
381.181
382.027
380.568
381.244
380.094
380.647
381.194
380.838
380.989
380.607
379.108
380.424
382.972
381.452
381.519
381.364
379.850
379.966
380.050
380.582
381.864
381.113
380.617
380.352
381.361
381.852
381.887
381.293
380.332
381.113
380.747
379.127
377.790
380.473
380.574
381.587
383.052
383.022
382.106
380.524
381.330
380.468
381.826
381.396
381.960
382.180
381.657
380.547
380.305
380.956
381.878
383.072
379.941
384.719
380.591
381.562
382.177
381.714
379.290
381.765
379.605
380.587
382.088
381.516
381.866
379.898
380.670
382.146
381.488
381.043
381.732
382.496
380.231
382.294
380.305
379.498
380.288
381.761
382.558
382.713
381.672
381.679
380.937
381.373
379.739
380.688
379.562
380.342
380.115
381.633
381.236
380.797
380.643
380.765
379.446
378.841
380.941
381.143
380.158
379.815
379.335
378.279
380.927
382.607
379.502
381.151
382.497
380.166
381.943
378.556
381.108
379.873
380.706
380.255
381.476
382.774
381.705
381.633
381.547
381.466
380.373
381.117
381.417
382.181
381.762
379.803
382.164
381.986
381.198
379.829
381.674
382.923
381.188
381.831
380.880
381.002
382.180
381.182
381.712
381.252
381.807
384.163
382.096
381.821
382.053
380.882
379.921
381.957
381.940
379.996
379.576
380.289
380.187
381.846
381.166
380.433
381.074
381.162
381.716
380.819
380.306
382.380
381.368
381.171
382.192
379.624
380.238
379.873
381.633
381.670
381.559
378.447
384.185
382.928
382.483
382.125
382.604
383.428
381.115
379.504
379.915
381.105
380.273
380.945
380.694
381.713
383.429
381.276
383.427
381.385
382.753
382.103
382.793
381.944
380.355
382.336
382.664
381.240
382.812
383.146
382.015
380.884
382.049
381.399
381.063
381.414
383.899
383.512
381.018
380.752
382.059
382.687
381.631
380.918
381.639
381.589
383.107
382.901
381.794
381.985
380.087
382.474
380.360
381.501
380.697
381.207
381.910
382.849
383.109
379.646
380.945
380.438
381.551
381.085
380.975
381.356
382.303
379.795
380.574
381.949
380.524
381.033
381.327
381.864
379.797
379.673
380.222
379.608
381.076
382.058
381.684
382.543
382.032
378.821
379.400
380.983
382.666
381.385
381.014
380.077
381.439
381.490
381.934
381.610
381.052
381.480
382.686
381.602
380.390
379.633
381.136
382.335
380.776
380.498
379.871
380.556
380.421
382.063
379.435
380.117
381.225
381.038
382.186
379.781
380.402
380.942
382.593
381.769
382.163
383.751
382.739
381.142
382.898
381.407
383.410
381.401
381.084
381.394
382.891
379.955
380.314
381.410
379.877
381.009
381.020
379.227
380.488
379.546
381.400
384.352
381.079
380.468
383.826
380.982
382.580
383.495
381.411
384.254
381.663
381.626
379.778
380.875
381.053
380.653
381.996
381.707
380.260
381.781
381.079
381.366
381.820
380.857
379.914
377.920
379.020
378.015
382.794
381.109
380.560
379.963
381.783
379.996
381.613
380.037
381.751
381.799
379.765
381.514
380.060
382.240
381.307
380.591
381.919
382.344
378.188
380.704
380.895
380.994
381.279
380.078
382.176
380.464
379.582
380.206
381.026
382.161
382.348
380.360
380.262
381.852
381.383
380.597
380.233
382.058
379.781
380.530
380.779
380.511
380.569
382.151
379.651
381.619
381.017
382.759
383.177
380.864
381.863
382.438
380.939
382.440
382.128
380.004
382.298
379.953
380.858
381.077
379.295
379.625
382.045
380.228
381.717
381.601
381.843
381.774
383.743
381.303
383.315
382.277
381.298
382.155
380.364
381.774
382.696
381.026
381.150
380.089
380.542
381.503
380.099
383.168
381.126
380.744
380.948
379.786
380.600
380.066
379.994
382.369
381.194
380.717
380.873
379.067
382.654
380.049
380.747
379.787
381.207
381.060
382.576
382.687
381.158
379.821
382.213
381.808
379.340
381.704
380.560
380.207
379.620
380.545
380.507
381.266
382.085
380.144
381.882
381.994
380.525
379.122
380.542
378.418
378.992
380.313
379.775
380.461
382.132
381.439
378.183
379.135
381.646
381.558
379.990
380.515
381.800
379.988
379.848
379.982
379.026
383.104
382.643
382.179
381.205
379.917
382.160
379.665
382.523
381.171
380.098
381.360
379.563
381.583
382.222
381.416
380.041
381.922
380.369
380.750
381.915
381.263
380.979
380.490
382.013
380.387
381.341
379.781
380.517
381.298
382.242
381.884
380.907
380.451
381.352
380.740
380.431
379.101
382.635
381.501
379.925
380.309
381.891
379.141
379.941
379.390
382.056
380.467
379.471
381.592
380.845
379.360
379.811
380.276
381.969
380.701
380.556
379.789
381.300
380.931
381.327
381.293
382.352
381.223
380.986
382.901
380.766
381.838
381.484
382.116
380.304
382.245
380.338
381.606
381.718
381.487
382.381
381.607
381.750
380.644
380.378
379.796
381.094
382.584
382.421
384.093
381.905
381.913
381.993
381.045
380.986
380.373
379.409
379.255
380.585
381.563
382.255
381.433
379.807
379.320
379.531
380.453
379.827
378.531
380.586
380.525
380.330
382.906
381.854
381.703
380.698
382.523
380.405
381.841
379.578
379.927
381.623
382.286
380.106
381.563
380.306
380.304
381.377
379.525
381.992
380.701
379.600
381.943
379.591
379.343
379.658
382.621
381.665
381.241
380.681
382.102
382.635
380.995
380.749
379.463
379.976
380.036
380.314
378.722
380.004
380.171
381.207
379.430
380.702
379.430
379.750
378.978
379.371
380.366
381.465
381.173
380.811
379.791
381.268
379.538
380.393
379.903
380.146
381.880
380.951
381.073
380.078
383.309
382.060
381.439
381.639
380.166
381.119
381.008
381.933
383.133
382.402
383.354
380.338
383.123
381.558
381.898
381.101
381.952
381.123
378.725
379.535
379.015
380.183
380.589
380.459
378.018
378.693
379.663
379.444
380.665
382.197
381.108
382.622
381.408
378.714
380.870
380.646
380.262
381.930
383.407
381.081
381.432
381.355
382.204
383.158
381.211
382.230
381.393
381.984
380.170
380.520
381.215
381.280
379.996
379.117
381.434
380.900
379.319
381.149
380.390
380.850
378.505
379.896
381.813
380.695
381.719
382.492
381.981
380.426
378.843
379.757
381.528
380.342
381.183
380.715
378.989
381.719
378.223
379.626
380.154
382.928
379.889
380.794
381.406
377.758
381.516
382.804
380.886
380.797
380.737
381.232
380.604
382.364
380.462
381.146
382.708
379.639
380.298
381.163
379.763
380.787
380.731
383.011
381.009
380.036
379.761
380.874
379.866
379.097
381.750
379.436
381.175
379.975
382.500
379.670
380.429
381.777
379.918
381.113
382.267
382.858
380.469
381.104
380.594
380.161
379.933
381.885
383.366
381.171
381.141
380.616
383.282
382.348
380.980
381.138
379.503
379.790
381.786
382.718
383.036
382.139
382.956
381.194
380.630
380.243
381.602
381.385
380.847
380.752
381.357
380.136
380.323
382.515
379.092
381.218
381.396
381.409
381.343
380.683
380.682
379.293
382.328
380.737
380.702
379.913
382.414
380.717
380.844
379.030
378.004
381.716
379.663
378.927
379.611
380.353
381.339
381.311
383.334
379.927
383.770
382.162
380.829
382.567
378.314
378.998
379.359
378.693
380.323
381.042
382.263
381.056
380.052
381.448
380.585
381.642
381.923
379.937
382.796
381.720
383.809
382.303
378.830
379.397
380.756
379.741
381.254
380.784
381.114
382.117
382.154
380.905
380.481
379.564
382.307
380.261
381.050
381.471
382.538
381.063
380.946
382.618
382.835
380.209
381.723
382.171
381.163
381.092
379.207
379.112
381.011
380.159
381.251
381.524
380.103
381.500
381.901
380.554
381.118
380.036
381.034
383.781
381.171
380.830
381.490
379.622
382.689
379.509
379.051
380.299
382.103
382.121
381.405
380.471
381.683
381.274
379.002
379.970
381.444
379.886
380.108
379.000
379.787
381.027
380.417
381.257
381.153
381.760
381.265
380.906
379.933
382.335
381.899
378.554
380.170
379.936
381.832
381.246
382.588
382.818
381.317
383.114
382.587
381.544
381.304
380.612
380.192
379.421
377.882
380.154
380.841
381.377
381.114
381.481
380.512
381.261
381.068
380.546
380.900
379.085
381.005
380.335
382.281
380.791
383.028
380.856
380.831
379.765
379.364
381.319
380.495
381.159
381.652
381.587
381.207
380.837
383.564
381.981
380.261
382.424
383.698
381.717
380.914
380.747
381.178
382.183
383.421
380.102
382.135
381.918
381.168
382.065
380.642
381.408
380.607
380.711
379.966
381.010
380.876
381.322
379.898
379.180
381.196
383.069
381.151
378.667
382.513
379.932
381.513
380.765
382.433
380.577
380.113
382.641
380.432
380.268
382.072
383.638
382.094
383.686
383.092
382.831
381.810
380.116
381.979
380.857
382.489
381.302
381.038
383.006
382.391
381.780
381.508
382.040
382.528
381.288
380.333
381.041
380.387
380.222
381.788
381.244
381.660
380.133
378.845
381.113
383.189
382.114
381.411
382.244
382.468
380.234
381.631
380.356
380.647
381.527
381.442
379.502
379.656
379.995
379.206
381.488
382.686
380.755
382.624
381.974
382.044
383.384
381.574
381.781
380.651
380.890
382.310
381.247
381.132
383.727
380.635
380.103
380.948
380.382
382.087
380.941
382.403
382.020
381.798
378.820
380.773
379.449
380.420
380.449
381.369
378.453
379.407
379.871
380.777
382.382
381.816
382.186
380.645
378.955
381.832
380.232
380.789
382.845
383.314
380.495
383.052
381.262
381.061
381.375
381.198
382.243
381.331
382.219
382.117
382.884
383.592
381.351
382.035
379.889
379.657
380.535
380.495
382.092
382.201
379.501
381.438
380.532
380.196
378.704
380.246
380.161
380.970
383.071
382.239
378.517
379.843
380.426
379.106
379.248
381.014
380.603
381.021
380.475
380.438
380.968
382.116
380.911
382.338
380.747
381.339
379.820
378.258
378.485
378.979
380.025
379.261
381.800
379.756
380.640
381.319
382.337
379.326
380.383
379.665
379.347
381.008
382.531
380.582
381.076
383.280
380.220
380.959
379.717
380.571
379.932
381.334
379.908
379.651
380.996
380.989
381.311
380.109
382.387
381.135
381.029
381.845
381.146
380.910
382.100
381.634
381.085
380.883
381.029
380.252
379.977
378.517
379.998
381.609
381.232
381.961
379.915
382.943
382.575
380.957
381.540
381.671
380.875
380.205
381.091
379.864
380.329
379.300
381.862
382.218
383.878
382.769
380.675
379.750
382.040
379.946
379.993
379.188
383.317
380.826
381.382
378.992
379.210
378.652
380.399
380.817
379.625
379.456
381.007
380.614
380.875
380.368
381.760
381.379
381.995
380.537
380.003
382.155
381.053
380.908
381.357
381.257
382.709
381.761
379.612
380.937
379.167
380.065
380.376
379.299
380.191
379.776
379.774
380.543
380.867
381.474
382.793
383.619
382.375
384.390
381.590
382.773
381.897
383.198
381.501
380.797
381.037
381.800
380.650
381.968
380.937
381.395
380.389
381.225
378.899
380.736
383.596
382.880
379.928
380.040
381.619
380.127
381.016
381.028
379.838
381.315
381.624
382.777
380.426
380.526
381.688
380.608
381.668
378.460
382.680
381.746
380.586
381.875
381.493
380.915
382.332
382.624
381.378
382.495
381.755
380.614
382.500
380.970
382.474
381.829
379.540
381.990
379.854
382.010
380.704
381.796
382.181
381.838
380.801
380.784
380.106
382.009
382.191
381.854
381.270
381.840
379.763
380.319
381.297
382.537
382.755
380.014
382.506
379.923
380.073
380.819
381.471
381.548
383.833
381.800
383.544
381.536
382.359
381.467
380.605
381.489
381.877
380.503
379.150
382.131
382.259
379.385
380.452
380.848
381.519
380.458
380.523
381.410
382.627
380.103
380.713
381.115
381.180
380.886
380.724
381.564
382.496
381.638
380.378
381.506
381.441
380.094
381.171
381.912
381.715
382.353
381.845
379.333
379.996
380.535
381.744
381.878
382.716
382.540
382.464
381.108
381.414
383.216
381.199
382.593
381.033
381.562
380.615
381.729
380.500
382.410
381.254
382.557
380.635
382.962
382.388
380.993
381.362
382.647
381.395
382.224
379.030
379.191
379.326
382.217
379.697
383.455
380.486
381.939
380.244
381.597
381.571
382.007
379.656
381.102
384.462
382.806
382.202
380.825
380.945
379.331
379.114
379.140
382.088
380.678
381.337
379.392
380.866
380.632
379.799
380.293
382.070
380.240
381.192
382.031
381.384
381.564
379.672
379.331
381.394
381.471
381.348
380.626
383.098
382.059
381.630
381.596
382.100
380.662
381.410
381.608
382.256
382.709
381.558
382.097
383.106
381.091
380.599
381.954
381.765
379.282
380.540
381.907
381.050
380.333
380.068
380.325
379.172
380.294
380.958
382.674
380.770
380.226
380.742
379.586
380.470
382.524
383.415
381.405
383.410
380.724
380.232
382.131
382.183
381.148
380.299
378.644
382.423
381.963
379.835
380.620
381.128
378.470
381.392
380.973
380.474
381.491
382.484
379.531
380.891
381.699
379.574
382.073
380.289
381.097
380.757
382.130
380.545
382.293
381.805
380.419
381.300
381.527
379.489
381.221
380.511
382.557
381.779
382.970
380.098
380.682
380.136
381.414
381.353
379.413
379.724
382.334
381.590
380.868
380.259
380.750
378.916
380.869
380.559
382.429
379.975
384.986
382.681
380.957
382.090
380.049
380.215
380.059
380.818
382.810
381.693
381.875
380.794
381.113
381.093
381.038
379.030
378.579
382.065
381.277
379.478
382.237
381.474
380.772
380.109
382.563
381.953
380.958
381.783
380.150
381.986
381.075
379.023
381.961
381.235
381.784
381.536
380.938
382.393
380.859
381.628
381.123
380.674
381.854
379.467
380.027
381.412
380.910
381.533
381.698
379.127
380.182
379.963
380.086
380.401
378.566
380.196
382.688
380.072
380.189
383.351
380.697
379.943
380.013
379.016
379.148
382.699
382.104
379.619
379.358
379.617
380.526
380.386
382.238
380.862
381.111
380.492
379.466
380.415
380.317
380.684
381.251
382.753
381.133
379.874
380.430
380.173
380.928
380.758
382.543
382.977
383.103
383.136
380.983
379.383
379.456
380.461
380.032
379.554
380.560
381.469
381.598
382.679
383.304
380.428
381.584
383.552
381.428
380.264
380.965
381.594
381.475
381.843
381.841
381.985
381.158
381.945
379.879
380.475
381.379
382.905
381.764
383.135
382.161
381.217
381.878
382.342
383.484
383.099
379.900
381.313
382.455
381.605
381.758
381.488
381.758
381.347
380.267
379.621
380.352
381.789
381.888
382.130
383.881
380.412
381.097
381.338
380.167
380.659
381.709
381.622
381.746
380.238
380.865
381.370
380.748
381.216
379.855
383.089
382.383
381.169
380.259
379.088
380.039
380.864
381.272
380.463
382.235
381.504
382.581
381.474
381.427
380.852
380.553
379.993
382.176
383.359
382.647
380.841
381.579
380.664
382.913
380.724
380.732
383.940
382.035
381.794
381.813
381.720
380.845
380.292
380.503
379.415
382.136
379.931
379.637
378.966
378.907
380.078
381.855
383.678
378.632
381.418
381.789
381.540
381.970
380.332
380.004
381.224
380.450
380.617
381.572
380.281
381.582
379.207
380.627
381.189
380.204
381.864
381.361
381.471
378.492
379.790
379.235
379.833
379.933
380.821
379.771
383.300
381.499
380.551
381.842
379.320
381.855
381.526
382.876
380.723
379.033
379.903
379.792
379.145
381.652
380.878
380.417
379.658
381.109
380.119
380.813
381.062
379.820
381.219
382.793
382.939
380.657
381.366
383.987
380.223
383.327
381.747
381.825
380.704
381.001
381.162
380.056
380.884
382.774
382.431
381.870
380.151
380.070
381.411
382.178
382.108
382.629
383.199
379.922
382.354
381.277
381.850
380.500
380.623
379.993
381.764
379.560
379.896
377.686
382.519
381.300
381.424
381.288
381.495
380.675
379.818
380.615
383.226
382.417
382.381
381.217
381.081
380.147
381.629
380.216
381.833
380.283
382.809
381.012
379.500
380.649
383.479
380.901
381.262
381.267
382.686
382.833
382.649
383.570
382.533
382.455
382.496
381.449
380.889
379.630
380.961
381.169
383.466
381.944
383.913
382.271
381.944
383.440
383.450
382.178
382.440
381.533
382.276
379.101
381.690
379.974
380.147
381.143
382.460
380.688
380.292
380.506
379.184
380.892
381.712
381.155
381.714
381.582
380.983
383.421
380.960
381.596
381.854
381.907
380.215
379.686
381.564
382.656
381.509
381.394
381.364
382.348
384.600
382.296
382.609
382.029
381.777
382.791
383.902
383.711
381.679
381.477
380.599
381.355
380.655
381.215
382.485
379.572
380.097
380.798
379.844
381.428
380.512
381.921
383.141
381.137
381.553
381.190
380.596
381.666
381.130
381.187
381.963
379.568
380.912
381.123
380.500
378.507
380.922
381.485
380.845
381.201
381.321
381.407
381.056
382.577
380.593
382.268
379.610
379.886
378.651
379.588
381.114
380.637
380.638
381.757
381.287
381.081
380.834
380.572
380.668
381.388
381.601
381.694
380.897
381.910
379.363
379.851
380.178
379.107
381.662
379.798
381.530
382.087
382.051
380.783
380.984
381.049
380.363
381.132
381.538
381.798
382.409
382.249
382.834
382.173
382.950
379.948
381.468
380.842
381.702
382.173
381.614
382.247
381.347
383.160
381.889
381.476
380.721
380.395
382.870
381.536
381.419
381.606
381.627
379.654
380.711
380.542
379.057
379.965
381.151
381.242
382.857
381.687
381.523
380.496
381.063
379.908
382.677
382.903
378.760
378.711
382.716
382.730
380.209
380.880
379.989
381.854
382.040
382.184
382.252
382.574
381.720
381.636
381.045
382.901
380.663
381.210
382.139
381.796
380.070
382.121
380.534
381.158
383.202
380.468
381.161
380.873
381.764
381.045
381.223
380.507
381.461
382.730
381.678
382.005
383.589
381.947
379.714
381.105
381.050
383.586
381.927
380.945
381.831
381.558
379.613
381.010
379.401
381.251
381.302
381.086
380.869
383.202
381.565
383.097
380.813
380.551
381.679
381.847
380.635
381.202
380.789
380.645
381.063
381.829
382.528
378.816
380.918
381.609
380.413
378.776
379.125
381.009
380.793
380.733
381.774
382.206
381.369
380.447
379.616
380.322
381.139
379.473
379.854
380.580
383.153
381.472
380.067
380.116
378.464
381.720
381.693
382.161
380.288
380.586
381.390
381.386
380.831
379.495
380.323
381.805
382.692
380.658
380.278
380.692
382.420
381.649
379.467
380.666
379.754
379.607
380.687
380.376
381.040
381.577
380.097
379.455
381.412
382.333
381.300
379.471
380.336
379.890
380.904
380.184
381.354
381.120
380.504
380.593
380.272
381.175
381.446
379.446
380.411
380.831
378.689
379.847
381.328
381.796
382.242
381.202
379.838
381.692
380.140
381.160
379.161
379.489
381.979
381.041
384.055
381.035
380.881
381.984
381.629
379.634
380.166
382.318
381.776
379.995
380.490
380.373
380.769
378.021
381.781
381.703
381.628
379.165
380.490
382.646
381.180
382.071
381.106
378.767
379.542
380.753
382.515
381.817
379.054
380.500
380.407
379.877
383.311
383.180
381.005
380.506
381.219
381.596
380.915
380.623
381.271
378.204
382.211
380.495
380.162
379.926
380.081
379.248
379.699
380.650
379.263
380.560
381.760
381.775
382.151
380.269
380.521
380.970
379.158
381.627
380.624
379.935
380.299
379.639
380.586
380.504
381.152
380.943
380.852
380.500
380.764
379.995
381.629
380.065
381.099
381.953
381.812
381.671
383.976
381.672
382.187
382.538
381.165
380.153
380.062
381.832
382.279
381.351
381.937
380.739
381.745
381.348
383.525
383.267
379.786
379.751
381.003
380.431
382.469
380.331
379.905
379.845
381.685
380.571
380.106
382.176
379.612
381.274
378.777
380.420
380.562
380.466
380.629
380.788
380.295
381.996
377.977
381.773
382.539
381.750
380.865
380.640
380.571
380.729
381.623
379.367
382.606
381.647
380.010
379.786
379.936
379.446
380.362
380.987
381.653
382.329
382.707
380.358
381.359
381.113
378.889
381.341
379.940
380.717
382.321
381.295
380.010
381.599
379.297
382.344
380.771
381.386
381.576
382.115
380.953
381.372
380.198
380.970
379.960
380.584
380.009
380.622
381.021
381.348
382.445
379.705
380.498
382.390
379.711
380.773
380.902
380.399
379.575
381.205
379.793
381.175
382.232
381.462
378.979
379.229
379.290
380.649
381.610
379.761
379.699
380.713
380.532
380.066
381.536
381.118
382.415
383.075
381.930
381.930
382.004
382.355
382.102
382.789
383.616
383.232
382.489
381.802
382.564
380.636
380.325
381.654
380.961
382.114
381.054
382.030
381.102
382.217
380.293
382.472
380.993
380.738
379.813
380.581
379.586
382.582
381.574
381.479
382.348
384.001
384.738
384.735
383.388
383.057
381.784
380.600
382.465
382.594
383.120
382.762
383.645
383.076
381.166
379.671
380.127
381.852
381.019
380.053
380.449
380.812
379.973
381.861
384.576
381.220
381.612
382.170
381.653
380.594
380.492
380.658
380.394
381.802
383.627
381.045
381.423
379.805
379.847
380.158
381.908
380.962
382.637
379.864
380.320
379.395
381.749
381.720
382.150
381.110
382.364
382.767
383.031
381.003
380.487
381.853
381.453
378.647
379.421
379.514
380.966
382.169
379.542
380.899
380.152
381.858
380.049
381.506
382.102
381.194
382.677
381.661
382.973
381.906
382.065
380.683
382.434
380.512
381.237
379.829
381.096
382.003
380.861
382.175
380.036
381.534
378.904
381.087
380.982
381.197
382.275
380.500
382.274
380.792
381.420
381.533
380.914
380.985
380.891
381.048
382.314
380.588
379.721
382.226
381.821
381.442
380.790
381.022
380.303
381.738
381.808
382.904
382.650
382.334
379.288
380.180
382.685
382.093
382.320
379.442
380.508
381.736
382.181
385.140
380.890
383.311
381.830
379.962
382.196
381.566
381.687
381.050
382.571
382.841
381.181
380.545
380.916
382.744
382.179
382.511
382.264
381.631
381.547
383.132
382.969
382.031
381.711
381.022
380.953
380.382
381.347
382.432
381.402
382.162
383.629
380.006
381.783
381.676
380.039
381.522
382.268
380.650
383.377
382.130
382.097
382.594
380.788
381.146
380.163
381.691
380.029
382.188
381.464
380.069
381.653
379.101
381.218
381.035
382.303
380.671
381.044
381.935
379.334
384.358
380.558
380.594
381.036
381.504
381.390
381.239
380.340
382.030
380.969
379.387
381.697
380.130
380.099
380.431
381.068
380.780
381.151
379.650
381.665
381.414
380.597
381.326
382.109
381.509
380.985
381.701
378.907
379.992
381.887
381.820
379.548
379.560
380.014
379.721
380.485
381.565
383.826
380.240
381.154
379.766
379.667
380.960
382.729
382.648
381.308
381.251
381.380
383.853
382.559
382.830
382.646
381.222
382.117
381.135
380.947
381.224
380.572
381.144
380.155
380.614
381.161
379.432
381.742
380.774
381.872
381.504
381.751
381.219
381.912
379.928
379.781
380.565
382.164
382.365
380.122
382.949
381.724
381.097
382.162
382.401
381.634
381.029
381.102
380.359
380.543
381.565
379.819
381.621
381.192
382.226
381.551
380.577
379.632
380.656
380.903
381.622
381.622
381.662
380.451
384.937
381.383
380.593
382.089
381.269
380.173
380.322
380.903
380.451
381.798
380.584
382.456
379.899
381.647
383.137
381.507
380.367
382.053
381.407
381.447
383.889
383.338
381.422
381.684
382.547
381.519
381.999
383.017
383.341
381.222
381.980
382.625
383.000
381.848
382.099
382.236
382.663
380.136
383.162
382.518
384.253
384.165
383.951
380.986
382.400
381.693
380.575
380.977
379.503
381.362
384.316
382.673
382.751
382.577
382.122
381.826
381.401
382.688
384.055
382.584
380.480
379.434
381.083
380.708
381.222
382.155
382.671
379.894
380.312
381.619
381.355
381.850
381.553
382.167
380.060
382.029
381.252
379.213
380.941
382.147
381.437
381.639
381.621
381.338
382.525
382.149
381.690
382.275
381.318
381.067
381.251
382.414
383.540
381.155
381.756
382.389
380.215
380.548
381.547
381.435
383.322
383.255
380.763
379.466
380.354
379.881
380.965
379.201
381.663
382.961
381.398
379.682
379.342
380.055
379.415
379.921
381.133
381.128
383.381
383.249
381.583
378.974
379.478
380.491
380.639
382.631
382.272
381.082
383.377
382.297
383.253
381.859
382.038
379.712
381.201
382.365
383.302
380.732
380.021
381.904
380.753
383.105
382.390
383.691
380.928
380.560
382.388
382.150
381.236
381.462
382.409
381.328
381.603
382.678
381.591
380.872
380.570
380.820
381.380
382.064
381.074
380.669
379.870
380.850
383.638
381.778
381.425
380.803
381.015
382.924
380.532
379.717
381.174
377.508
380.143
380.129
381.354
380.716
380.908
383.095
381.116
381.218
381.243
378.323
380.068
379.627
382.726
381.418
383.117
382.161
380.875
381.128
380.335
379.410
380.532
381.872
382.243
382.049
379.695
380.429
381.506
380.655
381.492
380.286
382.076
379.412
382.421
382.405
381.346
381.085
381.368
380.960
381.422
381.346
383.542
380.838
382.837
382.319
379.734
380.607
380.055
381.182
380.513
381.382
380.190
380.643
381.209
381.561
380.096
380.464
381.804
382.777
380.344
380.808
379.723
381.084
381.770
380.797
380.039
380.022
381.981
380.540
381.108
380.796
380.118
380.447
381.710
380.629
382.499
380.653
383.263
382.791
381.037
382.010
381.114
380.372
381.786
381.278
379.109
379.933
381.908
380.176
380.197
380.744
381.428
380.580
380.309
381.222
381.489
381.707
380.903
382.828
380.380
380.712
378.734
379.023
378.170
380.471
381.040
382.229
380.583
379.645
382.148
381.694
378.932
380.119
381.465
380.638
381.808
380.191
381.918
381.680
380.677
380.166
381.457
380.268
381.212
381.256
381.251
381.460
382.931
380.881
382.338
380.652
381.171
381.024
380.195
378.942
381.221
381.011
380.911
381.752
380.373
380.107
381.081
379.555
379.793
381.078
379.336
381.540
381.242
379.589
380.966
380.013
380.637
379.193
380.716
382.268
382.841
379.850
382.002
379.823
379.286
380.114
378.494
378.635
381.185
381.512
379.824
379.530
380.135
379.829
381.552
380.854
378.941
379.937
380.669
381.397
380.820
381.033
381.961
381.469
380.819
380.001
383.472
381.007
380.367
380.849
381.754
382.383
380.576
380.937
381.666
381.465
381.686
380.725
380.340
380.620
379.990
379.910
381.005
379.680
379.610
379.864
381.038
378.394
381.207
379.306
380.639
381.048
382.368
381.215
380.522
381.062
379.326
379.517
380.632
379.274
380.800
380.392
381.044
382.276
383.116
380.478
380.877
381.287
380.801
380.048
381.634
382.473
379.525
381.721
381.406
379.796
380.788
381.689
380.773
382.719
380.523
382.198
381.388
380.407
379.316
379.976
382.947
380.093
379.509
380.374
379.053
379.355
381.049
382.113
382.329
382.573
382.452
382.837
381.991
379.582
380.874
380.732
382.966
381.317
381.702
381.245
380.825
381.282
379.919
379.517
379.582
380.357
380.956
380.793
381.221
380.536
380.528
380.135
379.996
380.022
381.989
382.881
383.105
381.177
379.734
379.442
382.003
382.885
382.378
382.599
379.207
382.208
380.366
379.750
380.768
381.287
379.083
380.953
379.998
383.768
383.949
379.776
380.228
380.959
382.096
378.083
380.819
380.472
380.175
380.098
378.452
379.553
381.729
379.629
381.386
380.422
381.372
382.312
383.151
380.918
382.606
381.760
382.076
380.080
381.334
379.969
381.710
380.690
381.139
379.539
379.522
379.393
379.586
379.757
379.501
380.096
380.603
379.833
381.881
381.275
382.392
380.511
381.031
380.790
379.351
379.291
379.101
380.666
378.638
379.139
378.976
380.147
380.518
380.501
379.463
381.532
380.462
379.869
382.227
381.674
382.514
381.870
380.595
381.564
380.984
377.971
382.275
379.285
380.742
380.564
380.920
382.470
380.659
380.931
379.217
379.677
378.625
381.993
380.703
383.383
380.282
382.495
382.619
381.952
381.654
379.401
381.557
381.461
381.927
381.099
382.115
379.684
380.483
379.473
380.036
378.727
380.556
379.207
381.468
381.638
381.486
380.593
382.727
381.463
380.492
380.278
380.444
380.876
378.266
379.107
380.745
381.300
380.640
380.689
381.172
382.521
378.357
379.949
380.032
379.275
377.803
381.133
379.954
381.522
382.651
382.606
379.506
382.893
381.588
381.064
380.601
380.665
379.603
380.007
380.852
382.001
377.828
380.535
380.528
381.950
381.583
380.305
382.745
384.720
384.673
381.198
381.015
379.850
380.453
382.134
379.939
379.678
379.152
379.133
380.893
381.356
381.660
382.429
381.132
382.850
381.927
382.742
382.034
380.411
380.069
379.158
379.997
382.144
380.757
379.928
379.045
379.209
380.219
381.689
380.958
381.362
380.046
380.776
379.240
380.743
381.299
381.181
381.451
381.329
380.058
380.597
381.688
382.650
381.825
382.477
379.831
380.690
382.197
382.397
381.817
380.532
380.938
381.962
382.945
382.461
380.944
382.027
381.638
381.724
378.432
381.297
381.112
380.885
383.066
382.413
379.338
377.293
380.137
379.963
378.710
382.314
380.820
380.108
380.153
379.998
382.057
381.431
383.103
380.924
380.834
382.025
379.709
381.156
381.159
379.723
381.635
379.491
380.713
380.585
379.318
378.919
379.910
379.816
382.225
380.492
380.908
379.586
378.715
381.685
382.280
379.851
381.112
380.142
379.228
380.413
381.140
381.785
382.208
381.830
381.656
381.070
380.776
379.317
378.987
380.630
381.791
381.853
382.243
381.947
380.850
379.953
381.532
379.855
380.568
380.202
380.305
380.332
380.719
381.499
381.367
379.778
380.272
381.629
382.556
381.646
381.322
382.010
381.812
381.898
379.074
380.094
380.459
377.457
380.384
381.036
379.115
379.366
381.334
381.792
383.962
381.879
382.581
381.305
381.194
379.904
380.112
379.779
379.329
380.420
380.236
380.973
380.816
380.096
381.242
378.196
380.779
378.309
380.570
378.757
378.838
381.415
381.430
381.235
380.463
381.126
381.372
379.390
380.382
382.629
380.361
382.055
380.831
381.382
380.066
382.548
382.036
382.878
380.582
381.351
380.114
382.218
379.913
381.049
383.565
382.783
383.286
381.075
381.010
381.732
380.122
379.536
381.439
381.406
381.216
379.366
380.729
