470.819
475.232
472.776
475.526
479.246
476.130
477.703
480.531
472.209
474.689
475.280
473.061
471.185
466.851
469.234
466.836
469.764
471.709
474.661
472.800
470.661
464.574
465.785
466.474
468.540
467.075
465.959
466.250
464.169
464.069
459.042
461.313
465.404
463.167
458.752
462.892
459.426
461.319
456.984
455.055
457.051
458.855
459.689
458.996
462.976
465.801
466.021
461.589
460.727
461.360
464.367
464.480
462.467
467.568
470.744
469.694
465.885
467.899
467.047
462.121
463.478
470.581
469.577
463.805
464.071
465.949
464.256
463.625
465.270
461.995
462.432
464.402
465.225
462.551
464.826
470.681
468.499
472.510
475.107
473.682
476.376
474.767
470.821
470.457
468.351
475.688
472.216
473.174
477.163
479.738
473.655
476.348
474.771
474.805
475.179
472.046
473.444
472.010
474.932
478.341
478.222
473.325
477.133
475.403
476.694
477.810
476.006
475.394
479.911
476.982
477.231
474.683
474.064
467.276
471.561
476.535
476.788
474.227
474.874
473.739
473.066
469.073
467.162
465.541
466.145
468.329
465.300
466.355
468.602
465.008
465.014
461.098
464.199
464.549
464.540
465.370
464.164
463.221
462.965
464.663
468.710
470.929
471.365
475.216
472.925
470.293
471.737
469.584
469.945
467.373
466.930
467.246
465.632
458.437
463.967
465.161
462.363
461.580
457.326
459.984
463.905
462.908
461.063
468.466
466.121
466.198
467.440
467.482
463.671
462.756
458.933
462.819
465.824
464.878
462.841
466.789
468.351
473.545
474.660
475.425
474.232
474.215
474.863
471.423
471.895
470.362
469.315
469.715
472.253
473.171
472.197
473.848
469.281
469.651
472.721
473.055
473.797
470.880
472.793
478.295
473.301
473.072
478.128
477.556
471.442
472.375
473.354
474.748
476.821
478.130
477.947
479.726
473.897
472.435
468.238
464.721
465.889
462.150
461.823
460.844
461.329
458.485
462.498
463.460
465.707
467.931
467.050
465.661
463.955
462.960
458.639
460.698
458.871
462.992
459.879
455.727
454.594
455.308
451.601
452.117
449.052
450.541
449.035
449.998
449.958
453.004
451.876
453.172
452.764
453.611
450.143
452.153
449.008
450.460
449.428
449.207
449.710
449.228
448.631
454.642
454.799
458.160
452.782
451.475
449.348
454.022
451.723
449.944
449.708
449.259
456.652
456.146
452.693
455.133
454.122
455.493
451.508
451.846
451.760
451.873
451.910
450.994
451.648
451.886
449.385
450.538
449.374
451.185
448.930
451.686
448.754
449.612
452.179
450.768
445.302
447.673
451.999
451.861
453.113
456.429
461.135
456.544
462.573
461.264
464.687
461.890
460.489
460.761
457.497
460.699
459.975
463.155
462.016
462.126
463.772
466.357
466.090
463.071
464.736
467.461
462.509
462.208
457.124
457.292
457.379
454.517
459.044
460.731
456.033
457.702
461.782
458.321
457.844
461.735
460.782
453.617
452.432
455.678
458.988
455.022
452.437
449.417
453.541
452.887
450.841
451.667
449.635
456.563
451.877
452.297
449.807
450.433
444.756
447.605
448.337
449.990
451.007
452.933
451.960
451.888
452.759
450.623
452.627
454.853
454.195
457.333
457.793
453.133
452.224
455.206
454.713
455.532
453.098
457.205
456.725
452.693
449.837
454.080
454.403
458.701
460.503
459.318
455.927
456.448
457.704
455.419
460.936
460.225
463.091
462.734
461.060
460.404
461.439
464.348
462.273
464.541
461.791
463.604
461.998
461.169
463.411
461.715
462.747
463.544
464.702
461.010
460.161
458.684
462.908
465.980
457.394
454.478
452.641
450.642
452.465
452.911
453.604
453.397
454.785
452.716
451.141
462.625
462.118
462.952
459.717
459.637
459.094
458.846
459.521
459.084
458.686
456.504
459.683
460.742
456.130
458.055
461.792
456.481
457.855
456.564
453.329
455.316
461.170
463.134
465.144
465.926
469.108
463.907
462.572
464.866
466.152
468.001
468.408
469.002
468.738
468.833
470.018
470.737
471.806
471.877
470.550
469.321
467.198
465.509
468.949
466.821
465.788
466.764
466.899
465.334
468.487
474.142
468.573
464.591
463.841
464.033
465.753
459.119
464.373
465.846
463.202
461.433
463.179
464.955
464.339
465.752
465.132
460.800
461.509
463.869
471.237
467.789
467.049
457.298
463.398
470.542
469.042
462.444
463.937
461.789
461.169
461.518
456.106
464.429
466.219
467.690
465.729
460.591
462.142
460.609
460.509
463.819
462.894
460.791
460.918
461.572
461.411
458.204
459.604
458.731
461.855
467.057
464.648
469.354
468.665
468.132
468.644
464.135
467.747
470.463
466.869
463.518
468.197
464.630
464.586
466.253
459.613
466.185
465.194
466.043
463.043
458.611
460.375
461.873
464.165
462.821
463.740
462.469
459.930
459.743
456.976
460.771
459.776
457.558
459.270
454.753
451.172
458.967
456.315
455.910
460.932
460.095
460.405
460.815
459.706
460.068
461.457
461.164
464.998
459.753
463.875
462.403
461.339
459.890
459.793
462.049
467.429
464.959
463.094
468.113
468.654
468.745
473.658
472.834
472.640
474.640
474.361
476.828
472.585
475.908
473.723
473.139
468.613
466.496
472.102
471.410
476.056
475.248
476.198
470.082
469.536
471.769
476.649
472.574
468.958
470.686
474.355
474.048
474.197
470.716
468.736
466.562
465.453
463.804
461.832
459.362
460.523
461.008
461.538
463.333
460.247
460.212
460.684
467.344
460.613
461.676
462.377
463.164
465.058
463.185
465.009
464.896
460.752
454.874
455.803
463.007
460.007
459.572
460.613
462.258
464.766
467.297
466.733
467.658
466.945
461.587
459.744
458.220
457.357
460.190
457.751
459.445
460.799
457.447
460.523
462.164
465.038
466.080
462.145
463.868
463.802
463.784
460.272
458.367
455.987
454.283
448.153
452.551
453.371
455.974
456.285
459.085
457.951
458.322
461.154
462.948
453.111
457.916
455.585
458.388
455.798
456.416
452.140
448.381
449.894
452.279
452.286
452.142
458.463
456.600
455.736
460.087
459.241
462.253
458.732
459.153
462.308
465.059
467.246
470.156
467.466
466.278
465.033
469.105
466.558
470.280
466.114
466.632
464.653
465.956
471.377
468.458
465.826
466.028
462.862
459.839
459.993
464.472
462.621
466.895
463.799
466.791
465.633
462.192
462.650
463.176
466.874
468.795
469.439
463.728
468.864
465.202
465.682
472.222
473.259
473.644
469.829
466.873
472.254
474.803
473.922
475.490
478.913
474.591
475.441
473.080
469.729
469.126
469.172
471.393
467.360
467.658
474.044
474.677
474.655
478.084
475.745
476.782
470.737
472.069
476.470
473.762
474.401
471.369
470.512
465.407
467.052
465.278
469.533
464.316
467.232
471.283
464.867
468.719
466.164
463.734
460.036
460.936
457.544
460.988
461.251
459.968
459.490
463.465
463.047
462.755
462.343
456.738
458.922
464.509
465.595
469.588
469.932
468.921
472.830
471.963
466.713
465.519
460.940
461.794
462.749
466.559
468.723
470.530
467.767
470.679
472.214
476.692
473.631
473.919
471.312
469.343
468.087
465.284
465.827
469.712
468.159
470.252
472.177
475.853
478.977
477.376
478.318
474.925
475.280
473.468
477.387
475.569
472.393
473.789
474.440
474.177
473.343
476.156
470.481
469.895
464.928
464.325
463.824
465.976
467.373
466.201
464.708
460.753
461.294
459.144
460.307
462.732
462.078
463.463
466.667
466.046
468.038
460.627
465.202
464.042
460.116
460.602
460.143
462.067
461.351
463.421
461.846
458.102
457.836
463.270
458.461
464.091
464.629
458.038
463.740
464.687
462.354
466.439
467.305
466.724
463.646
459.767
460.390
461.164
461.864
464.487
469.729
469.241
466.655
464.844
467.680
467.892
467.108
464.819
463.958
464.972
463.431
464.751
470.255
471.769
467.740
470.427
467.256
468.593
473.940
474.842
467.711
473.541
470.486
470.813
472.711
470.352
468.236
467.654
464.828
462.974
467.024
465.657
467.097
467.544
463.316
461.563
466.648
463.931
464.101
466.752
467.800
467.247
468.573
463.131
464.462
469.356
469.009
473.585
469.824
474.304
471.722
475.134
479.194
477.205
476.492
474.957
475.829
479.409
478.189
476.706
476.727
476.044
472.036
470.332
477.406
473.148
472.757
473.305
473.775
476.501
473.584
471.347
471.279
470.467
468.935
466.844
466.593
462.579
462.270
461.838
460.615
457.692
456.754
456.071
455.477
453.333
456.471
456.408
458.662
454.281
453.493
454.301
453.875
455.889
460.474
460.071
457.875
461.943
464.348
462.629
456.514
455.935
459.488
458.148
457.880
457.191
461.442
462.942
461.401
462.392
464.134
462.631
464.103
458.896
461.649
460.000
462.424
459.098
457.737
456.878
460.760
459.840
458.978
457.138
459.948
459.985
456.087
461.676
463.843
461.536
458.704
459.673
457.025
460.139
461.858
458.404
457.216
452.935
453.013
453.178
452.540
449.235
449.286
451.669
452.591
455.055
451.972
454.874
454.561
450.664
453.418
458.509
454.937
455.044
456.881
458.639
457.693
458.721
455.766
455.273
455.494
451.495
453.160
449.121
445.059
447.295
449.536
451.849
453.626
450.580
451.950
448.993
453.883
455.788
451.723
455.146
455.380
457.558
458.545
458.154
461.612
461.808
465.277
462.161
458.946
461.375
457.822
463.753
463.830
464.645
456.529
456.241
455.359
456.927
457.118
455.852
458.162
460.795
457.842
453.130
454.188
453.475
455.591
457.090
456.239
455.823
455.223
456.054
457.097
453.765
456.613
455.664
456.994
451.411
456.277
455.456
455.228
455.150
456.897
456.204
452.450
452.455
453.976
451.478
457.285
459.896
460.706
459.675
461.958
464.318
458.254
457.566
456.675
460.451
462.718
459.388
461.683
462.074
459.025
457.596
454.300
456.381
457.038
456.208
457.658
457.259
461.121
461.887
456.700
454.856
455.335
459.839
462.172
465.121
467.539
465.599
465.673
463.893
459.850
453.992
459.570
459.403
458.682
458.482
461.904
458.715
458.682
459.398
459.355
458.657
458.164
456.512
455.912
459.534
456.740
457.519
464.161
463.198
465.393
459.185
459.693
458.730
462.822
460.371
462.642
464.577
468.134
464.913
468.266
465.426
467.206
469.578
467.195
459.969
463.194
460.339
457.766
455.849
460.303
462.826
463.607
456.975
457.923
461.495
463.169
466.368
465.466
468.409
463.345
464.230
462.152
463.587
461.728
455.629
456.583
460.113
457.429
458.442
458.891
455.854
458.130
461.535
460.052
464.618
467.673
466.454
465.509
471.085
469.884
462.476
461.920
464.168
462.949
465.434
461.695
462.332
463.537
468.557
466.564
468.184
468.859
471.323
471.887
465.010
467.287
466.579
469.086
466.463
465.401
466.178
465.125
463.298
464.100
463.193
463.236
462.203
465.291
466.491
463.703
462.683
460.545
460.678
459.202
460.591
462.852
460.023
463.296
463.580
464.670
465.924
461.328
458.171
460.048
459.447
463.873
461.023
462.756
469.219
468.898
470.442
466.388
467.741
470.041
464.137
463.396
463.213
464.367
467.730
465.293
460.972
465.256
462.275
459.077
461.180
461.873
458.676
458.253
462.488
460.399
459.541
459.901
460.751
461.527
465.643
465.061
463.494
461.509
460.789
462.606
463.751
461.023
461.911
458.426
465.373
465.632
463.505
458.531
458.666
459.540
462.790
461.453
466.043
466.895
463.758
458.930
457.372
456.570
457.012
457.256
457.735
453.908
455.849
457.884
463.536
455.906
458.329
459.520
459.564
462.079
467.321
467.796
468.229
465.199
464.476
465.923
470.124
468.543
463.608
464.351
461.705
465.233
465.525
461.673
463.629
461.531
460.426
459.590
461.652
460.652
462.069
458.422
461.562
459.501
457.357
461.181
457.751
457.286
454.671
455.338
459.103
459.414
458.152
461.968
462.031
468.296
468.093
466.725
467.145
466.596
461.880
459.209
463.709
461.901
463.126
462.333
461.181
459.108
460.644
463.010
461.161
463.043
463.918
468.459
469.903
466.014
466.128
467.422
465.298
464.567
466.720
462.219
465.950
468.182
465.928
465.626
465.668
466.665
462.997
463.733
467.031
464.561
470.005
471.492
470.330
472.440
471.970
471.998
469.847
470.389
468.197
472.730
471.845
472.525
470.037
471.590
469.227
474.861
471.970
468.584
462.173
469.253
467.679
467.410
464.090
460.318
460.917
462.897
460.297
465.081
457.669
457.131
462.899
457.745
459.099
457.862
458.141
460.490
461.115
460.230
464.544
464.557
466.533
465.205
461.536
460.291
456.533
460.561
460.621
460.060
459.657
462.962
464.150
460.659
457.456
458.628
458.940
457.199
457.788
461.799
460.976
460.146
460.345
461.385
468.131
466.475
460.657
461.230
462.366
467.526
470.060
472.524
470.049
474.551
468.407
469.546
469.654
467.267
467.188
471.041
465.749
466.226
466.675
466.768
464.138
461.689
457.793
458.477
457.202
459.102
460.004
462.435
462.367
463.332
464.906
463.256
462.253
460.762
462.666
465.499
465.597
466.929
467.467
467.704
467.019
466.863
463.865
461.732
461.869
465.854
465.297
467.078
462.673
462.288
466.230
464.194
462.854
465.007
461.308
461.316
453.964
451.400
455.204
460.558
464.171
464.222
462.978
463.835
459.842
462.692
459.881
460.139
456.849
454.564
450.498
456.176
454.443
458.257
455.254
462.470
458.720
457.374
457.670
459.223
464.409
465.133
466.356
462.987
463.593
460.963
455.677
456.085
459.158
461.083
458.746
461.706
458.537
459.257
460.456
460.179
457.349
458.410
457.650
462.381
462.690
461.083
460.493
460.797
457.443
460.861
464.308
462.146
463.529
461.882
464.117
461.304
460.661
458.798
456.613
457.887
457.299
458.450
458.662
459.786
461.813
463.741
457.861
460.491
459.396
459.569
458.448
458.681
459.029
460.245
461.598
462.422
463.461
460.288
463.078
462.302
458.666
459.220
459.856
456.081
454.478
459.766
459.444
453.484
455.668
455.101
456.756
459.016
457.698
461.889
455.788
453.036
455.559
459.568
458.036
456.537
454.521
454.073
460.262
456.430
461.441
463.446
464.564
462.998
465.319
462.003
463.390
464.767
467.108
466.731
462.170
458.444
462.380
456.404
461.251
462.357
458.573
458.320
462.610
465.957
463.698
461.674
462.457
459.721
457.788
462.357
458.670
461.993
463.838
460.518
456.183
459.459
460.023
463.019
464.886
464.580
462.570
464.972
459.272
460.835
463.943
464.019
463.976
467.652
465.009
470.593
467.281
467.870
464.967
467.488
467.116
467.846
463.282
461.546
462.896
463.628
463.797
471.506
464.169
462.263
459.903
457.759
464.111
461.531
458.201
458.422
460.697
462.885
462.926
459.237
458.415
461.313
465.241
463.292
461.623
461.830
468.445
464.935
464.955
459.618
461.855
461.995
463.257
461.228
463.792
464.112
462.125
463.491
468.421
466.724
471.264
465.427
464.740
464.288
463.558
463.085
467.908
465.239
465.012
468.190
464.797
459.941
463.869
463.809
462.578
462.421
458.242
460.939
460.122
461.348
461.348
459.947
455.161
456.937
456.020
459.628
459.666
458.802
456.402
453.120
451.688
452.983
454.668
452.160
451.931
453.325
451.005
447.898
449.386
445.549
447.293
446.389
448.045
447.889
449.788
448.146
446.504
448.690
450.988
449.815
452.600
456.471
455.319
453.994
456.433
456.421
458.464
454.840
450.298
453.292
455.807
454.417
454.312
452.622
453.038
457.800
457.394
453.358
451.995
453.263
457.735
456.807
456.025
459.223
459.269
458.971
457.932
455.648
458.067
463.414
461.680
459.282
462.191
463.818
462.809
461.543
460.422
457.328
458.358
463.583
462.037
461.983
454.946
456.446
460.972
460.706
462.222
459.596
460.303
460.757
461.542
461.265
460.458
464.794
469.827
469.573
464.550
462.776
461.129
457.018
459.270
459.527
457.812
456.747
457.519
458.658
458.815
461.579
463.979
459.516
461.364
462.943
468.372
468.711
465.917
466.657
467.447
464.660
464.255
461.940
461.610
463.516
461.318
459.968
456.541
458.716
458.031
457.384
458.069
456.282
460.331
461.131
461.240
462.308
460.877
463.787
461.872
461.454
463.207
461.750
461.488
462.731
457.440
461.850
464.421
460.864
463.939
464.541
462.666
463.640
460.861
463.906
462.687
464.512
459.654
460.751
460.348
455.183
458.249
456.065
465.110
463.267
461.649
463.545
467.165
463.206
464.893
462.866
467.370
467.107
464.588
463.186
463.272
463.054
467.485
470.408
464.699
464.976
461.253
466.476
464.382
465.150
470.135
471.785
469.413
467.455
462.439
465.802
464.368
458.322
460.629
459.846
459.888
463.215
465.436
463.625
467.194
466.059
468.336
463.904
460.402
461.108
466.763
467.211
468.171
472.141
468.518
465.229
470.100
466.414
467.810
472.432
463.462
465.077
462.267
466.445
468.934
466.314
465.402
471.818
473.156
470.375
468.724
471.336
471.678
468.102
468.285
467.279
468.447
465.701
467.858
472.817
468.775
470.919
461.284
463.624
466.819
466.117
465.792
467.021
469.515
466.562
462.751
467.248
466.927
468.891
469.550
466.247
461.928
461.977
461.454
457.128
453.021
455.605
457.922
458.756
460.628
462.898
462.873
462.149
460.810
456.719
454.688
455.437
452.386
452.968
452.351
453.718
458.276
459.587
457.593
455.531
454.707
458.350
458.255
457.396
453.454
455.910
451.094
448.626
448.902
451.900
448.531
450.212
445.960
452.968
454.303
456.508
458.231
456.535
453.989
455.223
458.626
462.577
461.541
460.876
461.837
464.769
462.125
465.869
462.644
461.598
465.059
459.453
463.646
462.744
462.666
462.626
466.898
464.824
465.255
471.650
467.071
467.400
464.233
464.314
462.753
462.580
463.003
458.099
459.578
459.454
459.764
456.244
458.479
458.361
459.232
464.170
463.855
466.307
467.686
466.115
461.897
459.288
463.556
464.022
457.487
459.747
462.798
464.754
462.095
462.440
463.154
459.005
457.090
462.869
463.700
462.451
458.216
459.697
456.783
460.634
457.953
457.819
452.868
456.590
455.622
453.712
455.258
456.217
455.475
455.458
453.936
454.442
454.731
454.784
457.181
460.727
463.066
462.345
460.596
464.064
462.710
461.424
464.787
466.582
469.521
461.194
463.345
465.275
463.073
466.251
459.550
461.197
461.197
458.161
459.680
464.115
464.682
465.993
462.959
469.153
469.326
469.093
467.518
462.429
463.889
462.354
465.264
462.563
460.661
463.977
464.733
458.805
461.451
458.848
461.193
461.643
461.560
462.990
466.507
467.558
468.539
468.293
470.943
470.183
468.676
468.228
469.194
469.578
473.505
464.892
463.508
464.278
462.311
463.690
459.860
463.881
464.870
466.578
464.961
461.974
460.813
456.801
457.318
459.167
460.530
461.852
464.649
463.412
470.328
462.696
463.498
462.234
462.733
461.443
461.349
459.929
461.386
460.082
460.276
460.666
459.640
460.241
461.586
467.627
463.149
467.151
466.357
467.035
466.710
464.361
459.334
467.165
468.051
468.028
468.115
468.769
467.524
465.707
462.990
468.888
464.693
464.889
469.162
464.517
465.088
468.125
468.435
467.320
468.616
468.500
469.481
470.592
468.342
467.134
467.631
462.186
465.354
463.505
460.842
462.269
463.341
467.485
462.578
463.824
468.794
466.099
465.050
465.798
466.085
463.852
458.447
459.079
461.472
458.224
456.883
453.709
452.392
452.399
455.559
455.395
456.209
456.479
458.501
457.519
463.680
461.134
458.086
459.614
459.341
457.083
462.354
458.483
462.641
463.915
463.614
461.250
460.181
462.840
469.298
467.120
468.701
463.557
461.651
466.414
468.245
466.327
470.190
468.428
474.636
471.631
474.996
471.780
471.831
474.706
477.308
474.119
477.996
471.757
469.506
474.807
470.673
472.839
468.858
475.276
469.526
467.979
470.579
470.798
473.437
476.444
475.943
473.793
472.726
470.139
469.350
467.814
466.373
467.410
465.234
465.084
469.015
469.740
467.794
468.990
467.370
468.096
466.882
465.949
464.829
464.603
466.242
462.173
464.033
461.555
459.970
460.613
465.738
469.536
469.014
474.215
471.412
468.971
462.030
465.656
471.351
468.664
469.164
467.182
464.988
463.002
462.374
460.024
458.133
461.017
458.632
459.420
466.256
464.381
465.338
466.643
469.150
463.924
463.818
461.165
466.567
462.815
457.636
456.547
453.446
460.160
460.395
458.265
456.097
460.442
456.130
457.671
456.645
456.863
456.546
458.414
457.390
458.353
464.750
465.516
462.855
464.216
460.308
459.156
460.533
463.891
465.754
467.850
461.684
464.580
463.986
463.965
464.886
464.348
459.379
462.467
461.604
463.819
463.875
461.411
462.851
464.866
462.719
460.708
460.338
464.380
466.320
467.075
465.205
465.015
462.552
462.895
459.610
461.290
458.505
451.462
449.192
452.865
453.222
456.001
453.453
458.574
460.821
458.827
463.021
463.128
463.541
467.600
466.413
468.031
467.818
463.825
461.332
466.078
467.546
465.692
461.713
465.541
466.300
461.186
458.987
459.232
461.807
465.609
464.127
459.612
463.811
465.982
462.301
463.161
463.028
467.058
464.006
465.974
463.323
461.393
462.921
456.523
458.174
460.481
459.723
463.371
462.899
459.310
461.003
457.312
458.095
463.015
464.551
465.895
466.695
471.832
468.153
466.210
471.037
468.799
467.645
464.563
468.840
471.200
470.356
475.722
472.911
471.065
468.857
467.469
471.030
468.447
464.823
465.303
466.417
464.809
467.228
470.362
471.805
471.939
468.520
467.663
468.011
472.062
470.477
470.838
469.143
470.370
474.292
475.635
474.929
476.156
475.026
477.558
474.410
475.057
476.141
473.437
475.509
472.344
467.821
468.669
469.927
471.846
468.746
464.000
464.616
463.353
462.215
465.287
462.719
461.968
464.964
464.561
465.158
462.958
463.786
469.012
465.071
466.308
469.509
474.516
473.301
471.487
468.990
468.048
465.442
467.421
473.119
474.184
468.750
470.034
472.697
470.558
470.330
467.673
468.905
466.150
467.074
471.059
470.773
476.982
476.341
474.276
471.067
472.950
470.511
469.722
469.830
468.654
468.142
465.556
463.347
466.707
465.350
468.119
467.364
462.444
463.023
464.100
461.720
463.513
465.191
471.014
470.557
464.928
467.808
470.260
471.246
473.618
469.013
469.205
474.042
475.596
479.215
468.563
467.719
472.091
469.189
466.940
470.262
468.014
467.577
466.268
465.238
468.452
467.652
469.347
469.024
464.953
465.862
464.342
464.772
467.344
462.948
464.928
464.828
463.633
466.493
466.759
465.458
462.956
461.241
462.933
464.819
465.628
469.077
467.701
463.203
464.023
461.324
458.767
460.023
463.315
461.565
464.017
464.636
465.854
460.931
463.016
461.481
464.367
468.267
465.951
469.039
469.225
469.209
475.677
477.000
477.113
473.426
472.339
471.876
471.003
478.137
477.380
471.881
472.924
470.670
472.542
472.474
470.515
471.662
469.824
467.561
472.352
474.604
478.052
474.875
473.996
478.215
480.505
477.498
478.504
479.500
481.108
476.703
471.415
472.685
474.704
475.476
476.413
473.129
471.100
470.956
467.039
462.563
466.140
467.121
465.351
467.472
469.599
472.466
468.604
463.015
462.179
461.401
463.726
465.956
466.413
464.363
462.866
465.081
460.568
460.017
462.661
465.363
464.393
462.417
465.182
463.911
462.304
462.868
460.895
463.437
465.261
462.292
460.174
459.140
459.534
462.926
462.125
462.259
461.279
464.272
463.944
465.003
465.040
464.405
462.158
462.232
467.265
468.845
468.549
466.790
466.506
465.384
463.049
462.498
467.661
464.593
468.339
466.863
466.485
468.157
469.550
469.753
474.191
472.479
472.802
465.571
471.894
472.086
469.912
468.615
467.122
474.647
473.177
480.802
476.340
472.092
479.824
478.328
478.657
478.727
480.961
477.601
475.804
473.029
472.544
469.256
466.065
465.380
464.310
466.649
470.018
472.671
465.345
460.313
457.447
460.624
464.685
462.556
460.653
462.606
461.359
462.100
464.408
458.334
458.185
455.794
453.584
456.615
454.268
456.706
457.403
461.672
464.371
462.226
462.104
458.672
457.589
452.400
453.305
454.603
453.719
453.991
456.409
458.265
462.820
459.649
462.971
462.426
456.646
463.970
462.129
462.108
460.424
461.695
463.141
461.269
459.961
460.686
463.648
462.594
458.407
455.418
460.890
462.744
462.680
464.446
461.657
463.961
460.617
459.856
462.347
469.284
463.994
464.053
468.635
463.373
466.778
466.405
473.097
471.317
469.300
468.408
466.311
464.525
466.048
466.400
468.651
464.896
465.127
462.235
468.705
472.960
472.484
469.026
470.161
471.726
466.979
467.946
471.528
467.695
472.661
470.021
475.828
472.406
478.631
475.297
473.083
475.588
475.897
479.776
479.776
480.225
477.209
474.199
471.438
478.315
475.623
475.946
476.306
475.965
469.777
470.062
467.162
468.268
466.738
470.671
469.051
472.771
472.178
469.966
471.805
470.582
468.613
468.605
469.359
468.551
469.714
469.383
463.950
472.161
470.269
470.218
472.284
473.815
468.243
463.843
464.598
466.852
465.904
464.089
463.469
466.628
468.390
469.264
466.660
465.866
466.178
462.834
463.305
464.780
465.579
465.604
471.094
470.280
466.278
472.004
474.228
467.373
465.812
473.589
471.527
469.837
465.533
466.399
467.211
469.765
465.967
466.142
460.142
460.838
463.933
463.876
465.341
463.078
467.544
464.658
463.645
463.525
461.964
462.863
463.639
459.653
459.540
463.164
462.637
461.253
462.184
463.104
461.554
458.627
461.898
460.976
457.633
460.386
460.680
462.321
464.928
461.310
457.485
456.505
458.647
463.789
465.035
463.963
465.977
462.673
464.687
464.831
461.030
460.215
460.950
464.076
461.706
457.309
459.862
458.440
460.735
459.361
459.720
464.696
464.941
461.604
462.069
462.899
461.722
458.834
455.959
456.717
458.713
459.081
463.228
464.118
461.299
463.835
460.510
459.975
463.343
461.019
461.310
460.961
463.967
467.274
462.054
459.658
464.370
470.123
468.583
472.902
469.561
468.230
466.319
467.191
464.790
469.348
466.744
465.400
469.139
468.190
470.706
469.521
468.556
471.428
471.236
476.424
471.758
473.121
470.020
467.012
468.963
467.127
465.841
464.178
470.540
469.779
469.606
469.878
469.961
471.303
472.262
469.389
473.084
474.655
476.280
471.296
475.773
476.925
476.953
471.548
472.519
471.249
475.782
475.042
472.467
468.893
471.629
467.089
467.199
461.280
463.086
461.106
464.684
466.562
463.892
461.626
465.916
464.332
460.364
464.494
463.745
459.221
457.309
462.010
462.133
467.712
463.972
464.184
466.223
468.345
462.733
466.234
462.771
462.620
463.388
462.739
463.537
456.821
455.458
457.252
456.848
458.784
460.745
462.041
460.710
462.269
457.595
459.714
465.411
466.951
465.095
459.504
458.586
460.694
465.990
469.601
468.223
470.419
465.962
461.640
462.991
462.953
467.146
464.670
465.558
466.504
467.762
467.197
462.627
461.941
461.176
464.958
468.157
463.522
460.872
462.412
462.497
461.896
461.190
461.515
461.798
463.644
461.944
461.087
460.550
459.743
464.348
463.705
462.883
461.307
462.743
461.238
460.343
459.306
462.905
461.928
464.729
466.690
464.420
465.068
462.213
464.624
467.441
466.524
466.428
468.364
468.522
466.277
463.188
459.750
462.521
465.353
463.359
463.492
462.789
467.224
469.678
471.494
468.391
460.381
463.440
461.933
464.963
466.327
467.649
466.381
467.696
469.758
469.272
465.664
461.702
463.543
463.392
458.580
460.394
459.743
460.962
461.886
464.506
463.016
465.624
466.756
462.756
460.995
462.686
461.997
461.189
465.365
463.324
466.319
463.794
464.089
462.089
455.003
457.705
459.555
459.427
453.108
449.872
446.127
453.072
451.965
455.790
451.480
456.132
452.102
457.360
453.487
457.550
463.047
464.004
464.417
463.904
466.782
466.418
468.373
468.960
465.604
467.765
466.667
463.989
463.950
464.731
461.960
466.086
461.868
461.271
466.818
465.182
463.116
466.068
467.553
469.466
465.466
466.758
464.259
467.164
466.329
469.260
466.520
462.772
461.133
463.566
466.691
463.905
465.000
461.417
459.962
460.400
461.904
461.541
463.337
464.681
464.705
468.750
471.684
464.609
465.490
465.541
460.280
464.483
463.636
462.900
456.205
453.048
456.563
456.111
454.818
455.745
457.277
455.420
455.939
455.375
465.306
466.144
465.315
459.719
463.291
459.526
461.588
460.235
466.225
467.233
465.939
465.619
464.536
462.251
462.366
462.517
463.307
469.909
464.027
462.108
463.939
462.133
461.147
461.738
463.953
463.716
460.014
461.186
465.739
459.082
462.962
459.705
458.432
454.535
454.633
453.472
460.724
465.229
461.420
463.500
462.709
460.614
465.391
463.417
463.960
460.817
462.162
461.028
459.873
458.275
456.583
459.623
464.050
462.681
464.282
468.398
468.233
462.411
468.598
468.797
467.889
473.188
469.763
466.871
464.179
462.620
462.021
464.733
467.258
469.845
464.795
464.431
465.763
463.973
469.486
470.875
469.588
467.614
467.490
466.494
466.062
465.261
462.473
465.962
471.213
468.894
464.327
464.086
466.436
467.007
462.913
460.813
458.811
460.286
461.066
459.608
452.487
456.436
458.410
457.630
455.583
456.622
453.015
452.689
454.320
451.001
451.567
453.333
448.435
452.002
453.409
453.031
454.098
454.834
452.494
454.471
457.811
451.827
447.544
449.700
452.500
453.669
453.586
449.872
451.743
452.341
451.566
452.085
449.711
450.558
447.402
449.793
448.184
452.768
455.507
456.363
457.836
459.367
464.411
459.761
458.797
456.348
457.966
455.913
453.587
457.832
461.138
461.761
462.514
463.147
461.992
463.195
463.267
467.565
465.574
463.658
465.880
464.705
467.909
467.022
467.247
466.143
471.119
471.206
467.907
470.595
469.653
469.934
468.978
469.289
466.932
470.962
471.284
475.109
472.491
467.731
470.839
465.966
462.029
463.683
467.145
460.389
461.007
463.643
460.750
464.731
461.960
458.782
458.072
457.722
461.250
463.399
462.358
463.185
463.046
464.973
464.794
460.980
463.420
464.437
466.167
471.474
467.106
470.344
469.694
469.008
470.671
472.388
469.959
468.523
468.177
470.360
472.830
465.524
468.936
463.976
466.809
467.360
467.097
466.434
463.510
461.923
465.156
465.452
463.813
473.974
473.887
471.436
468.336
466.301
465.371
465.453
463.519
461.438
463.392
467.773
464.904
464.957
467.059
466.389
467.941
461.808
463.350
466.684
461.123
458.786
460.615
460.035
455.524
451.520
450.666
453.799
455.705
459.685
459.034
456.689
457.355
460.135
455.717
457.122
457.815
461.220
462.809
466.505
467.241
465.314
463.424
462.793
460.193
462.201
462.427
462.633
461.073
460.397
458.330
458.465
460.125
458.384
459.241
459.593
459.792
456.269
459.288
460.217
462.240
465.441
465.982
465.109
470.160
462.583
464.061
467.256
469.131
471.376
467.635
464.729
462.017
464.758
458.376
463.652
463.003
465.840
460.360
461.286
460.004
457.333
459.212
459.977
461.261
461.018
458.036
458.585
457.568
461.751
462.209
462.278
460.360
453.982
453.761
462.100
455.774
456.006
456.112
457.384
463.202
468.234
462.896
459.079
460.282
456.513
455.531
458.253
459.652
460.157
459.920
458.162
457.831
454.867
457.169
454.341
455.066
459.868
460.659
463.163
459.697
460.203
463.632
464.362
466.361
463.316
467.082
467.614
467.531
468.370
464.803
462.866
463.287
462.023
462.558
457.576
455.793
456.818
458.482
459.414
460.151
462.853
462.457
460.423
454.900
454.343
449.938
450.326
449.238
452.640
455.602
452.460
451.786
453.508
455.569
457.321
457.085
452.762
457.080
460.771
460.167
458.342
463.837
463.084
467.055
470.049
468.203
471.568
469.738
463.220
459.907
462.395
461.435
459.998
461.314
461.085
461.838
460.188
461.076
465.218
466.341
466.014
463.817
463.686
460.094
460.671
461.280
455.678
457.831
457.060
464.581
461.712
462.713
463.349
462.546
460.228
452.796
457.977
455.885
459.021
457.546
451.070
451.786
451.374
458.935
458.211
455.749
457.597
463.128
460.527
462.540
462.697
460.183
456.338
456.393
456.601
459.783
456.849
458.895
462.419
460.694
458.644
461.771
457.506
453.779
452.335
453.403
451.812
450.201
446.283
445.963
446.258
450.041
449.274
451.134
451.753
449.210
452.040
449.434
451.509
449.653
449.831
451.637
448.769
453.049
450.422
452.010
448.893
452.226
454.595
452.886
456.349
461.264
458.217
457.987
455.232
456.160
457.926
456.853
459.507
459.721
461.604
460.868
459.871
461.087
457.178
460.584
462.758
461.602
459.407
457.521
462.855
461.108
458.384
457.064
458.683
457.272
459.888
463.800
467.042
463.848
464.125
463.454
459.926
460.250
462.432
468.943
467.218
465.716
468.219
466.334
466.194
466.196
465.307
467.653
472.837
475.772
470.169
468.001
467.922
463.753
463.750
468.161
463.371
462.824
460.632
459.924
468.538
469.566
467.688
473.457
469.239
466.415
466.897
466.854
473.990
473.613
473.077
471.533
476.740
473.986
472.990
473.140
471.626
472.216
470.600
473.020
467.270
468.089
466.080
467.544
470.211
467.849
467.896
468.699
465.407
471.050
468.450
468.579
475.017
467.040
472.396
475.189
480.686
476.608
478.927
478.857
477.406
471.915
467.730
468.933
467.514
463.617
461.287
458.414
459.794
464.606
461.279
462.104
458.424
460.512
461.749
460.707
463.615
465.054
463.144
464.745
462.442
465.232
465.465
469.445
468.387
466.857
463.363
464.622
462.272
460.034
460.877
463.746
463.175
463.686
461.084
457.223
456.885
459.031
462.602
460.777
458.920
457.655
458.542
456.996
455.459
453.504
454.261
451.818
454.558
457.684
457.528
455.872
458.015
456.136
454.892
456.822
459.089
456.878
456.268
456.277
459.653
457.285
455.881
455.167
458.997
459.328
455.286
455.328
455.839
456.303
457.264
452.000
451.747
454.211
450.909
454.869
455.524
459.620
455.615
454.769
456.035
456.225
462.423
451.234
448.310
448.477
450.402
452.657
454.573
457.470
455.522
456.271
458.521
459.425
460.116
458.061
458.974
464.357
464.393
461.663
467.533
467.110
463.706
462.463
456.027
458.335
457.882
456.516
461.916
456.829
459.689
457.920
458.976
457.628
455.944
456.905
461.043
460.173
455.042
457.136
454.051
459.027
454.130
455.224
454.176
454.339
459.631
454.210
453.054
450.794
452.779
448.133
450.131
453.733
455.207
458.087
455.725
460.423
461.886
461.315
458.562
461.436
461.062
461.366
458.367
457.584
461.974
460.464
465.225
461.743
460.092
457.538
459.830
464.070
468.827
466.672
465.656
465.901
466.177
470.621
469.220
468.784
469.426
467.725
472.069
469.948
471.777
467.703
465.976
468.450
469.642
472.379
469.618
468.459
470.513
466.435
470.602
471.323
467.899
467.000
462.583
462.362
459.964
461.602
459.410
463.243
464.698
461.987
468.606
465.839
469.248
467.158
464.767
463.378
460.108
458.603
455.738
464.882
466.844
466.461
460.355
463.478
463.271
461.560
461.386
464.507
465.563
465.414
461.438
463.734
464.417
465.885
466.471
469.448
470.040
470.996
470.626
468.851
472.791
467.453
462.334
461.992
460.480
467.784
468.525
464.583
460.951
463.755
465.532
466.118
462.507
464.399
467.494
464.174
467.832
464.869
466.019
463.890
464.549
466.123
465.023
464.322
465.780
460.000
464.391
466.481
468.697
466.606
465.951
468.060
468.660
469.158
470.794
474.245
473.330
473.086
475.053
471.724
476.383
474.706
470.111
466.269
464.293
466.410
463.018
462.278
457.531
460.927
457.208
454.304
454.898
459.361
456.420
457.539
463.109
461.468
463.046
466.857
465.526
464.284
460.008
457.264
456.175
456.072
453.865
456.936
456.421
457.857
458.755
456.427
452.027
450.256
455.379
458.123
456.211
458.242
456.070
457.167
452.607
460.523
460.951
465.925
463.246
460.768
460.196
460.853
464.360
463.591
463.246
470.144
472.635
470.771
468.280
470.979
470.970
472.261
474.958
472.912
473.085
473.859
469.810
471.500
471.731
470.321
470.523
468.960
465.055
463.031
465.060
462.711
464.012
467.350
467.120
466.970
463.428
463.747
465.935
463.841
460.825
462.590
466.415
466.819
467.071
463.282
465.072
464.662
471.756
469.331
464.826
463.409
469.692
466.599
460.244
465.027
461.630
465.204
466.279
470.435
460.516
462.486
461.795
461.446
467.071
462.338
462.883
464.235
463.145
467.810
469.942
466.036
461.262
463.869
463.749
466.967
469.727
467.866
468.421
465.668
469.609
467.682
462.982
467.447
461.129
464.384
466.348
466.243
466.033
465.674
462.341
462.154
461.014
460.503
462.701
465.351
462.871
461.205
463.705
462.098
465.120
462.623
463.967
466.130
462.406
460.025
458.022
460.077
462.163
463.696
459.917
462.959
464.800
462.353
461.046
458.204
461.074
456.950
460.989
465.978
465.077
467.949
463.014
460.003
460.748
459.685
460.073
454.853
454.488
454.569
463.474
462.874
461.263
458.919
460.681
461.016
457.790
461.811
461.926
462.483
458.756
455.316
449.373
450.441
453.066
453.799
453.133
452.579
451.655
449.545
449.822
449.185
448.759
448.220
448.531
451.803
454.552
451.081
449.346
448.368
451.791
452.725
449.285
447.595
448.770
449.003
452.988
453.139
458.916
453.401
454.884
450.612
454.568
454.479
454.672
454.637
455.674
459.753
457.607
458.896
465.459
465.084
464.600
465.274
464.907
466.125
464.824
464.502
462.156
465.338
461.118
463.029
463.358
468.179
464.918
459.674
462.509
462.343
459.260
456.979
461.224
461.808
461.842
459.724
457.163
457.389
461.483
462.524
461.521
454.454
452.162
453.483
449.811
454.412
449.798
450.905
451.822
450.483
455.129
458.863
457.405
460.126
457.430
458.759
456.561
457.480
463.409
463.246
460.807
462.258
462.580
468.020
470.934
465.684
465.224
460.106
460.400
465.738
467.342
467.885
465.936
465.522
463.948
461.507
460.176
461.661
457.819
455.918
454.819
454.889
462.647
456.553
455.710
455.208
459.886
458.161
458.190
462.871
461.759
464.051
467.168
462.620
464.201
460.537
459.589
457.793
459.396
460.388
455.523
459.541
462.704
461.819
459.851
465.250
467.102
463.713
462.181
472.553
465.345
466.648
463.253
466.843
466.775
468.505
466.079
467.243
459.021
458.618
461.098
460.254
460.607
460.997
458.767
464.346
464.534
465.799
465.933
463.908
466.605
464.366
466.052
461.430
460.455
464.607
466.961
460.757
460.816
458.999
461.591
467.017
464.245
458.184
463.636
460.147
459.961
461.479
462.695
461.710
464.815
463.767
461.880
467.277
468.239
470.164
468.425
468.105
463.602
465.241
466.692
471.087
471.562
470.545
470.473
464.211
463.156
461.179
463.403
459.003
460.083
457.851
460.154
454.918
458.688
456.790
460.035
461.872
460.166
463.271
464.230
460.917
463.142
463.257
465.031
465.314
462.269
462.000
464.166
467.850
466.781
465.009
463.832
459.760
462.744
461.842
462.809
457.482
461.191
464.126
464.784
464.365
464.241
463.540
462.028
463.502
457.119
455.870
454.052
460.334
457.890
459.030
458.211
461.708
462.622
459.123
460.871
458.252
457.614
459.100
455.009
455.976
459.181
458.509
460.506
459.361
460.560
458.477
461.100
463.373
460.350
458.337
456.853
458.331
456.442
451.253
454.914
459.375
461.121
458.821
463.091
460.715
460.296
462.502
460.081
462.077
460.816
461.393
465.915
465.091
465.906
460.292
458.995
458.202
460.672
462.135
458.052
455.852
456.241
454.430
454.047
454.721
450.247
453.070
454.556
454.203
451.370
455.699
452.796
457.707
461.999
462.728
467.022
468.327
472.644
472.022
476.238
472.263
466.851
466.260
466.493
466.180
465.896
468.566
463.072
458.012
464.414
459.340
455.389
461.888
458.036
462.418
463.327
455.681
456.713
455.834
460.951
459.241
455.015
455.516
457.531
462.680
462.733
462.021
463.873
469.470
467.463
466.305
469.904
463.120
465.959
465.474
468.849
468.501
472.796
469.585
469.740
469.612
465.795
465.982
468.704
466.933
463.838
465.850
465.810
464.629
470.579
472.658
465.159
466.497
469.155
469.075
471.819
475.703
472.753
472.759
473.892
477.516
478.997
478.582
473.970
473.728
476.145
479.177
477.365
474.649
475.064
473.197
474.458
478.358
476.954
471.858
471.189
473.531
473.431
472.888
476.245
474.691
476.208
480.185
480.410
476.136
472.400
467.083
469.408
463.663
467.625
464.431
469.288
464.707
464.586
462.973
460.602
463.384
464.814
462.845
464.970
469.273
466.643
465.445
466.930
465.415
469.122
466.279
468.188
468.365
469.236
474.456
474.247
475.514
475.690
474.715
476.200
470.492
471.012
470.361
473.263
472.526
471.903
470.364
472.225
476.722
477.229
479.536
477.055
476.178
474.471
475.185
476.277
481.020
481.025
480.441
479.775
479.704
478.209
476.663
480.790
475.387
479.225
481.386
480.148
478.114
477.448
480.065
477.761
478.897
480.365
480.150
480.524
475.665
473.916
475.943
479.191
473.473
475.215
476.605
478.033
484.675
480.829
476.679
474.218
477.492
477.061
473.383
472.740
468.783
470.906
472.106
475.704
472.396
471.319
477.434
478.588
475.993
470.705
470.894
470.678
467.801
465.555
467.289
470.081
468.189
467.847
469.092
466.415
467.106
467.611
462.906
465.227
463.909
468.090
467.735
464.858
467.186
468.495
466.924
465.444
464.455
463.813
466.051
464.868
462.474
462.752
461.155
458.897
460.255
455.722
460.083
461.624
459.709
459.992
459.646
463.734
461.610
463.572
460.063
460.366
457.634
456.051
461.122
459.435
460.995
463.073
462.203
459.592
454.778
454.127
452.970
454.205
454.792
455.078
456.651
459.407
459.166
462.884
460.870
459.679
460.446
460.236
457.743
460.297
461.627
462.306
462.579
463.075
461.482
465.501
465.362
464.442
465.972
465.358
462.996
465.161
466.527
465.943
465.911
466.186
475.719
470.753
474.712
473.741
467.920
468.934
471.647
467.425
469.307
467.401
465.679
459.729
458.693
463.429
457.909
456.757
458.904
462.619
463.576
468.000
471.037
473.019
466.630
470.533
467.002
470.835
464.583
464.642
465.340
461.834
460.187
461.787
459.327
457.988
458.097
460.933
461.047
455.798
459.133
458.990
463.673
462.187
456.934
460.799
457.916
457.373
457.612
454.077
457.100
462.504
465.144
460.352
459.255
459.775
457.424
461.682
461.586
459.964
454.044
455.535
459.068
461.573
463.643
462.161
458.681
460.158
460.289
465.782
462.402
463.803
461.828
467.252
462.261
460.986
458.173
457.451
455.639
453.068
448.297
454.711
458.154
461.620
462.172
461.297
466.292
467.957
467.311
465.417
468.469
466.543
469.757
469.315
468.708
470.261
471.701
471.766
471.889
466.007
468.723
466.795
462.786
465.571
468.038
466.745
467.087
466.343
463.021
468.144
466.437
466.806
461.451
461.856
460.570
458.488
462.981
461.145
463.075
466.021
465.239
462.358
461.389
460.162
467.530
462.854
462.249
467.520
464.489
462.881
461.623
463.105
467.740
463.638
469.210
461.587
465.466
463.477
463.306
463.393
465.172
463.797
462.213
463.530
463.834
463.250
469.457
467.745
462.133
458.637
463.067
462.652
462.946
460.711
460.949
463.529
459.651
463.317
466.117
468.044
465.510
462.771
464.611
463.633
460.210
457.962
