-3.2500 474.612170 
-3.0000 51.640450 
-2.7500 -114.136380 
-2.5000 -159.312090 
-2.2500 -160.077920 
-2.0000 -148.426430 
-1.7500 -134.601790 
-1.5000 -121.701680 
-1.0000 -102.156630 
-0.7500 -95.976180 
-0.5000 -92.273100 
-0.2500 -91.047540 
0.0000 -92.321940 
0.2500 -96.221680 
0.5000 -102.959150 
0.7500 -112.845760 
1.0000 -126.384960 
1.5000 -168.064350 
1.7500 -197.200730 
2.0000 -225.424370 
2.2500 -232.321510 
2.5000 -182.560930 
2.7500 -0.961330 
3.0000 469.501850 
3.2500 1500.742940 
