-3.2500 1000.756760 
-3.0000 247.875380 
-2.7500 -71.351410 
-2.5000 -186.128770 
-2.2500 -211.236430 
-2.0000 -198.194600 
-1.7500 -173.090670 
-1.5000 -149.220900 
-1.0000 -115.648830 
-0.7500 -105.040560 
-0.5000 -97.806150 
-0.2500 -93.632740 
0.0000 -92.327520 
0.2500 -93.829150 
0.5000 -98.213760 
0.7500 -105.691350 
1.0000 -116.601840 
1.5000 -151.164010 
1.7500 -175.676650 
2.0000 -200.856610 
2.2500 -212.383010 
2.5000 -183.559100 
2.7500 -61.143220 
3.0000 274.763990 
3.2500 1061.710950 
