-3.2500 524.152180 
-3.0000 57.505600 
-2.7500 -130.712850 
-2.5000 -181.472470 
-2.2500 -178.467270 
-2.0000 -161.747880 
-1.7500 -144.005820 
-1.5000 -128.419040 
-1.0000 -105.512110 
-0.7500 -98.194670 
-0.5000 -93.619220 
-0.2500 -91.660240 
0.0000 -92.321940 
0.2500 -95.661320 
0.5000 -101.926940 
0.7500 -111.389430 
1.0000 -124.567610 
1.5000 -165.734500 
1.7500 -193.922740 
2.0000 -218.718120 
2.2500 -220.751180 
2.5000 -167.880650 
2.7500 12.394000 
3.0000 489.730600 
3.2500 1586.972680 
