-3.2500 463.497530 
-3.0000 64.008310 
-2.7500 -96.231790 
-2.5000 -144.544700 
-2.2500 -149.420850 
-2.0000 -140.824580 
-1.7500 -129.107010 
-1.5000 -117.717100 
-1.0000 -100.133710 
-0.7500 -94.615410 
-0.5000 -91.450110 
-0.2500 -90.669160 
0.0000 -92.321940 
0.2500 -96.535680 
0.5000 -103.532520 
0.7500 -113.618430 
1.0000 -127.286650 
1.5000 -168.847130 
1.7500 -198.809810 
2.0000 -232.135610 
2.2500 -250.254400 
2.5000 -206.619940 
2.7500 -26.857600 
3.0000 424.067950 
3.2500 1403.991970 
