-3.2500 600.565750 
-3.0000 88.056430 
-2.7500 -124.717060 
-2.5000 -188.813010 
-2.2500 -189.958940 
-2.0000 -171.638580 
-1.7500 -151.262640 
-1.5000 -133.555070 
-1.0000 -108.043090 
-0.7500 -99.915140 
-0.5000 -94.655300 
-0.2500 -92.145180 
0.0000 -92.321940 
0.2500 -95.255300 
0.5000 -101.101630 
0.7500 -110.137390 
1.0000 -122.908290 
1.5000 -163.075480 
1.7500 -190.572120 
2.0000 -214.489540 
2.2500 -215.130690 
2.5000 -161.834930 
2.7500 13.063380 
3.0000 463.819360 
3.2500 1484.882060 
