911.774
912.578
916.524
919.412
918.216
917.891
914.998
914.071
919.249
918.071
922.212
927.098
919.961
920.750
927.389
931.955
927.091
927.071
926.124
924.604
926.912
927.030
933.554
932.804
923.112
922.027
919.926
924.183
921.884
920.375
920.880
920.467
915.075
918.896
915.961
916.266
906.860
907.203
907.592
911.884
910.314
911.427
913.018
914.037
914.051
920.189
920.944
922.779
918.534
920.459
920.853
915.551
916.191
919.009
918.765
911.596
912.449
911.953
913.478
913.709
916.269
911.466
911.596
910.565
917.053
910.602
914.953
907.939
910.336
914.209
915.492
911.922
920.073
915.874
918.197
913.193
909.223
913.207
905.610
899.817
906.414
900.926
903.016
906.768
914.186
913.950
916.718
916.188
915.285
913.480
915.216
907.752
908.549
912.142
912.136
903.859
909.744
914.940
908.576
915.171
920.066
912.711
918.073
916.307
915.148
912.234
905.747
913.165
922.152
925.517
922.250
920.883
922.891
915.799
919.271
916.989
915.648
920.059
913.247
917.232
914.116
919.259
909.584
911.191
912.168
915.507
919.688
922.311
922.950
915.877
913.759
915.737
918.567
913.867
912.593
915.694
922.272
926.897
931.605
932.103
929.838
923.077
927.585
925.160
921.479
928.007
936.044
935.574
933.766
940.443
932.923
939.836
933.747
935.293
937.801
932.085
926.012
927.835
926.245
929.110
929.345
930.962
931.978
933.634
931.316
923.470
925.169
923.270
924.062
929.361
925.957
928.482
930.494
926.851
929.459
926.282
921.624
928.060
933.205
926.825
929.393
921.738
917.132
919.992
923.714
924.095
925.581
929.817
933.934
934.141
932.271
939.086
938.732
937.472
935.483
938.338
934.390
923.020
926.455
931.803
933.352
928.793
929.826
928.216
925.771
929.085
925.009
922.643
921.606
919.140
920.575
914.451
916.567
919.124
922.675
924.902
928.347
927.310
928.509
923.369
910.266
915.200
920.524
920.581
923.674
925.671
919.272
921.167
925.110
914.489
919.073
919.572
915.641
919.647
925.538
921.312
924.785
917.315
921.611
916.242
913.583
919.982
924.112
919.109
913.996
920.324
921.163
914.441
918.483
910.368
923.755
910.836
920.771
920.940
922.963
924.935
930.764
928.282
916.324
920.449
922.690
923.081
928.522
927.795
927.006
933.812
931.129
931.780
933.173
928.787
924.599
928.969
928.361
925.392
924.202
928.287
925.095
923.870
924.848
921.271
925.342
927.958
933.889
930.545
930.288
939.935
934.696
932.662
926.165
926.387
925.966
922.529
921.479
925.884
927.760
928.827
926.367
925.412
924.632
917.141
920.555
925.279
930.347
927.477
934.812
932.736
933.840
930.567
931.000
928.989
930.375
928.347
932.862
932.368
927.445
936.204
924.130
922.453
926.536
932.162
930.023
924.396
934.337
928.458
922.577
921.577
921.924
923.991
927.518
926.404
927.515
929.449
927.058
923.414
933.246
932.498
926.238
929.654
932.995
934.678
930.630
930.216
931.306
933.495
931.293
932.698
927.576
931.173
929.011
927.164
928.047
928.546
926.498
932.973
935.582
928.352
928.412
931.214
928.600
925.598
920.174
923.383
925.263
929.383
924.510
932.286
928.534
928.575
932.107
931.995
933.763
931.641
925.680
925.393
930.001
925.877
924.211
921.667
926.804
923.746
926.508
937.375
940.862
939.659
934.969
933.656
926.590
929.697
934.644
928.651
926.239
930.027
930.632
929.714
922.329
926.833
922.701
915.865
919.109
926.620
923.440
924.738
923.799
916.785
911.268
915.781
920.158
915.564
917.550
914.273
919.304
921.923
922.065
917.605
926.030
928.040
917.921
920.832
923.895
921.292
922.625
916.876
926.511
919.274
923.458
930.752
930.129
931.139
928.711
936.863
933.648
936.309
931.713
929.692
923.482
920.250
918.193
920.743
917.270
916.266
921.709
920.388
920.681
916.916
927.430
919.734
927.091
929.273
920.217
920.852
924.631
927.238
924.233
922.970
923.988
931.402
929.451
932.454
933.176
927.206
936.753
931.297
934.201
932.483
930.433
930.519
930.702
931.539
936.204
931.117
925.132
929.141
926.139
919.696
928.388
929.273
927.875
925.869
921.866
929.146
926.113
922.814
924.423
928.888
929.478
920.320
924.918
931.100
920.181
915.884
912.448
916.730
914.221
920.883
923.853
919.972
915.582
921.425
917.992
927.241
922.850
921.684
922.362
923.788
928.030
919.166
920.629
921.611
917.703
915.638
917.173
919.856
923.297
925.883
932.274
926.107
921.241
925.220
933.773
931.249
934.510
935.393
939.837
939.380
940.761
932.129
933.855
932.667
925.359
925.688
928.028
933.137
933.103
932.808
936.967
932.324
933.290
935.495
939.547
940.152
940.767
947.682
951.020
945.930
939.084
934.565
933.624
927.486
933.315
939.171
931.711
939.823
940.268
940.045
938.876
946.828
940.289
943.550
941.640
941.307
950.008
942.896
942.754
944.105
936.795
936.351
941.189
938.161
940.060
942.957
943.304
950.368
945.528
941.324
931.771
931.989
938.807
943.033
944.676
944.666
943.634
947.606
944.352
944.649
945.878
945.202
947.711
943.447
953.184
951.112
955.426
956.378
953.454
950.521
945.646
944.693
952.694
952.776
947.648
950.469
947.980
953.152
944.981
940.740
940.098
947.084
939.707
946.419
950.277
952.452
940.150
940.290
945.094
947.091
948.093
946.028
945.879
940.850
948.379
948.839
951.449
946.652
959.455
955.514
953.888
951.861
954.457
948.247
953.015
952.001
956.445
956.431
952.228
952.577
961.279
964.332
961.011
953.578
962.370
960.175
951.895
955.937
960.048
957.084
952.351
950.723
951.889
950.545
950.578
950.888
952.493
953.058
956.662
953.597
956.562
952.238
946.118
947.964
945.726
953.347
947.974
945.342
942.980
951.794
946.965
948.922
940.681
937.695
945.010
945.700
948.576
947.619
944.792
947.291
945.359
944.450
941.202
943.925
937.271
937.297
938.314
938.614
933.642
937.363
943.224
936.394
941.269
945.356
947.049
945.712
949.855
951.905
950.052
947.473
942.619
941.314
943.059
947.860
939.062
955.063
954.723
948.262
943.090
949.756
959.018
957.153
952.054
951.397
951.258
947.984
939.505
944.149
945.155
950.617
936.305
943.379
943.865
941.863
939.281
937.096
938.762
944.066
941.616
943.777
949.335
948.840
950.010
938.722
939.421
941.239
936.540
930.886
939.209
940.770
930.731
938.176
934.964
934.196
928.760
935.149
936.042
940.175
930.892
943.535
938.840
941.457
940.082
933.924
940.195
941.070
943.721
942.230
941.925
937.811
933.525
931.711
932.639
932.010
929.576
932.377
931.177
926.589
928.912
924.987
932.974
935.085
937.732
941.819
929.367
925.688
938.109
935.266
933.760
930.444
936.004
937.413
938.392
938.023
942.272
939.297
939.186
943.228
939.758
936.816
938.400
942.848
941.393
935.359
937.466
936.409
941.498
941.274
939.828
936.625
930.511
928.928
931.797
933.182
933.973
929.904
932.329
935.251
937.123
937.003
936.224
935.686
933.064
931.957
934.618
935.621
930.470
931.452
933.185
943.178
939.845
937.943
941.373
944.630
941.518
939.218
938.814
945.878
940.777
938.553
941.821
938.510
941.795
933.036
932.692
928.835
924.518
931.693
930.852
929.921
928.294
928.838
926.529
930.871
929.984
929.010
921.825
919.842
922.505
921.420
923.051
924.720
926.857
936.020
932.203
932.114
935.726
948.197
943.972
942.711
937.519
939.863
934.375
933.511
932.638
939.606
935.509
943.962
943.288
946.681
944.981
939.520
946.083
946.320
948.156
951.011
949.173
951.005
942.885
941.495
942.505
947.802
941.916
945.870
946.591
947.034
951.073
945.078
938.053
945.631
937.537
940.018
947.377
947.642
942.901
942.834
943.034
943.480
944.377
947.856
945.908
947.705
950.012
951.152
950.044
949.160
955.110
945.960
947.633
947.501
952.557
939.587
936.123
938.213
937.635
939.865
938.592
945.375
944.007
942.890
942.568
942.466
940.073
942.006
945.836
937.723
939.973
941.780
941.944
936.904
940.220
937.538
939.918
937.589
939.731
942.541
944.312
935.082
940.661
946.946
945.014
945.947
943.620
948.617
943.701
945.477
950.532
949.959
952.729
949.505
943.456
940.333
934.861
936.562
937.693
939.283
932.556
936.770
947.181
938.525
934.276
941.443
947.827
951.094
950.497
943.041
939.471
942.022
943.479
937.712
942.212
939.248
942.395
942.916
945.699
945.952
944.182
939.767
958.395
955.983
951.126
953.529
949.949
950.061
956.151
951.483
950.367
950.451
948.556
956.620
956.589
957.248
944.773
947.098
955.286
951.870
958.236
951.233
944.019
948.400
951.135
955.811
950.157
942.528
948.329
951.453
940.388
938.782
944.146
955.026
952.243
951.190
950.037
952.607
956.119
952.591
958.380
955.348
952.996
951.594
952.009
953.893
952.134
940.073
951.975
952.424
949.405
941.590
946.521
948.148
938.730
938.975
947.973
952.799
948.882
938.326
943.447
935.188
937.963
944.446
945.034
938.401
941.503
940.081
939.058
941.775
948.078
947.146
947.325
938.850
937.561
929.184
933.038
936.821
938.865
938.748
935.999
934.843
934.148
933.549
939.217
937.906
934.860
933.599
939.844
945.304
945.867
942.614
935.135
930.272
929.241
924.856
934.300
933.360
927.457
932.954
933.085
927.472
927.613
933.505
932.526
936.060
940.904
939.119
930.078
930.843
931.028
931.868
937.966
928.818
931.378
934.256
932.595
935.689
929.605
932.736
937.736
942.293
942.011
938.773
932.918
940.799
938.799
941.986
940.701
943.464
932.920
934.099
924.526
927.797
931.091
923.925
923.256
928.018
919.349
921.911
924.973
925.236
915.515
921.516
918.033
920.786
913.942
918.806
914.182
906.541
906.304
908.502
903.039
899.549
906.236
904.954
911.868
914.467
905.293
909.853
905.471
907.359
909.194
902.735
904.954
908.171
907.772
916.504
903.534
908.560
910.162
906.298
904.109
905.979
910.734
913.177
913.945
911.381
904.927
903.515
903.793
902.073
898.708
903.096
903.795
908.010
905.418
908.189
904.294
908.670
912.988
909.106
910.610
917.915
910.377
909.706
911.805
909.813
910.713
908.968
914.395
911.827
909.362
912.929
907.348
906.284
910.928
908.873
912.165
915.802
920.650
924.202
924.709
922.972
933.234
934.957
926.821
926.050
915.495
914.845
918.314
920.585
920.733
920.262
919.093
919.603
917.623
914.515
916.647
915.623
919.681
920.622
922.603
915.365
925.379
922.627
916.663
921.410
918.949
917.220
924.382
918.674
919.940
923.117
918.119
915.482
923.535
913.622
916.372
923.454
924.030
923.770
926.401
926.778
926.118
928.397
923.235
920.038
919.694
927.435
927.074
911.671
917.809
916.366
922.854
925.094
912.089
917.208
917.517
908.080
903.606
911.329
914.216
922.962
924.448
917.152
915.207
919.890
921.711
923.035
919.207
917.076
913.720
913.058
917.123
916.777
908.837
907.786
912.143
910.437
911.840
906.164
909.425
918.112
910.834
905.173
905.637
905.752
908.798
911.538
916.703
915.118
918.722
917.334
917.594
923.205
928.313
920.389
921.051
916.076
912.997
914.554
911.816
912.729
914.345
925.788
926.551
922.270
918.180
920.437
914.567
916.757
917.588
921.216
917.007
913.955
906.806
901.045
904.533
917.168
914.603
921.498
914.963
911.612
916.866
914.684
912.883
915.681
923.134
924.507
928.614
927.408
919.821
921.333
919.247
926.674
922.221
920.686
923.957
923.599
918.446
914.920
912.834
917.543
921.352
924.329
931.499
925.447
916.053
917.000
918.122
919.462
916.681
921.462
921.073
919.002
921.126
916.009
919.613
918.212
923.168
922.897
919.031
917.758
922.074
922.512
921.118
913.201
917.496
918.652
917.357
920.733
920.333
926.968
924.688
922.741
920.995
923.448
927.837
929.619
925.052
933.790
924.724
930.037
924.461
925.047
924.232
922.360
930.182
921.496
925.992
921.310
927.104
930.152
927.800
923.974
920.908
927.181
929.017
923.125
926.029
928.536
929.948
929.053
935.464
937.973
933.425
935.323
931.151
925.494
924.308
925.512
922.658
924.799
923.278
925.848
924.939
925.133
923.282
924.755
931.118
933.938
934.499
932.961
925.895
923.016
922.181
921.461
920.754
931.195
924.690
925.967
926.682
924.716
926.243
923.467
930.525
930.952
927.633
927.233
929.093
924.452
919.287
917.117
922.476
919.907
922.335
932.174
921.142
926.793
918.456
925.220
923.421
928.134
928.578
923.761
921.491
919.278
923.533
928.943
923.045
917.893
912.547
915.281
917.151
916.778
917.382
920.349
918.486
921.819
921.814
921.370
918.223
916.176
907.450
914.465
915.382
917.595
923.150
932.396
925.358
922.682
926.119
930.350
928.166
929.075
922.227
921.608
921.498
917.236
918.512
926.511
930.102
931.410
921.756
918.520
923.681
923.304
920.625
928.381
933.078
938.715
933.472
934.951
930.969
934.972
931.354
930.479
934.998
939.635
944.829
931.861
932.609
936.731
935.648
935.983
937.168
943.527
935.169
933.988
934.858
934.927
925.325
930.440
930.706
926.009
932.987
934.081
933.511
930.961
931.646
932.898
930.918
932.087
938.674
939.408
946.187
948.428
938.425
935.590
936.675
936.209
931.896
931.318
927.198
935.317
933.239
927.525
925.334
926.816
926.277
923.271
926.132
921.568
923.201
918.603
916.487
911.438
917.535
916.163
924.955
921.632
919.889
917.516
915.508
916.391
916.648
925.981
927.273
925.499
928.838
934.921
928.246
921.266
923.737
924.750
925.567
930.427
925.608
924.563
922.660
923.022
917.516
917.657
920.109
918.926
924.081
918.766
923.849
930.675
924.256
931.899
932.378
936.941
934.136
935.544
942.306
940.164
941.434
933.998
927.362
933.684
932.492
931.882
929.546
934.459
935.346
936.465
937.995
934.867
929.436
926.559
934.140
934.150
934.792
935.859
929.629
927.618
938.583
930.482
934.689
928.415
925.689
925.180
925.190
926.451
926.602
926.408
924.312
923.771
927.869
931.852
928.745
928.039
924.558
929.751
932.472
930.844
935.809
926.233
916.281
924.578
918.963
920.243
921.272
928.004
929.840
928.130
932.792
932.066
930.143
931.616
930.713
925.522
927.954
932.802
936.706
933.579
936.920
927.233
926.836
928.423
928.140
933.068
925.873
923.964
916.718
917.437
916.048
919.424
923.421
928.028
930.568
931.561
929.756
934.900
927.643
928.121
921.680
921.060
915.447
918.992
921.932
923.140
925.675
914.636
920.410
920.711
926.876
928.850
921.225
922.936
924.999
927.186
931.422
928.601
928.646
925.770
925.467
926.886
922.638
929.006
932.586
934.342
937.507
936.348
935.222
929.949
934.638
938.651
943.060
939.479
945.169
940.342
938.564
938.948
934.212
934.889
938.204
933.056
933.640
936.290
927.349
928.325
926.691
933.406
929.701
934.387
931.794
931.162
939.887
940.183
949.213
941.341
941.260
944.193
939.924
941.021
941.360
933.268
934.777
941.384
943.153
943.128
941.324
938.334
931.558
941.926
944.107
942.291
944.960
939.797
943.017
936.581
930.552
937.615
940.333
947.957
948.339
949.447
947.830
948.227
950.330
953.680
949.324
944.085
946.978
946.386
947.192
949.602
941.728
940.736
939.422
936.130
945.826
949.517
950.456
943.021
943.811
940.507
941.514
944.147
940.913
936.314
938.501
941.977
941.834
948.463
945.381
955.285
949.777
945.857
950.792
950.911
944.961
954.984
950.791
946.177
943.579
949.405
949.160
946.203
947.283
942.231
942.127
947.795
946.238
941.399
935.301
937.159
936.576
939.504
934.518
931.502
937.969
944.037
940.907
934.984
933.902
934.175
931.173
933.565
928.595
931.258
932.009
932.540
935.249
931.746
922.640
921.054
925.886
928.789
931.776
930.904
923.602
919.035
921.065
921.845
918.128
918.043
924.197
918.573
920.218
919.022
923.694
927.832
928.757
922.088
919.438
920.522
922.743
929.679
925.477
922.686
928.474
930.759
921.888
916.077
926.775
920.395
918.565
912.513
913.488
909.238
909.806
914.762
924.017
926.761
922.573
919.561
923.134
925.280
923.047
919.367
925.798
918.361
921.808
928.250
930.498
922.001
927.084
925.882
930.232
934.681
931.099
929.347
928.841
926.029
927.822
922.183
920.751
927.470
920.653
920.873
921.064
918.958
924.724
925.688
917.991
919.892
916.075
917.326
915.377
922.757
916.893
918.276
920.823
919.525
928.141
922.960
918.572
922.855
921.930
915.109
910.566
905.604
912.522
916.141
917.140
919.558
918.686
921.912
918.997
919.345
908.757
909.010
911.258
918.037
918.829
916.228
926.849
922.905
919.257
920.789
915.501
921.273
918.106
917.149
918.619
923.169
922.268
920.860
926.606
926.071
922.331
920.975
924.330
932.492
929.591
921.177
924.148
923.095
920.389
931.416
934.008
927.179
927.183
923.329
927.307
925.772
931.754
921.440
920.491
922.534
917.390
917.874
916.694
917.543
916.069
920.532
914.043
916.589
918.959
915.598
915.582
912.018
917.243
912.832
908.330
905.415
904.381
902.630
902.266
908.748
914.528
912.592
915.186
911.064
910.359
908.318
908.077
904.098
898.613
898.962
896.783
907.138
897.153
903.375
905.141
902.053
902.956
906.571
909.899
909.362
905.196
915.733
905.241
902.770
903.171
899.669
900.585
898.391
898.504
893.902
900.756
905.091
902.975
904.162
909.255
902.091
893.522
903.369
901.416
899.839
898.930
902.100
907.108
902.974
904.614
904.808
902.297
910.646
908.095
910.188
910.912
908.169
897.067
898.824
895.196
897.035
899.577
900.012
905.657
909.663
909.635
904.526
905.142
905.586
901.557
889.568
889.559
893.710
889.494
896.124
892.945
893.852
893.539
889.543
885.861
888.030
889.467
888.232
891.924
886.648
886.061
882.648
890.048
894.397
892.114
893.075
892.847
896.113
890.275
890.774
888.723
893.823
888.533
887.917
887.962
889.242
894.361
895.391
895.122
896.999
892.287
885.581
887.079
895.042
890.533
891.441
898.879
897.944
898.427
898.617
903.525
900.468
906.170
895.358
897.273
894.138
901.726
904.070
895.845
898.548
907.741
908.571
907.345
910.309
910.705
908.270
909.753
907.531
909.448
901.080
906.442
905.085
908.531
914.278
908.728
906.795
914.934
911.369
909.278
912.825
912.672
908.418
905.741
912.645
916.163
911.508
906.565
910.665
905.799
904.918
897.277
904.965
907.468
905.785
906.004
908.079
903.157
902.999
903.442
894.590
896.652
896.102
898.246
895.175
893.024
900.623
904.624
905.179
911.863
907.915
911.413
911.702
911.634
909.636
911.446
912.980
906.668
911.681
907.815
912.681
912.158
915.520
908.929
910.860
906.334
917.331
912.759
914.525
912.844
918.290
912.353
913.767
914.537
914.260
914.950
926.533
924.260
916.357
921.412
921.168
921.167
927.415
919.672
920.316
919.060
910.074
909.109
907.605
909.061
908.293
913.917
920.464
918.587
915.152
914.945
909.413
911.964
916.152
909.932
910.068
907.625
909.165
905.838
902.832
904.009
908.230
907.722
903.835
902.998
900.541
895.606
901.806
908.692
899.174
897.663
897.155
903.039
904.554
906.170
909.812
907.128
909.911
901.674
905.193
905.001
910.285
912.852
916.954
917.136
913.760
913.841
912.548
911.872
917.427
916.150
909.695
912.872
914.746
914.328
916.638
914.483
913.723
912.489
911.690
912.894
911.091
906.071
908.337
902.942
909.499
907.081
896.390
903.973
899.969
902.880
911.448
910.059
908.324
909.168
912.672
905.446
900.080
891.738
901.647
908.747
914.063
915.151
917.988
922.029
913.462
906.397
915.075
909.714
911.736
918.057
921.538
916.088
918.083
911.892
906.133
908.817
917.701
909.188
908.717
903.452
909.553
906.143
911.260
909.146
909.251
911.678
915.794
918.537
916.618
912.250
914.861
914.206
917.324
921.459
912.204
916.600
915.508
916.779
912.707
909.773
909.031
909.533
913.621
916.114
915.121
917.294
911.633
916.214
915.632
916.981
911.134
905.166
908.211
914.573
912.044
908.770
901.067
901.341
899.976
905.019
910.305
909.546
908.779
910.586
907.975
910.190
905.502
906.063
909.614
913.302
907.934
908.097
905.938
903.445
904.617
902.397
901.335
905.584
904.253
902.157
901.886
912.636
904.778
905.104
901.293
903.903
913.896
911.785
905.185
904.034
907.655
909.301
906.911
904.072
900.683
913.297
910.341
914.777
905.754
907.027
915.600
906.975
905.898
908.560
911.112
908.412
908.490
909.654
907.115
909.822
904.299
908.288
910.269
902.491
911.360
904.093
907.571
907.362
913.301
908.020
902.613
899.981
904.155
899.505
899.736
893.979
892.050
893.089
900.197
904.603
897.611
900.459
901.231
901.923
900.302
901.622
897.806
900.894
902.621
904.370
902.818
898.321
900.715
906.477
899.890
904.107
902.082
907.562
903.121
904.325
907.128
908.965
899.572
893.599
898.071
893.537
894.327
891.018
895.553
908.135
899.327
895.016
894.484
897.058
896.334
888.638
899.388
897.873
896.045
896.794
902.882
902.615
897.733
893.131
900.962
901.991
899.663
895.640
892.588
893.309
896.197
896.652
899.705
902.989
904.120
903.817
898.851
903.404
898.664
903.954
901.241
903.296
898.387
900.802
909.801
914.236
909.641
904.344
904.044
905.782
901.093
899.490
891.029
899.921
893.985
889.852
889.562
894.444
897.372
895.325
891.613
893.126
891.760
894.027
889.273
885.049
880.253
884.385
888.764
886.064
884.290
889.686
895.422
896.894
895.277
892.585
897.387
887.671
887.983
886.812
896.300
896.026
895.218
898.665
905.550
895.663
901.443
894.158
898.139
904.879
898.651
894.804
895.196
895.045
891.855
890.547
889.702
885.101
890.046
890.087
894.948
893.324
899.275
897.330
899.416
897.603
901.684
896.412
898.468
893.026
895.762
898.550
893.304
890.309
884.275
896.924
894.341
893.591
882.590
889.286
899.472
898.971
900.791
891.905
884.489
892.204
899.117
893.964
890.406
891.486
898.271
899.619
898.179
898.452
897.371
897.557
891.593
889.632
892.842
896.020
889.660
896.575
896.770
894.729
893.375
896.398
901.847
901.248
903.205
899.687
902.546
896.818
897.307
904.229
907.366
902.239
900.300
901.385
897.269
890.783
895.613
897.418
895.477
900.757
893.779
892.852
900.836
898.308
893.957
894.132
898.582
900.665
894.753
893.587
894.218
898.113
896.516
897.698
893.344
894.940
897.968
897.103
892.420
892.266
894.098
902.445
900.447
898.757
900.888
898.792
896.976
888.535
887.876
890.435
892.623
897.393
888.267
891.015
897.222
891.422
883.911
895.389
895.451
895.610
898.239
898.506
887.831
887.868
888.931
890.465
890.748
886.377
883.865
891.171
888.553
890.421
885.644
885.953
891.104
889.693
891.317
884.314
885.920
881.678
878.638
884.450
881.495
888.290
886.111
889.328
894.183
898.207
896.549
891.181
897.783
899.785
896.438
896.210
900.141
899.535
897.455
903.122
895.237
887.903
888.926
889.298
888.319
887.696
885.163
887.476
885.492
887.392
893.708
887.017
883.293
883.745
890.379
890.804
889.505
888.058
891.210
884.442
882.221
882.745
885.799
878.646
882.369
887.834
891.863
892.581
888.928
891.203
883.873
889.219
888.348
885.935
890.473
887.246
880.655
888.106
887.558
881.575
886.478
881.718
880.776
883.939
878.394
882.551
885.990
880.190
886.585
891.226
887.224
883.425
882.803
877.264
880.543
882.030
888.953
883.953
875.771
877.610
877.359
873.850
867.961
869.676
879.107
875.529
876.839
879.103
886.822
882.489
879.086
882.830
880.586
884.787
881.142
879.670
888.237
885.156
886.304
876.432
878.642
884.074
886.722
883.872
873.786
880.320
877.903
874.034
878.241
884.998
876.100
881.153
878.845
883.987
880.446
881.597
879.882
881.113
879.486
875.679
878.126
878.312
874.261
878.111
874.670
879.422
869.333
871.703
871.218
871.024
878.497
873.963
867.936
863.939
866.355
868.483
871.272
873.474
876.831
876.693
874.567
872.696
875.810
876.870
876.637
875.405
875.991
872.504
882.238
883.173
881.736
874.871
877.458
879.366
880.960
876.919
877.687
882.923
887.293
888.306
882.663
887.546
885.550
890.856
895.987
890.717
884.888
885.717
888.234
885.302
883.882
885.442
878.919
881.949
885.407
888.188
890.879
886.905
890.275
888.695
893.485
895.224
889.632
887.320
888.696
892.113
888.302
891.861
887.171
886.604
889.689
889.736
896.214
890.525
894.353
888.870
887.001
888.616
893.488
894.191
889.635
892.608
892.183
889.470
889.354
895.190
889.804
892.611
893.321
891.514
882.847
885.183
882.087
881.293
883.611
888.932
884.433
885.145
884.456
889.539
892.204
896.525
889.059
890.323
888.698
884.374
883.105
892.216
894.054
895.088
897.703
899.728
899.077
902.190
893.256
891.453
897.548
900.220
902.984
900.233
898.097
900.439
906.919
903.544
898.931
900.020
901.358
893.960
892.387
902.327
898.414
897.043
906.504
903.914
900.793
893.469
902.327
900.480
899.117
896.943
896.092
900.816
904.822
898.131
893.248
893.340
900.160
903.365
909.909
906.549
902.073
898.129
900.295
901.217
896.012
893.246
898.244
891.730
900.849
894.158
898.565
899.113
897.988
894.461
900.509
897.960
893.894
899.171
891.883
898.276
902.764
897.668
900.418
895.901
899.076
895.377
897.857
902.827
902.246
901.169
895.178
895.285
896.178
899.450
893.277
896.383
902.053
904.053
899.865
895.293
900.487
899.649
901.556
902.608
899.967
901.943
906.749
906.245
912.955
904.905
899.020
901.892
894.850
903.888
903.345
896.971
903.526
903.606
908.052
909.208
911.135
912.496
902.694
901.469
905.856
906.387
908.279
905.132
903.804
902.713
910.022
915.737
917.142
913.708
914.904
908.504
916.511
912.358
914.007
911.008
913.919
908.318
911.663
911.164
919.046
915.747
907.700
915.520
913.941
915.762
918.386
924.628
917.692
910.887
918.941
922.215
919.134
917.904
920.545
912.555
913.290
911.557
908.167
911.516
908.847
907.913
907.689
901.429
903.283
905.478
904.628
900.204
899.763
903.076
901.916
903.495
908.874
910.250
899.810
902.016
901.986
907.753
912.346
916.123
905.016
906.476
904.846
903.725
904.105
897.672
890.806
897.615
899.605
895.895
892.942
888.774
893.571
893.491
896.900
897.036
889.400
892.563
895.816
892.598
888.040
892.919
884.150
895.386
897.891
893.115
888.812
889.680
886.325
899.199
894.989
898.001
891.560
896.522
892.845
891.681
892.893
888.139
892.374
881.093
883.420
884.439
877.921
880.132
879.324
884.088
889.359
885.348
883.737
891.834
893.723
889.078
889.397
893.234
887.314
890.700
891.422
887.810
888.769
884.176
888.881
891.865
889.930
896.421
897.481
893.289
892.403
894.989
897.006
900.826
897.333
897.609
897.042
895.536
898.499
901.221
888.076
890.400
894.709
895.220
896.689
899.165
902.112
906.649
907.577
903.642
904.014
900.993
903.061
906.769
906.404
910.958
905.172
904.239
901.386
896.503
896.800
901.472
899.236
899.964
900.348
906.191
898.840
900.573
901.584
899.919
906.362
913.805
907.221
908.036
905.675
906.651
903.534
897.999
897.838
902.871
900.957
903.748
898.962
893.822
890.087
892.126
900.902
893.700
891.533
895.623
899.133
903.826
895.537
895.936
899.988
898.166
893.607
901.254
903.464
897.312
896.651
906.045
901.610
901.387
900.254
905.913
902.923
902.847
903.821
896.977
902.291
905.364
905.168
908.714
909.481
909.139
902.796
908.132
910.237
906.546
904.857
900.285
904.461
901.176
903.140
900.630
904.828
900.833
903.805
902.775
896.434
896.087
896.442
899.572
895.620
894.823
895.121
899.041
902.458
898.926
902.199
900.017
906.331
896.780
896.990
893.853
895.076
898.568
890.325
892.880
893.862
893.774
893.686
900.966
899.288
901.442
896.074
899.903
901.748
902.749
900.799
904.636
905.401
905.358
909.957
905.714
905.772
907.830
905.984
907.793
899.589
900.178
893.433
894.477
891.104
892.108
900.113
899.099
906.672
906.474
905.663
908.141
903.300
904.268
906.064
897.294
894.343
900.150
899.253
901.499
899.491
897.901
895.393
906.111
902.024
897.531
898.743
904.471
904.450
901.529
899.981
903.680
899.642
897.379
891.275
899.777
901.432
901.628
898.593
893.361
892.396
897.630
888.189
886.765
891.704
896.542
896.564
894.979
887.442
895.948
901.834
905.438
901.940
907.477
902.883
895.680
898.575
897.513
903.890
905.565
906.719
907.192
899.910
898.564
900.717
897.745
900.080
897.074
899.122
894.766
890.890
897.389
899.325
898.942
900.245
901.158
896.808
897.080
896.332
901.950
905.237
902.827
899.971
894.074
890.380
897.626
899.021
896.574
895.545
905.969
901.851
908.112
906.296
896.233
903.576
907.262
897.946
897.682
903.750
907.259
912.297
908.900
912.153
902.516
901.743
903.860
897.699
896.786
903.130
895.382
897.278
894.422
897.890
890.490
892.513
889.324
891.853
889.068
884.803
883.557
887.720
895.394
895.586
890.377
884.493
889.842
890.007
889.021
886.118
883.256
883.481
884.228
881.805
886.205
886.923
890.974
888.573
885.527
887.924
889.798
892.469
888.429
887.649
883.059
892.028
895.578
898.028
894.681
890.321
885.998
887.675
888.159
890.650
888.677
890.445
886.719
892.762
889.798
887.351
887.452
887.404
888.426
886.734
886.680
890.115
890.785
887.852
891.771
893.773
894.571
885.073
881.394
878.209
882.889
882.029
885.794
887.413
887.966
887.052
885.493
880.800
888.727
887.199
886.922
890.668
886.407
889.996
888.089
887.704
888.487
895.151
894.529
893.517
890.807
892.115
896.801
888.116
894.845
895.683
894.767
898.442
897.795
890.735
896.738
888.232
899.134
896.998
890.023
897.655
895.963
889.730
892.371
896.852
893.282
898.421
899.981
898.227
897.579
892.882
892.911
885.426
895.124
886.968
883.153
882.182
888.617
879.981
883.268
878.500
880.478
883.331
887.068
885.625
881.348
890.600
883.949
883.320
884.480
889.647
885.612
889.153
892.760
887.556
888.766
891.689
893.292
901.911
895.271
889.899
889.063
885.887
880.334
892.687
894.114
887.523
887.958
892.232
892.596
888.351
889.041
893.002
897.155
905.464
896.232
896.747
895.067
899.022
898.371
896.114
898.168
904.875
909.581
901.269
899.163
894.133
897.888
893.516
888.661
885.191
888.350
892.016
889.981
891.544
885.911
886.286
893.047
902.548
893.354
899.730
888.563
888.282
890.340
892.154
892.217
897.295
899.747
900.430
898.816
889.118
899.769
900.479
901.728
892.886
891.411
893.675
898.964
901.542
902.813
895.873
896.142
897.745
893.187
895.410
888.208
893.618
888.504
889.066
888.836
891.365
886.144
891.239
893.644
885.424
892.941
887.586
883.207
881.758
879.630
882.274
881.280
886.589
890.846
888.806
887.856
884.777
890.840
879.651
879.626
882.704
886.986
884.592
879.265
884.245
882.865
875.033
881.526
879.362
875.056
876.311
884.741
880.270
875.091
877.989
879.238
875.767
882.507
883.040
877.570
878.427
874.395
883.047
879.007
889.032
883.465
875.218
876.956
874.618
878.004
875.666
874.689
879.577
869.417
878.839
879.401
871.474
876.573
871.641
875.091
880.060
870.318
870.955
882.590
883.515
875.990
879.968
881.771
879.080
884.544
878.879
880.500
881.574
878.557
879.033
880.979
885.881
888.115
885.434
888.493
893.731
894.032
891.858
887.541
881.905
877.731
877.691
880.981
883.486
886.271
888.169
883.983
894.096
883.822
879.563
886.541
891.480
883.577
886.137
889.967
887.989
889.517
889.012
880.691
886.683
881.235
876.098
883.111
879.930
881.478
886.408
882.594
876.165
874.366
871.522
875.757
871.939
882.966
890.898
871.886
872.059
876.960
883.915
883.183
874.626
876.857
880.673
869.790
876.188
874.603
875.320
875.181
874.636
874.916
875.219
875.547
876.444
882.792
880.915
889.569
885.154
875.029
882.720
882.189
876.101
878.722
874.462
876.329
877.895
881.514
883.516
880.811
874.197
880.539
879.143
886.887
880.623
882.706
882.071
883.772
877.934
885.586
883.797
889.575
885.129
881.231
885.428
884.601
889.888
892.149
884.570
887.839
891.692
891.289
893.906
898.484
898.096
895.743
894.253
897.882
889.675
891.579
885.538
889.114
888.568
890.458
886.217
891.365
888.549
884.243
886.961
892.571
890.416
895.358
895.774
884.156
896.598
895.295
889.495
891.468
892.143
900.732
899.453
895.422
896.686
894.552
890.806
890.472
893.058
887.644
884.838
890.950
886.993
883.489
888.402
891.772
892.853
895.757
893.283
893.818
895.226
891.465
891.074
887.508
896.880
895.954
896.966
890.300
892.388
893.005
894.066
887.700
889.885
890.602
890.497
888.313
889.750
890.721
891.087
888.952
885.239
890.586
891.440
884.472
885.147
885.395
882.118
885.593
886.846
890.400
891.620
893.579
892.853
887.577
892.937
893.915
890.793
895.114
897.412
891.673
892.424
894.348
885.294
887.420
889.292
884.304
892.297
891.964
900.020
895.252
900.175
898.888
898.037
901.627
899.191
896.881
892.730
899.223
897.370
893.235
892.522
896.284
896.931
896.761
893.687
889.449
886.649
890.308
895.344
892.766
892.437
893.115
890.590
900.485
899.338
900.438
894.714
891.277
894.130
898.589
895.823
900.072
903.878
898.801
904.639
908.934
908.607
906.569
910.273
905.113
905.598
906.319
903.202
908.568
909.297
902.209
904.625
905.883
912.633
912.356
916.309
908.748
902.443
913.187
912.661
911.477
902.981
895.609
910.474
908.068
908.536
903.629
909.586
911.467
901.617
901.169
902.715
915.018
906.146
906.678
910.184
904.492
900.020
895.841
900.692
901.740
900.407
892.609
888.947
893.480
894.561
896.258
894.609
897.163
895.389
898.600
896.053
895.249
891.273
885.800
891.997
895.096
892.309
891.066
893.650
897.348
889.241
898.169
892.881
885.506
893.539
891.667
898.253
895.821
891.198
895.152
891.821
886.862
888.133
895.340
896.444
894.471
896.653
900.333
894.957
894.748
897.867
906.756
901.949
897.153
900.771
902.284
900.259
895.760
900.750
900.703
907.098
904.884
899.637
899.736
904.561
907.056
914.380
907.770
906.634
908.235
910.086
909.128
908.657
906.875
903.665
903.458
904.835
903.048
905.204
896.752
898.556
903.914
900.951
903.243
898.918
893.541
889.919
892.497
894.554
895.415
900.253
895.244
895.116
891.664
898.533
895.087
892.405
902.807
904.387
903.693
902.949
898.684
901.968
903.770
898.878
895.715
895.591
900.150
895.061
893.285
891.096
890.360
892.914
884.609
893.755
896.196
893.121
898.531
899.769
905.404
902.721
901.343
897.772
899.323
903.110
896.097
895.618
903.142
900.023
900.818
896.439
895.449
895.273
899.717
898.203
892.604
889.467
892.114
896.463
898.006
900.753
896.089
900.441
897.963
896.072
886.670
888.972
884.851
893.711
891.811
886.785
884.274
884.208
890.307
890.759
892.913
892.606
888.530
891.779
892.268
890.949
891.961
888.416
894.586
886.015
889.205
891.617
889.835
879.923
879.760
884.054
885.581
885.999
884.404
890.650
882.529
887.484
881.803
883.875
885.249
896.064
899.271
895.630
895.128
889.677
891.498
891.571
896.479
895.475
902.075
903.171
899.960
898.913
896.592
894.676
896.923
898.951
894.450
892.069
891.649
890.455
896.225
896.158
887.829
890.534
894.807
891.510
895.560
895.258
895.315
901.140
897.604
891.660
903.621
899.350
896.140
893.519
901.476
907.232
908.912
901.855
899.033
898.378
903.105
901.420
895.430
890.282
885.284
883.919
894.035
892.401
891.844
896.154
895.365
892.237
894.479
896.488
901.486
903.602
901.487
898.610
898.002
896.279
900.611
902.429
903.688
895.587
896.861
904.753
890.555
894.524
894.051
893.591
894.450
892.039
893.071
891.205
890.513
894.016
890.349
895.882
894.870
888.568
883.344
887.136
877.085
881.582
877.910
877.519
886.797
895.432
890.273
889.215
886.627
886.025
878.524
887.043
888.568
887.108
889.718
888.000
889.771
886.494
886.710
880.435
879.194
881.443
874.004
882.503
888.706
890.476
881.979
889.385
890.648
882.558
885.853
883.240
882.919
881.407
878.690
886.552
886.977
889.002
885.168
892.561
893.600
888.469
889.313
891.702
887.627
888.284
883.645
887.127
886.409
879.840
888.433
889.066
888.060
890.707
882.211
883.109
884.969
886.057
890.182
881.775
883.255
889.789
889.958
900.143
893.645
895.248
890.409
896.581
897.829
895.984
890.166
892.980
895.427
896.635
893.280
891.534
898.821
897.996
898.020
899.458
900.543
893.823
889.855
889.577
890.806
892.392
893.756
892.224
883.590
886.307
885.662
896.853
895.897
893.214
896.399
897.964
903.111
893.567
895.622
897.917
897.368
901.752
905.120
907.495
898.509
896.943
898.265
893.515
902.751
902.927
901.536
900.074
898.650
907.473
902.206
900.714
898.376
901.042
905.406
903.991
893.700
896.465
896.905
894.041
899.151
893.547
893.287
893.108
891.572
899.029
897.977
892.747
891.947
891.838
894.621
891.382
896.076
897.202
898.419
895.043
892.341
894.612
887.244
891.866
895.767
894.968
896.070
893.673
894.243
895.228
890.517
886.667
892.701
887.497
891.027
886.370
882.992
885.086
883.605
882.385
883.613
885.003
881.725
879.075
875.006
877.199
877.752
879.453
878.625
866.836
877.276
874.393
877.795
875.915
884.089
876.449
878.034
872.874
875.802
868.548
872.657
874.790
862.549
868.386
875.604
872.142
871.368
870.679
865.038
865.347
878.922
874.684
875.648
876.937
876.878
872.065
876.894
875.357
882.489
879.171
875.276
879.571
878.123
878.177
878.808
878.020
880.333
878.503
875.783
879.317
876.113
883.525
882.299
885.977
877.914
884.459
885.692
880.267
877.874
885.489
875.999
886.806
875.585
873.850
876.499
882.702
879.050
883.244
881.166
882.786
888.148
882.632
874.179
870.531
867.818
869.032
874.695
867.930
865.831
871.102
877.020
876.571
877.324
882.280
879.928
872.187
871.348
872.209
878.625
877.460
879.481
878.194
880.992
875.633
887.344
886.677
883.058
884.488
882.983
879.618
881.042
881.591
886.324
890.250
883.449
882.871
881.310
879.117
882.258
883.255
880.365
880.364
875.850
876.870
873.953
874.008
877.757
875.929
877.196
880.545
881.870
875.790
882.445
881.964
882.223
881.702
877.275
877.230
878.129
870.485
873.881
875.614
873.870
874.456
877.554
874.334
876.806
873.452
871.756
878.822
877.860
879.664
877.380
877.871
874.401
874.965
873.207
870.440
871.037
875.206
872.277
864.257
868.020
869.683
869.875
868.170
875.679
871.545
860.643
868.002
862.552
867.546
871.285
874.008
869.243
866.866
876.296
872.925
874.206
860.290
864.496
863.561
862.842
859.153
860.974
866.965
866.390
871.143
871.050
872.002
866.737
867.174
869.001
864.554
865.449
870.540
865.907
861.864
862.862
866.535
866.642
867.511
856.953
855.272
870.343
867.797
871.642
867.070
867.901
867.182
867.228
864.754
866.247
868.105
866.236
866.993
869.207
863.955
866.073
867.153
868.943
865.854
864.737
868.799
868.896
869.818
871.602
865.574
872.511
873.805
865.074
873.934
869.862
872.382
869.893
872.917
867.865
871.461
866.739
862.827
864.926
871.122
872.187
872.769
870.239
876.754
865.117
866.365
876.875
873.030
872.632
862.880
864.215
860.767
865.172
859.209
860.622
862.150
863.772
865.077
861.970
864.917
861.004
865.093
865.317
869.049
866.825
861.926
861.308
867.131
863.228
861.848
861.397
866.631
873.327
871.346
869.745
864.830
863.054
860.567
870.046
866.569
867.471
870.355
875.499
871.181
871.061
872.447
870.817
871.869
879.784
880.907
881.879
878.588
877.434
879.437
877.638
878.295
871.091
867.818
868.403
869.583
865.340
865.820
870.915
869.473
871.471
870.278
869.478
860.585
870.632
873.769
870.017
875.171
875.827
875.411
870.224
868.449
875.084
868.567
865.473
868.402
870.020
869.915
879.802
879.885
878.141
872.244
867.678
867.890
871.272
869.740
873.068
868.003
876.550
876.275
869.120
870.200
874.269
869.690
870.537
871.635
866.135
871.224
871.598
866.735
864.548
872.185
868.142
872.641
869.936
868.359
866.110
868.527
878.899
880.941
876.780
877.951
876.628
872.312
870.687
875.702
877.670
879.608
880.173
878.717
881.145
877.890
879.930
882.416
876.405
877.048
877.943
875.390
878.089
879.911
885.731
880.558
879.364
880.554
879.679
876.554
877.697
882.957
880.115
882.940
882.923
889.282
883.128
885.293
887.066
881.135
884.394
881.875
885.701
881.101
883.417
880.063
880.401
881.684
880.500
878.523
877.596
877.684
875.347
877.949
883.309
887.476
882.120
879.229
884.087
880.611
883.133
880.680
882.196
882.842
883.205
878.329
882.155
882.106
882.191
886.701
889.084
882.646
886.808
886.851
888.290
891.836
884.553
894.341
893.875
895.187
897.381
887.097
889.116
888.824
883.298
883.886
893.130
892.113
896.641
897.247
894.894
894.919
892.671
890.993
891.116
894.380
889.885
891.888
891.233
890.042
893.696
889.542
896.397
894.289
893.880
900.948
897.612
896.202
894.470
896.680
894.098
889.721
888.464
891.527
891.832
886.362
884.162
881.856
881.797
877.886
877.264
888.023
878.570
876.029
877.081
882.124
876.752
881.153
877.184
870.586
883.439
887.812
889.450
888.932
885.238
888.206
888.627
887.804
891.002
887.136
886.765
883.959
885.648
885.656
883.620
883.439
884.173
885.865
887.597
885.598
893.737
894.022
896.359
893.527
896.301
894.664
896.394
892.105
891.905
887.676
892.923
888.351
883.141
883.010
886.534
892.204
891.145
893.048
890.407
890.133
887.299
887.047
886.483
896.068
897.220
895.613
893.538
893.294
895.211
897.737
895.464
892.401
892.315
893.175
886.345
885.331
885.385
887.521
891.213
892.319
895.600
894.457
894.022
890.723
894.253
894.898
896.025
901.660
903.638
899.358
903.951
905.507
904.669
898.296
900.912
898.550
905.343
898.313
905.329
894.978
890.497
889.041
900.439
893.940
894.820
897.668
902.941
896.068
892.246
899.932
897.692
894.550
895.036
895.440
898.440
895.681
892.421
894.756
885.020
890.812
888.602
890.039
893.555
892.932
889.244
892.290
892.191
895.246
893.065
894.955
890.549
885.073
881.893
884.344
886.858
894.784
886.549
886.142
888.007
887.386
893.551
886.144
878.509
882.896
873.533
887.130
888.980
889.210
888.295
886.167
886.157
887.595
887.319
891.158
888.185
885.356
887.712
884.424
884.266
884.940
888.730
889.037
888.378
887.365
883.502
884.768
886.761
884.746
885.891
886.283
886.445
887.355
889.559
885.292
884.735
887.349
888.508
893.563
887.756
889.760
885.087
883.961
888.547
891.071
888.423
889.067
893.856
892.776
891.749
887.647
896.552
898.024
898.171
896.527
890.847
888.842
894.114
890.873
896.635
894.593
893.010
890.735
891.421
883.285
891.584
884.034
886.790
885.848
888.519
893.932
888.735
883.502
891.460
887.704
887.204
886.116
888.453
890.176
890.770
892.537
894.891
898.912
896.986
900.654
894.878
891.719
893.594
897.718
884.547
887.777
897.245
896.162
898.358
889.434
890.266
886.929
888.571
890.634
889.278
890.584
888.998
885.488
885.975
887.605
889.856
883.357
882.638
893.631
888.123
