1091.577
1081.768
1079.061
1073.068
1067.376
1066.176
1070.621
1083.983
1091.555
1070.607
1077.152
1078.639
1069.206
1069.900
1074.598
1081.114
1086.051
1081.570
1084.966
1080.287
1081.538
1084.412
1078.185
1088.043
1096.409
1092.575
1086.392
1089.639
1103.459
1102.648
1100.607
1096.161
1084.364
1091.448
1108.481
1104.334
1098.626
1095.061
1094.373
1100.961
1101.095
1104.933
1098.114
1094.813
1098.252
1104.036
1091.318
1092.026
1099.431
1104.521
1100.135
1104.457
1100.483
1107.255
1097.911
1100.899
1099.259
1098.377
1106.603
1106.899
1102.382
1087.899
1091.451
1089.058
1109.383
1102.185
1097.520
1087.165
1078.065
1080.928
1079.760
1087.507
1090.902
1103.271
1110.276
1106.191
1098.917
1093.611
1095.864
1092.934
1093.776
1096.708
1096.437
1090.229
1082.981
1076.941
1083.778
1087.555
1088.291
1097.371
1089.315
1088.560
1089.956
1094.969
1103.652
1103.576
1104.281
1101.276
1094.603
1097.993
1098.695
1089.442
1089.510
1091.941
1103.075
1096.906
1102.525
1108.853
1110.871
1112.688
1117.790
1113.277
1107.738
1105.258
1113.732
1114.400
1111.361
1116.852
1109.628
1114.585
1102.603
1098.952
1105.123
1113.137
1109.034
1112.717
1109.726
1106.714
1110.060
1121.199
1139.527
1143.233
1142.595
1125.871
1123.237
1138.730
1139.919
1142.356
1135.963
1131.735
1138.195
1140.971
1138.909
1143.416
1148.546
1136.705
1128.086
1123.659
1124.701
1133.511
1129.930
1128.323
1121.765
1116.433
1116.605
1114.965
1108.949
1125.909
1130.430
1114.091
1114.340
1108.972
1116.028
1113.933
1103.458
1092.839
1075.606
1079.967
1080.420
1082.193
1076.180
1075.719
1078.860
1072.573
1081.402
1078.531
1081.362
1083.478
1083.215
1088.436
1089.654
1091.531
1086.532
1082.555
1083.939
1083.897
1087.853
1086.774
1078.187
1078.154
1086.837
1081.090
1078.049
1073.489
1072.155
1065.984
1073.059
1082.990
1084.647
1094.516
1100.835
1088.539
1081.576
1078.528
1090.086
1090.944
1086.114
1079.909
1076.445
1083.911
1073.416
1068.190
1074.067
1083.875
1094.376
1096.036
1090.734
1085.040
1081.923
1090.517
1086.501
1087.300
1089.380
1104.180
1113.010
1097.068
1092.783
1095.292
1113.994
1109.949
1108.244
1105.085
1114.351
1110.530
1111.086
1110.277
1114.937
1107.953
1108.476
1105.723
1106.509
1109.884
1106.544
1107.501
1096.716
1102.833
1098.486
1084.602
1089.615
1085.316
1090.894
1084.922
1086.647
1089.274
1084.173
1084.224
1089.011
1094.439
1095.575
1099.983
1097.633
1089.054
1091.347
1090.014
1095.359
1108.792
1103.349
1099.462
1113.109
1095.434
1091.722
1090.221
1083.626
1073.970
1079.524
1086.353
1092.021
1091.716
1103.546
1094.096
1094.172
1103.394
1103.276
1097.763
1091.245
1106.535
1103.290
1113.673
1116.981
1109.420
1099.238
1100.565
1098.036
1096.670
1096.329
1097.232
1095.932
1104.814
1107.444
1101.607
1096.086
1096.995
1095.731
1111.913
1115.345
1119.127
1111.653
1102.924
1105.047
1101.782
1098.210
1094.668
1091.718
1088.004
1078.699
1081.277
1083.906
1086.417
1097.179
1090.599
1079.312
1071.827
1079.372
1071.402
1069.352
1072.746
1073.086
1068.289
1079.692
1068.818
1067.038
1073.054
1070.652
1062.394
1062.185
1056.965
1052.893
1057.274
1064.862
1067.125
1069.191
1066.316
1070.663
1060.829
1057.903
1062.037
1062.297
1070.685
1080.358
1088.218
1083.201
1088.294
1083.833
1077.797
1080.895
1066.161
1082.449
1090.879
1093.519
1084.509
1081.525
1079.199
1077.928
1075.974
1079.127
1086.856
1078.967
1074.218
1076.382
1073.271
1076.916
1072.607
1069.879
1062.881
1065.810
1069.940
1065.842
1063.295
1073.393
1073.088
1069.879
1074.468
1069.565
1075.691
1067.218
1072.004
1069.607
1067.706
1058.865
1066.561
1060.889
1071.272
1072.571
1070.072
1064.120
1062.083
1047.650
1045.915
1050.517
1051.438
1054.511
1057.117
1062.036
1056.421
1063.534
1074.439
1068.918
1072.302
1071.938
1069.363
1072.662
1072.014
1070.903
1068.783
1077.522
1073.385
1065.362
1072.767
1073.744
1062.396
1061.970
1061.843
1064.201
1067.999
1076.290
1083.391
1096.905
1098.496
1086.310
1081.517
1076.947
1079.542
1080.831
1083.023
1079.930
1087.160
1084.965
1093.267
1083.253
1097.730
1103.822
1097.364
1100.312
1089.663
1091.803
1086.061
1088.036
1078.968
1074.931
1066.702
1066.189
1067.589
1078.372
1080.989
1085.356
1074.241
1070.206
1073.317
1067.551
1062.717
1073.178
1071.112
1070.265
1061.177
1056.289
1050.559
1047.348
1058.473
1070.449
1070.319
1078.250
1076.866
1078.168
1063.791
1080.257
1088.908
1088.468
1069.737
1076.549
1072.808
1078.598
1079.569
1088.236
1090.069
1095.529
1083.857
1079.667
1073.112
1062.154
1064.459
1064.652
1076.848
1084.769
1079.254
1082.312
1081.882
1078.055
1084.608
1088.836
1093.355
1090.100
1093.722
1086.877
1088.073
1081.192
1081.708
1085.790
1088.152
1087.694
1088.182
1091.142
1092.264
1087.929
1083.910
1072.725
1077.775
1085.973
1082.738
1088.777
1090.147
1088.518
1079.265
1080.521
1072.824
1077.274
1077.632
1074.931
1081.996
1074.697
1082.046
1082.449
1081.349
1078.113
1079.694
1089.153
1088.289
1086.705
1074.839
1082.939
1082.515
1077.527
1073.446
1076.375
1077.291
1076.994
1071.453
1071.049
1068.023
1077.101
1080.854
1082.219
1087.470
1089.371
1093.397
1093.045
1088.206
1089.167
1093.939
1088.998
1080.341
1104.893
1105.595
1121.104
1117.978
1113.867
1120.138
1114.485
1109.300
1100.436
1107.734
1110.771
1108.179
1106.039
1103.026
1093.490
1082.011
1076.871
1078.915
1082.092
1083.558
1076.934
1089.187
1089.524
1094.265
1097.163
1090.551
1094.095
1099.447
1099.927
1094.924
1100.884
1103.166
1096.183
1093.638
1091.469
1089.170
1093.751
1090.791
1095.009
1093.896
1082.935
1082.004
1080.865
1068.389
1082.416
1081.991
1067.860
1068.340
1070.452
1073.238
1053.228
1059.111
1060.230
1063.850
1068.994
1058.417
1053.097
1045.495
1051.109
1059.565
1064.476
1064.075
1051.708
1054.293
1044.407
1049.364
1054.270
1055.529
1069.003
1071.433
1075.554
1074.145
1074.950
1084.438
1084.819
1085.797
1084.203
1069.011
1072.230
1070.812
1057.719
1061.372
1059.506
1063.956
1053.998
1054.516
1047.501
1044.266
1040.370
1044.415
1037.232
1034.701
1040.255
1046.150
1051.322
1047.392
1050.776
1056.339
1054.377
1050.913
1062.859
1064.057
1065.096
1063.170
1046.161
1047.309
1047.909
1050.591
1047.093
1055.012
1053.972
1066.731
1054.219
1056.641
1050.554
1061.180
1062.000
1064.665
1058.447
1059.446
1071.483
1073.643
1075.000
1069.685
1064.669
1061.335
1060.875
1067.368
1061.453
1073.917
1073.631
1078.539
1081.997
1075.409
1061.891
1056.941
1060.025
1063.742
1062.858
1066.057
1067.951
1073.608
1074.245
1074.801
1073.264
1063.706
1067.799
1064.746
1070.890
1063.614
1062.015
1060.242
1076.900
1089.972
1087.349
1087.485
1083.010
1071.922
1073.900
1074.672
1080.311
1075.819
1083.181
1070.649
1071.202
1084.351
1091.992
1083.828
1080.297
1080.190
1078.609
1077.202
1068.572
1074.856
1069.147
1066.117
1065.697
1070.938
1074.393
1078.425
1079.926
1093.705
1081.541
1082.912
1091.505
1099.090
1094.885
1095.988
1091.316
1094.273
1100.323
1096.530
1100.730
1096.309
1098.271
1091.102
1082.458
1079.678
1077.410
1090.870
1085.600
1078.745
1090.541
1094.501
1094.005
1085.163
1090.813
1114.461
1104.088
1094.582
1092.664
1083.746
1085.683
1079.743
1081.896
1067.379
1066.908
1063.917
1075.578
1078.429
1080.117
1081.102
1079.976
1069.474
1072.639
1086.564
1085.993
1081.397
1075.624
1071.018
1072.738
1066.162
1067.398
1073.207
1070.066
1068.766
1069.143
1075.897
1076.660
1074.157
1076.150
1087.110
1081.963
1086.166
1089.683
1077.723
1082.464
1076.678
1071.963
1070.288
1065.210
1070.942
1064.869
1063.835
1068.097
1064.506
1050.220
1062.582
1058.959
1063.532
1077.912
1088.949
1078.842
1071.084
1072.798
1076.009
1074.462
1067.367
1063.075
1054.268
1049.136
1053.602
1050.126
1053.407
1055.407
1061.858
1064.589
1053.880
1054.103
1050.464
1052.676
1055.555
1044.901
1050.215
1055.472
1059.388
1066.283
1059.340
1053.390
1050.649
1053.018
1060.202
1059.820
1060.923
1061.585
1065.731
1068.487
1074.344
1078.512
1074.238
1070.193
1066.569
1062.942
1058.180
1066.120
1065.927
1068.620
1070.010
1059.676
1055.864
1046.578
1056.621
1056.624
1052.934
1047.944
1052.244
1063.299
1061.772
1071.157
1069.813
1081.341
1082.333
1080.604
1080.798
1082.826
1089.703
1085.655
1087.547
1080.646
1080.729
1077.768
1083.229
1090.922
1083.243
1080.591
1077.316
1078.201
1078.510
1079.024
1078.736
1082.123
1079.115
1075.672
1083.648
1077.201
1081.716
1081.302
1079.694
1078.718
1069.173
1067.663
1076.563
1074.964
1080.760
1075.369
1082.755
1083.743
1072.053
1073.850
1069.523
1069.398
1075.342
1090.408
1092.944
1094.598
1087.685
1088.111
1087.083
1080.311
1086.063
1083.183
1080.462
1080.221
1086.267
1084.346
1081.878
1075.617
1071.671
1069.450
1075.618
1079.294
1070.985
1071.876
1072.654
1079.651
1085.661
1077.391
1072.861
1071.772
1068.753
1071.866
1073.509
1083.699
1079.763
1084.815
1080.693
1090.656
1078.461
1084.836
1083.593
1083.037
1081.525
1088.220
1077.566
1073.316
1077.977
1075.082
1074.503
1076.963
1078.969
1070.898
1066.088
1074.548
1074.190
1074.519
1069.400
1065.409
1054.269
1054.412
1062.736
1067.989
1072.435
1084.533
1088.056
1091.044
1097.516
1100.950
1099.770
1097.730
1098.753
1095.399
1098.057
1102.927
1095.098
1089.444
1085.482
1086.390
1069.435
1070.406
1076.742
1070.820
1059.496
1063.589
1056.463
1071.647
1074.237
1070.092
1069.611
1071.265
1074.374
1078.684
1081.510
1094.442
1096.911
1098.663
1092.372
1084.958
1075.352
1084.903
1077.715
1079.815
1087.543
1091.346
1086.707
1084.391
1077.277
1075.165
1078.779
1080.396
1083.894
1086.109
1079.275
1083.859
1082.680
1093.665
1089.271
1090.171
1085.549
1080.088
1082.126
1085.407
1093.154
1091.579
1091.105
1095.817
1090.200
1090.506
1088.126
1079.249
1086.101
1090.622
1083.706
1077.349
1074.606
1073.699
1068.358
1075.899
1077.116
1078.628
1078.005
1071.535
1070.819
1073.279
1067.198
1070.183
1075.113
1081.020
1081.884
1081.303
1077.394
1084.979
1078.581
1083.688
1091.883
1080.139
1075.813
1076.578
1070.741
1065.904
1073.420
1068.936
1070.113
1076.300
1085.260
1083.660
1089.659
1079.110
1075.973
1078.326
1079.267
1083.030
1082.068
1084.369
1086.001
1081.741
1079.059
1080.992
1081.745
1083.519
1081.798
1065.760
1074.823
1077.787
1085.830
1091.919
1093.114
1083.277
1082.581
1084.904
1089.379
1084.686
1092.682
1087.262
1083.062
1083.624
1086.708
1081.778
1075.169
1073.855
1081.952
1070.363
1078.212
1089.091
1082.829
1077.573
1074.371
1079.351
1092.227
1089.163
1101.593
1097.932
1106.378
1105.722
1112.560
1113.227
1113.481
1107.632
1114.809
1119.086
1124.407
1111.278
1112.534
1112.429
1113.795
1113.878
1111.344
1109.292
1103.698
1092.429
1090.021
1104.629
1120.962
1123.068
1129.134
1123.783
1127.954
1111.452
1117.096
1121.330
1117.556
1112.731
1103.524
1101.363
1109.241
1104.183
1103.454
1105.202
1108.348
1099.250
1097.331
1087.867
1081.936
1089.863
1101.505
1098.838
1092.943
1098.171
1085.916
1084.023
1078.775
1080.897
1075.613
1077.838
1076.927
1077.837
1083.357
1079.100
1080.512
1077.084
1082.170
1087.098
1095.122
1085.745
1089.307
1094.453
1092.488
1084.589
1083.441
1082.033
1087.544
1090.483
1087.363
1078.158
1076.072
1075.941
1082.485
1088.592
1087.440
1084.458
1083.335
1080.949
1081.703
1090.052
1087.924
1086.207
1085.281
1098.158
1106.527
1104.019
1115.396
1107.820
1113.669
1110.134
1107.382
1095.004
1092.213
1100.748
1100.190
1088.564
1081.308
1086.586
1091.930
1087.326
1082.574
1082.985
1083.023
1083.137
1078.378
1087.209
1076.343
1071.897
1081.458
1078.833
1083.634
1077.988
1076.463
1074.145
1076.774
1080.841
1077.726
1075.057
1066.218
1067.065
1062.704
1066.640
1071.503
1075.367
1076.675
1078.843
1091.899
1092.435
1090.197
1087.882
1089.293
1091.675
1083.288
1084.155
1089.609
1088.232
1086.449
1089.187
1089.317
1078.711
1077.338
1069.513
1071.409
1068.734
1069.052
1087.615
1093.141
1090.425
1084.568
1092.187
1103.144
1099.752
1096.450
1101.314
1101.794
1098.778
1098.552
1087.074
1087.634
1081.404
1080.876
1084.528
1080.765
1079.488
1073.184
1071.160
1083.275
1074.983
1087.946
1073.742
1062.034
1067.079
1061.946
1066.654
1069.750
1058.977
1065.239
1071.749
1072.443
1065.845
1073.090
1060.393
1060.506
1060.786
1063.540
1065.161
1061.636
1053.497
1055.645
1066.067
1063.696
1068.053
1064.673
1069.255
1066.257
1069.140
1065.295
1064.231
1067.305
1069.719
1077.210
1077.425
1066.298
1069.674
1073.370
1080.018
1078.024
1073.733
1076.148
1073.109
1078.867
1092.883
1097.029
1102.329
1098.505
1099.545
1112.941
1109.252
1103.361
1098.270
1098.957
1099.663
1107.572
1100.679
1105.053
1111.143
1112.165
1105.931
1116.842
1105.786
1108.402
1099.377
1086.105
1094.050
1089.429
1086.498
1086.363
1089.264
1090.248
1087.373
1085.135
1085.474
1085.343
1088.959
1093.538
1091.719
1091.141
1088.954
1095.746
1096.165
1094.171
1100.076
1111.090
1102.300
1092.928
1093.442
1102.269
1109.284
1111.441
1101.402
1091.676
1091.368
1089.817
1081.629
1092.224
1088.969
1091.485
1092.832
1090.924
1084.196
1092.327
1094.467
1092.389
1081.808
1080.534
1080.539
1077.321
1067.541
1070.788
1078.311
1085.076
1088.690
1087.529
1087.864
1086.685
1090.064
1089.025
1080.218
1079.844
1078.244
1078.291
1073.925
1080.503
1079.198
1088.935
1088.579
1086.046
1082.858
1077.701
1076.440
1077.790
1080.401
1096.030
1104.486
1095.786
1093.487
1092.204
1090.682
1088.469
1089.897
1100.806
1096.499
1091.072
1097.728
1089.808
1092.085
1082.864
1090.134
1092.087
1089.035
1093.046
1080.422
1072.658
1076.751
1082.265
1084.468
1095.301
1111.377
1122.847
1134.781
1128.989
1126.405
1119.868
1115.820
1109.806
1118.440
1112.557
1106.253
1110.589
1113.366
1104.682
1098.738
1106.846
1111.523
1112.429
1109.385
1108.300
1111.528
1117.458
1105.394
1102.228
1096.397
1097.528
1093.591
1091.108
1096.513
1095.645
1101.337
1090.527
1100.779
1101.981
1106.048
1103.480
1104.606
1103.868
1104.809
1105.772
1111.353
1120.453
1120.111
1120.274
1113.616
1119.638
1118.390
1119.576
1116.153
1118.408
1117.240
1117.966
1107.329
1108.842
1107.107
1114.908
1114.511
1106.697
1101.996
1104.576
1098.397
1101.099
1097.081
1098.011
1093.388
1094.017
1092.339
1096.170
1109.543
1104.018
1096.196
1091.893
1089.707
1093.555
1095.801
1087.140
1084.618
1085.720
1092.375
1086.673
1082.628
1082.892
1087.106
1087.553
1094.894
1088.770
1081.980
1080.708
1094.933
1093.630
1091.847
1085.877
1082.957
1079.184
1076.844
1073.856
1077.359
1079.521
1070.920
1070.978
1062.304
1067.705
1061.072
1065.922
1066.102
1054.489
1061.252
1061.339
1058.363
1062.735
1066.120
1074.599
1070.732
1056.975
1053.835
1055.644
1063.028
1070.408
1065.469
1064.998
1061.388
1061.229
1067.849
1069.053
1070.218
1066.268
1067.632
1070.144
1074.741
1082.264
1089.231
1094.108
1087.550
1082.477
1086.570
1079.276
1080.493
1084.393
1086.864
1090.050
1083.243
1080.689
1081.668
1080.197
1079.091
1077.309
1081.843
1086.606
1080.712
1073.365
1075.036
1065.561
1065.799
1077.466
1071.957
1073.937
1068.720
1065.965
1064.386
1063.451
1067.392
1074.962
1068.739
1074.555
1085.755
1086.494
1092.840
1090.951
1090.265
1076.719
1079.069
1080.531
1081.503
1078.025
1072.578
1070.383
1069.683
1068.688
1067.341
1056.298
1062.574
1060.657
1067.714
1079.766
1078.848
1086.688
1080.922
1077.967
1079.573
1079.942
1075.026
1068.005
1067.694
1072.036
1074.213
1077.155
1073.086
1077.026
1083.180
1079.165
1079.688
1080.795
1082.038
1081.684
1082.312
1071.036
1071.074
1067.589
1062.403
1060.208
1052.633
1058.250
1059.761
1062.653
1064.132
1061.765
1056.722
1056.156
1063.064
1057.742
1055.555
1051.452
1043.201
1035.911
1047.227
1055.365
1053.819
1060.106
1065.125
1061.214
1050.240
1054.628
1058.989
1056.040
1055.877
1059.302
1055.818
1060.713
1073.392
1092.861
1087.885
1087.782
1090.317
1094.029
1096.758
1098.905
1104.715
1098.594
1096.215
1091.994
1102.444
1096.536
1100.764
1083.325
1077.026
1087.660
1098.587
1100.236
1097.153
1091.135
1095.412
1102.809
1103.134
1095.767
1093.304
1088.324
1089.575
1084.242
1081.900
1083.689
1088.441
1085.752
1079.609
1089.525
1084.689
1090.103
1097.540
1104.886
1111.799
1112.462
1109.784
1119.845
1124.645
1127.245
1125.102
1116.516
1112.051
1105.513
1103.120
1087.212
1085.668
1092.092
1097.157
1087.661
1087.563
1086.580
1078.316
1071.190
1079.882
1086.182
1099.281
1104.738
1100.420
1102.986
1107.582
1098.925
1099.639
1108.968
1101.946
1098.035
1099.593
1106.890
1096.236
1094.753
1087.917
1091.362
1093.120
1098.215
1099.371
1097.192
1099.313
1101.928
1098.941
1100.094
1088.392
1087.014
1076.929
1083.527
1082.049
1090.511
1088.185
1080.053
1085.600
1090.976
1090.836
1094.833
1085.912
1077.810
1084.482
1078.354
1074.911
1076.003
1067.355
1062.435
1073.111
1071.488
1077.875
1076.777
1073.904
1064.569
1071.125
1075.222
1079.121
1079.228
1069.868
1057.559
1067.284
1066.772
1068.208
1066.277
1071.015
1061.020
1064.882
1074.459
1075.744
1080.173
1082.142
1075.832
1071.186
1070.438
1068.455
1074.121
1069.432
1063.179
1073.210
1065.323
1065.313
1070.606
1079.914
1072.699
1079.447
1069.615
1075.689
1067.296
1071.406
1067.731
1075.687
1071.234
1066.157
1072.447
1069.850
1075.755
1076.446
1087.197
1092.144
1082.523
1082.785
1081.116
1078.011
1079.037
1081.010
1073.269
1061.803
1059.363
1061.914
1062.545
1060.453
1060.946
1063.296
1071.134
1068.964
1069.641
1070.951
1075.168
1074.084
1064.335
1073.392
1069.251
1051.178
1056.899
1056.349
1054.645
1054.179
1062.943
1050.577
1047.768
1042.910
1044.328
1055.405
1059.343
1066.402
1061.829
1063.983
1060.194
1053.267
1054.608
1052.331
1056.674
1058.963
1052.755
1051.763
1044.649
1051.399
1040.775
1038.374
1041.448
1039.529
1047.298
1053.331
1046.067
1053.537
1058.742
1061.091
1062.640
1064.988
1064.701
1072.769
1078.869
1075.791
1077.150
1072.014
1069.118
1068.867
1061.969
1057.123
1059.611
1054.735
1057.885
1055.908
1063.790
1058.053
1057.978
1056.423
1057.462
1057.970
1061.295
1070.727
1066.349
1067.746
1063.317
1072.075
1068.046
1065.224
1067.986
1066.641
1077.285
1077.624
1076.320
1082.440
1081.017
1070.743
1063.530
1063.889
1060.391
1072.481
1071.190
1074.876
1067.598
1057.727
1056.352
1048.974
1054.477
1051.278
1052.690
1062.418
1057.001
1070.079
1063.664
1071.916
1054.220
1057.922
1062.684
1055.442
1053.995
1056.076
1061.728
1059.144
1068.414
1067.559
1065.097
1064.969
1067.050
1074.278
1075.455
1073.025
1074.703
1074.398
1070.759
1082.512
1087.631
1088.387
1075.940
1076.556
1063.313
1059.491
1070.399
1067.725
1069.146
1072.511
1074.384
1075.923
1083.800
1085.013
1085.641
1087.108
1088.199
1082.321
1084.766
1083.161
1085.420
1084.284
1091.163
1095.967
1086.875
1099.638
1092.036
1096.930
1098.514
1094.028
1085.398
1085.466
1071.092
1085.762
1091.433
1088.658
1094.440
1093.340
1100.849
1096.131
1093.350
1085.748
1081.412
1084.577
1084.852
1085.117
1082.089
1066.715
1065.478
1071.574
1074.052
1080.026
1082.318
1097.893
1095.732
1091.825
1091.027
1089.727
1093.256
1087.206
1094.299
1093.782
1096.976
1095.646
1097.086
1093.725
1088.903
1090.810
1096.256
1096.388
1092.392
1100.827
1094.723
1101.663
1109.607
1104.465
1101.668
1104.062
1100.497
1096.750
1090.801
1092.415
1087.020
1083.450
1083.067
1083.298
1078.843
1096.446
1096.622
1089.413
1089.137
1078.080
1073.750
1084.766
1088.505
1088.074
1094.502
1105.033
1099.755
1097.382
1092.205
1104.860
1104.992
1097.399
1088.239
1085.307
1081.193
1085.578
1104.101
1099.228
1105.096
1103.286
1094.986
1091.672
1098.827
1091.916
1087.038
1085.631
1083.958
1077.357
1080.907
1080.016
1087.449
1082.298
1079.467
1082.038
1087.795
1081.226
1069.932
1062.401
1056.582
1058.285
1066.096
1073.436
1065.882
1064.056
1065.740
1060.700
1064.959
1067.519
1074.064
1079.288
1071.746
1064.866
1056.135
1064.863
1056.350
1059.961
1065.526
1071.947
1070.465
1075.637
1074.446
1081.801
1067.776
1057.674
1067.761
1071.858
1069.221
1067.671
1070.792
1068.676
1066.482
1065.820
1062.795
1060.693
1065.525
1065.685
1058.372
1062.201
1065.873
1068.198
1068.840
1077.330
1079.720
1081.641
1078.536
1079.683
1089.287
1087.658
1087.117
1092.336
1091.627
1078.894
1077.484
1084.070
1081.211
1080.991
1086.525
1090.384
1085.379
1088.948
1085.416
1085.582
1077.303
1080.524
1077.566
1081.249
1077.780
1071.450
1076.854
1067.586
1072.144
1067.829
1072.333
1077.569
1070.991
1070.473
1078.001
1075.511
1080.940
1082.228
1077.178
1076.980
1076.063
1074.263
1079.410
1071.545
1077.643
1077.181
1082.839
1094.693
1097.287
1090.974
1088.828
1088.980
1094.061
1092.452
1096.572
1104.567
1107.915
1107.910
1102.596
1107.749
1104.107
1095.920
1098.316
1092.891
1080.394
1067.400
1065.102
1073.776
1071.468
1060.553
1072.016
1072.410
1067.511
1072.672
1078.970
1080.226
1086.278
1085.580
1077.337
1080.476
1076.286
1075.384
1067.692
1077.469
1078.525
1083.321
1081.155
1081.315
1084.418
1084.317
1081.329
1071.932
1074.273
1076.420
1072.444
1075.569
1085.978
1079.921
1073.922
1073.633
1076.387
1070.825
1074.772
1075.970
1074.312
1084.083
1084.240
1073.526
1068.423
1069.336
1071.891
1064.620
1076.220
1062.866
1070.720
1070.933
1065.637
1059.976
1062.107
1062.501
1066.347
1077.323
1083.411
1079.618
1076.460
1085.227
1086.145
1080.730
1083.488
1077.715
1084.340
1087.497
1081.821
1084.558
1076.182
1087.307
1082.621
1085.203
1086.681
1088.138
1082.412
1073.613
1068.093
1066.147
1056.297
1074.003
1068.928
1077.435
1076.791
1080.983
1086.641
1089.885
1082.776
1083.465
1084.927
1086.492
1075.260
1076.522
1086.593
1093.676
1083.476
1081.465
1083.669
1084.001
1083.395
1077.478
1068.859
1075.433
1079.960
1079.933
1066.285
1070.459
1068.404
1064.051
1069.102
1072.240
1063.573
1063.578
1069.284
1067.156
1071.801
1072.878
1071.654
1063.441
1066.373
1058.810
1071.664
1077.756
1076.288
1073.936
1065.118
1062.083
1063.419
1077.596
1084.677
1087.105
1087.970
1096.987
1092.605
1082.845
1084.002
1090.989
1086.985
1092.631
1100.445
1094.866
1086.132
1088.232
1088.184
1086.160
1080.435
1077.562
1085.039
1088.497
1096.571
1093.687
1103.859
1104.766
1100.320
1098.359
1102.164
1097.287
1091.723
1094.578
1098.933
1095.791
1093.422
1093.106
1103.149
1102.080
1109.111
1111.495
1106.555
1105.972
1100.392
1098.665
1101.746
1099.413
1093.532
1092.590
1101.150
1106.198
1099.858
1093.070
1096.442
1096.872
1095.216
1094.281
1095.188
1098.985
1097.659
1097.915
1104.642
1109.086
1113.252
1108.821
1113.516
1112.405
1114.214
1103.873
1104.160
1100.519
1099.898
1103.931
1108.128
1109.803
1109.699
1104.357
1102.822
1096.709
1091.245
1085.447
1088.786
1084.453
1077.350
1084.442
1085.937
1092.667
1088.258
1083.955
1083.420
1077.289
1080.320
1082.621
1084.713
1091.046
1084.952
1081.840
1073.996
1089.201
1098.221
1098.123
1096.438
1098.072
1102.862
1098.880
1094.978
1093.943
1098.311
1106.976
1100.327
1089.285
1088.268
1096.523
1101.897
1101.412
1105.307
1101.165
1097.672
1101.713
1108.693
1107.973
1111.464
1104.802
1108.379
1096.902
1107.000
1114.328
1105.597
1113.768
1106.291
1106.470
1122.028
1125.540
1138.980
1143.488
1146.869
1148.352
1139.389
1126.982
1130.341
1123.164
1130.121
1129.206
1135.255
1129.820
1121.416
1117.599
1118.872
1117.610
1119.266
1114.300
1115.116
1109.206
1112.537
1118.148
1117.007
1109.715
1105.824
1106.493
1108.709
1114.645
1111.564
1120.457
1107.822
1106.428
1113.175
1108.869
1110.656
1110.775
1108.043
1119.727
1119.731
1120.358
1109.957
1123.853
1139.852
1133.949
1134.677
1126.271
1127.426
1120.035
1121.924
1116.631
1108.116
1101.331
1113.545
1096.508
1097.936
1107.071
1106.722
1102.892
1110.492
1106.264
1110.070
1106.159
1096.616
1113.578
1116.846
1111.439
1115.812
1112.897
1106.714
1103.139
1091.820
1086.095
1089.432
1106.078
1101.134
1104.665
1085.887
1078.010
1075.640
1072.193
1077.168
1073.309
1085.934
1098.279
1099.059
1105.764
1112.493
1109.871
1118.804
1120.522
1126.402
1129.018
1131.173
1139.001
1137.770
1130.607
1139.022
1148.131
1150.387
1133.934
1131.217
1127.798
1123.397
1118.693
1115.217
1100.662
1098.426
1105.765
1096.182
1091.998
1092.769
1097.120
1093.596
1097.270
1094.602
1089.232
1092.765
1098.195
1096.017
1101.965
1088.255
1090.331
1088.307
1094.553
1081.686
1090.718
1100.480
1096.303
1079.632
1087.968
1080.707
1084.583
1087.629
1085.209
1086.725
1082.336
1075.207
1081.202
1070.575
1077.981
1071.858
1070.127
1078.301
1070.774
1072.644
1083.495
1080.736
1093.074
1105.167
1090.980
1100.356
1095.572
1088.115
1093.603
1096.627
1090.786
1096.546
1092.833
1103.544
1101.127
1106.995
1104.455
1098.719
1097.852
1098.177
1101.480
1104.493
1099.914
1096.243
1108.957
1104.839
1101.389
1098.227
1095.809
1103.378
1097.347
1096.203
1093.638
1097.449
1098.049
1086.014
1088.443
1091.760
1082.302
1080.873
1095.278
1097.218
1095.364
1104.291
1101.060
1100.994
1109.664
1101.287
1084.845
1084.227
1073.488
1080.267
1083.287
1072.908
1073.800
1081.571
1087.003
1089.027
1085.640
1078.208
1067.795
1078.368
1072.753
1071.133
1072.120
1076.132
1086.046
1080.824
1082.514
1077.575
1068.059
1065.221
1079.156
1078.324
1078.975
1091.304
1099.996
1105.860
1100.879
1091.291
1101.064
1097.640
1096.273
1095.843
1078.959
1075.666
1088.484
1093.607
1086.294
1089.166
1092.505
1088.371
1087.826
1083.703
1080.616
1083.891
1087.054
1102.557
1105.930
1098.610
1095.328
1097.146
1093.221
1084.717
1085.154
1077.583
1075.206
1070.965
1068.509
1078.453
1078.411
1076.796
1081.941
1085.250
1085.219
1084.790
1077.395
1076.789
1074.544
1069.666
1074.647
1078.848
1076.274
1077.248
1080.349
1081.564
1091.337
1098.040
1098.788
1099.651
1096.906
1083.590
1085.499
1074.913
1076.894
1087.283
1075.784
1072.135
1078.084
1079.447
1084.043
1087.097
1089.623
1086.836
1081.845
1085.877
1088.136
1086.139
1083.774
1082.169
1085.113
1083.661
1087.541
1083.592
1085.636
1085.291
1077.810
1079.885
1082.409
1074.759
1074.051
1075.628
1076.283
1066.459
1064.077
1063.042
1063.287
1074.810
1071.958
1078.139
1065.465
1054.516
1053.853
1051.768
1066.455
1059.753
1066.824
1067.664
1070.548
1067.149
1079.285
1086.182
1085.924
1089.195
1083.538
1082.708
1072.774
1073.216
1077.370
1072.080
1072.723
1065.789
1076.193
1071.508
1069.908
1070.210
1069.454
1068.292
1070.698
1060.333
1067.862
1075.298
1072.847
1071.200
1077.374
1079.273
1080.874
1092.961
1101.962
1098.121
1097.366
1098.990
1099.604
1087.321
1092.867
1082.631
1082.682
1081.481
1090.991
1086.328
1086.571
1086.054
1098.785
1082.486
1070.556
1066.020
1057.663
1063.962
1070.786
1068.654
1060.411
1063.246
1063.094
1050.629
1064.464
1058.622
1049.911
1052.347
1056.628
1055.017
1051.851
1058.279
1066.519
1067.921
1058.408
1052.221
1059.210
1061.855
1058.273
1061.039
1062.756
1060.254
1068.192
1068.128
1062.015
1064.271
1062.388
1065.892
1072.305
1079.910
1079.462
1072.687
1065.378
1064.945
1068.744
1079.490
1075.409
1087.771
1080.203
1089.535
1085.240
1088.286
1085.788
1084.010
1084.270
1079.195
1071.380
1075.120
1080.839
1096.985
1088.027
1095.314
1100.470
1101.533
1106.472
1097.586
1101.520
1095.614
1089.009
1086.274
1094.170
1096.603
1098.297
1098.542
1100.914
1093.484
1090.215
1089.945
1094.891
1088.812
1089.961
1083.472
1086.356
1076.180
1083.038
1091.691
1086.142
1088.253
1086.523
1074.840
1076.662
1067.612
1068.171
1071.753
1078.447
1079.737
1079.791
1081.282
1068.636
1072.079
1059.651
1050.172
1043.142
1056.420
1059.159
1062.771
1068.244
1060.968
1061.192
1063.668
1073.038
1084.838
1080.883
1068.929
1064.002
1065.006
1065.243
1070.265
1071.539
1076.406
1082.632
1084.975
1080.848
1084.285
1080.555
1083.142
1084.930
1085.380
1079.654
1086.019
1082.248
1079.562
1071.196
1076.995
1078.930
1061.229
1055.547
1065.652
1063.479
1070.746
1063.775
1064.763
1060.540
1066.608
1062.249
1067.250
1059.238
1058.590
1060.446
1061.943
1048.108
1050.612
1052.975
1050.719
1051.449
1058.500
1057.654
1052.325
1051.659
1051.618
1055.479
1053.591
1055.492
1041.720
1053.738
1054.511
1057.450
1047.314
1048.563
1050.122
1054.383
1064.616
1057.437
1057.269
1063.219
1057.566
1062.294
1052.969
1050.723
1052.777
1048.306
1052.891
1044.181
1041.218
1053.572
1051.807
1058.522
1069.413
1068.370
1061.022
1073.029
1068.445
1065.812
1067.615
1073.164
1067.836
1065.523
1066.406
1065.827
1067.226
1073.396
1076.167
1063.835
1058.266
1056.151
1053.841
1064.348
1065.347
1061.176
1069.511
1073.840
1082.625
1079.590
1073.831
1071.262
1058.732
1062.554
1067.341
1064.604
1074.323
1078.238
1082.975
1069.891
1075.188
1077.484
1088.398
1091.302
1096.607
1096.805
1102.863
1101.368
1092.385
1097.144
1099.681
1102.432
1091.866
1086.226
1093.249
1098.584
1092.359
1098.216
1104.859
1102.365
1104.635
1105.151
1107.117
1106.619
1096.338
1099.936
1095.914
1095.268
1103.143
1099.486
1109.605
1114.238
1115.682
1117.040
1117.442
1123.095
1117.984
1124.823
1132.162
1140.411
1141.145
1136.017
1131.699
1130.332
1133.183
1131.415
1134.078
1133.657
1126.359
1124.200
1127.533
1123.537
1116.021
1110.732
1112.884
1107.973
1102.886
1105.278
1092.504
1092.403
1088.942
1094.981
1104.014
1111.589
1108.327
1105.872
1105.874
1094.958
1102.942
1108.913
1108.049
1103.235
1105.946
1107.615
1107.784
1108.383
1102.216
1109.641
1100.664
1099.386
1100.329
1104.011
1099.046
1097.208
1102.759
1104.217
1098.142
1100.160
1108.960
1098.107
1106.405
1101.576
1098.631
1111.901
1102.636
1096.635
1093.905
1101.780
1094.663
1087.548
1084.003
1094.814
1090.173
1081.079
1074.963
1071.300
1056.696
1056.559
1071.568
1069.869
1065.307
1069.967
1065.026
1067.827
1074.333
1079.976
1082.627
1082.030
1076.412
1074.849
1075.574
1082.785
1080.690
1087.651
1096.573
1100.388
1098.632
1094.798
1103.580
1107.382
1104.381
1110.763
1105.764
1098.972
1094.567
1100.416
1107.727
1117.772
1118.346
1117.773
1115.500
1114.716
1117.584
1120.678
1122.784
1114.267
1118.271
1120.369
1104.435
1099.085
1094.193
1091.805
1109.284
1106.266
1107.580
1098.780
1089.726
1097.530
1090.544
1084.995
1087.537
1081.690
1085.686
1089.437
1093.918
1096.226
1096.566
1094.130
1074.610
1086.595
1084.080
1084.135
1088.363
1097.907
1102.019
1100.115
1095.234
1097.459
1083.996
1081.767
1084.286
1090.286
1080.889
1079.762
1085.471
1086.692
1086.553
1086.565
1078.982
1074.137
1087.185
1092.456
1094.643
1089.754
1074.088
1081.166
1080.194
1090.148
1087.187
1096.529
1094.136
1087.392
1085.965
1073.976
1077.891
1088.865
1080.062
1080.077
1075.148
1073.759
1070.583
1069.507
1078.242
1069.668
1070.452
1064.828
1071.761
1074.037
1070.481
1071.993
1057.446
1053.478
1053.761
1058.348
1059.450
1052.958
1052.505
1047.443
1046.867
1058.394
1064.742
1063.482
1054.172
1042.034
1035.630
1051.400
1049.094
1056.173
1051.277
1048.478
1053.577
1065.527
1064.801
1069.187
1075.945
1076.324
1067.560
1054.417
1062.313
1061.725
1068.225
1082.400
1064.317
1060.378
1065.793
1064.415
1077.572
1076.134
1076.304
1075.097
1085.197
1086.064
1096.376
1090.946
1091.740
1098.501
1101.179
1106.537
1096.541
1091.895
1093.601
1092.109
1094.476
1091.677
1087.727
1097.536
1093.228
1095.050
1097.713
1100.543
1097.268
1096.980
1101.549
1092.797
1089.074
1097.004
1109.669
1104.506
1105.611
1101.571
1103.409
1105.733
1105.099
1101.514
1110.048
1104.821
1098.658
1102.968
1116.483
1122.784
1117.039
1116.387
1106.670
1102.949
1112.969
1107.763
1105.693
1115.775
1103.975
1107.221
1106.440
1102.219
1101.958
1098.705
1097.000
1085.449
1081.544
1081.333
1082.554
1088.787
1095.189
1095.128
1098.787
1097.443
1089.247
1089.916
1086.751
1070.528
1077.425
1067.665
1070.375
1073.583
1068.270
1068.164
1061.555
1056.577
1056.222
1051.959
1042.909
1047.297
1054.314
1067.845
1071.523
1071.145
1078.623
1082.167
1087.691
1083.727
1076.255
1079.007
1080.313
1070.147
1068.763
1065.282
1063.891
1069.600
1063.372
1072.982
1071.678
1073.514
1078.280
1079.959
1080.702
1074.847
1066.842
1065.094
1069.307
1070.340
1061.219
1069.380
1071.200
1069.617
1068.884
1079.780
1076.706
1082.841
1071.069
1069.882
1073.093
1078.246
1064.309
1072.848
1077.389
1080.665
1075.300
1075.949
1078.628
1083.997
1082.882
1080.784
1086.816
1094.279
1090.531
1091.688
1095.451
1095.150
1089.505
1085.519
1076.363
1073.298
1080.755
1072.503
1072.149
1073.194
1071.755
1078.071
1086.939
1089.294
1096.525
1087.375
1089.691
1081.181
1085.611
1085.504
1087.189
1078.060
1081.478
1082.669
1084.395
1098.739
1103.126
1094.506
1078.335
1069.135
1063.942
1077.905
1090.443
1092.244
1082.748
1074.283
1066.029
1065.716
1063.398
1059.164
1064.320
1070.064
1065.128
1059.289
1067.084
1062.196
1060.220
1055.007
1051.324
1048.201
1047.297
1057.420
1054.443
1056.116
1051.078
1053.997
1055.358
1060.717
1062.823
1055.925
1054.882
1051.152
1046.719
1039.623
1043.219
1040.686
1048.121
1049.514
1057.163
1053.832
1055.802
1040.317
1039.025
1042.347
1043.644
1048.145
1057.880
1048.339
1044.826
1044.590
1045.496
1033.676
1048.770
1048.425
1037.185
1042.959
1038.065
1039.679
1036.650
1039.466
1045.850
1044.835
1039.406
1039.751
1047.781
1042.232
1033.989
1039.409
1041.108
1045.034
1035.802
1041.275
1039.274
1040.692
1039.446
1042.163
1052.879
1064.628
1074.166
1077.981
1073.656
1072.036
1057.463
1054.365
1061.772
1060.186
1049.049
1058.327
1067.881
1076.204
1084.383
1077.530
1081.383
1076.774
1072.334
1080.162
1074.592
1079.119
1077.791
1084.286
1089.470
1091.431
1082.371
1083.248
1083.544
1083.712
1085.030
1096.855
1100.094
1088.237
1099.966
1094.816
1100.976
1096.748
1105.181
1094.470
1088.325
1098.154
1104.192
1103.529
1104.880
1093.482
1094.675
1102.872
1095.465
1095.008
1099.694
1106.919
1105.728
1101.037
1098.035
1092.993
1094.566
1083.493
1088.544
1084.229
1088.175
1084.021
1085.282
1082.518
1074.946
1075.884
1080.742
1073.626
1066.122
1072.111
1071.088
1068.397
1065.825
1061.145
1070.654
1068.459
1064.461
1062.445
1051.272
1060.826
1070.814
1086.150
1098.132
1086.912
1102.474
1104.763
1091.728
1093.290
1087.674
1088.947
1091.665
1088.346
1105.486
1106.263
1102.643
1097.304
1106.542
1107.640
1099.676
1103.820
1103.968
1094.354
1087.092
1088.036
1099.500
1096.033
1087.846
1078.814
1074.084
1085.131
1080.783
1077.467
1084.709
1083.130
1081.814
1075.873
1080.741
1087.831
1079.907
1074.756
1073.695
1084.252
1081.088
1078.469
1070.391
1073.559
1067.457
1071.336
1052.371
1055.227
1040.639
1039.022
1047.819
1043.411
1048.820
1051.560
1049.743
1046.733
1042.440
1046.167
1045.191
1046.931
1044.878
1059.863
1051.874
1051.141
1061.081
1071.322
1059.344
1060.557
1062.147
1069.410
1068.409
1061.583
1067.098
1066.040
1072.860
1073.819
1079.456
1068.769
1072.820
1077.969
1088.359
1100.054
1098.168
1099.232
1109.602
1108.154
1107.359
1106.925
1106.168
1100.939
1103.735
1101.612
1083.068
1073.524
1075.755
1087.751
1078.235
1081.252
1075.323
1073.431
1081.140
1082.224
1075.800
1073.189
1071.784
1067.874
1070.888
1073.130
1072.708
1078.225
1077.874
1076.027
1062.109
1076.482
1073.906
1072.382
1066.600
1065.702
1058.236
1064.611
1060.994
1055.037
1066.208
1072.649
1081.852
1080.655
1078.269
1070.892
1060.383
1071.128
1069.364
1074.868
1066.370
1067.288
1075.756
1070.307
1069.992
1076.949
1062.909
1071.777
1072.744
1067.319
1064.391
1062.551
1060.714
1062.235
1051.164
1051.437
1053.648
1052.637
1059.843
1067.048
1068.425
1071.809
1061.386
1063.599
1071.242
1071.286
1064.272
1049.232
1050.313
1058.654
1058.118
1050.367
1064.562
1071.966
1067.848
1062.144
1064.397
1058.837
1053.316
1061.903
1058.697
1064.911
1060.026
1061.863
1051.966
1047.959
1049.881
1048.928
1049.641
1056.526
1043.801
1050.912
1043.229
1052.326
1057.539
1061.828
1061.700
1063.108
1045.758
1049.186
1054.435
1064.449
1058.633
1059.042
1048.873
1053.357
1053.371
1049.721
1048.621
1048.137
1042.278
1043.499
1044.959
1044.893
1049.360
1047.620
1042.691
1033.748
1039.871
1032.269
1032.557
1036.172
1039.128
1040.079
1041.024
1041.378
1042.777
1044.397
1037.638
1033.921
1030.679
1041.870
1045.417
1048.459
1053.915
1057.941
1061.295
1052.026
1052.934
1063.257
1056.311
1056.225
1048.677
1048.797
1052.919
1047.805
1050.524
1045.354
1050.730
1044.686
1062.590
1048.752
1042.439
1038.070
1035.053
1032.269
1034.527
1041.334
1045.884
1038.341
1050.690
1042.408
1053.431
1055.429
1052.823
1055.280
1057.977
1056.393
1046.957
1056.197
1060.046
1053.460
1052.844
1061.421
1053.373
1048.895
1054.759
1056.479
1055.831
1052.800
1050.217
1050.205
1044.201
1044.101
1045.918
1043.541
1043.727
1050.871
1052.746
1045.021
1042.508
1051.636
1055.212
1054.293
1050.284
1043.640
1048.841
1046.363
1051.816
1048.988
1053.135
1056.730
1062.244
1064.041
1073.589
1071.713
1068.157
1063.281
1057.281
1051.736
1054.064
1051.961
1060.109
1059.399
1057.505
1055.178
1050.829
1050.676
1052.246
1051.307
1046.672
1042.182
1044.116
1041.867
1045.763
1049.649
1055.880
1057.194
1054.892
1049.096
1053.429
1057.946
1050.399
1054.540
1058.964
1064.928
1063.010
1068.170
1081.781
1072.463
1068.015
1076.885
1075.985
1074.471
1068.329
1059.330
1067.097
1060.257
1069.629
1066.651
1066.506
1079.811
1084.454
1073.062
1074.142
1074.600
1074.820
1071.831
1079.659
1076.667
1068.700
1070.692
1071.718
1067.334
1072.600
1077.015
1080.528
1076.904
1081.965
1077.796
1083.593
1075.743
1065.601
1065.078
1068.228
1069.862
1069.322
1060.012
1055.603
1065.593
1067.339
1071.545
1080.999
1072.575
1066.068
1067.591
1073.320
1072.896
1068.385
1070.661
1068.994
1075.237
1068.566
1077.699
1073.148
1081.592
1079.428
1083.934
1078.549
1073.892
1081.787
1083.321
1083.048
1091.670
1094.778
1083.911
1088.672
1086.697
1089.754
1097.424
1098.869
1097.120
1097.407
1105.795
1109.790
1111.757
1110.646
1112.801
1111.887
1108.577
1099.762
1093.898
1094.947
1093.705
1101.022
1106.396
1112.097
1115.049
1120.869
1129.199
1114.013
1118.601
1103.897
1101.232
1102.788
1109.573
1115.319
1116.429
1113.131
1115.929
1111.736
1110.745
1108.629
1108.629
1105.246
1105.447
1111.716
1102.262
1109.257
1106.807
1100.837
1105.757
1102.818
1103.328
1095.751
1107.414
1104.360
1088.987
1090.017
1086.468
1095.274
1093.868
1097.482
1094.820
1092.080
1080.019
1076.802
1078.108
1069.740
1072.010
1060.956
1065.608
1071.428
1071.832
1070.065
1070.120
1063.683
1069.526
1076.890
1077.735
1073.148
1080.340
1076.750
1087.274
1087.238
1074.432
1074.037
1074.437
1063.469
1059.647
1060.664
1065.883
1062.301
1063.030
1070.300
1069.598
1075.906
1078.868
1084.061
1081.224
1081.546
1083.128
1087.180
1097.226
1086.893
1083.277
1083.854
1081.830
1081.694
1088.284
1085.679
1088.318
1084.487
1084.374
1087.446
1106.204
1097.705
1092.482
1096.876
1108.400
1097.638
1094.066
1112.344
1107.555
1105.516
1107.411
1102.587
1103.941
1100.803
1099.206
1102.982
1096.669
1094.764
1096.047
1092.705
1098.102
1085.887
1089.879
1082.506
1083.427
1069.673
1063.162
1078.893
1076.736
1076.290
1076.035
1084.097
1078.993
1087.740
1092.959
1089.954
1080.113
1081.580
1092.331
1092.317
1082.996
1084.265
1069.533
1070.928
1066.069
1073.516
1073.234
1077.314
1082.236
1080.433
1073.660
1059.215
1066.487
1066.728
1066.510
1066.424
1060.030
1066.590
1076.886
1070.359
1073.363
1060.985
1074.695
1074.280
1076.844
1082.803
1078.260
1088.223
1077.123
1084.419
1071.276
1063.351
1075.501
1075.237
1078.072
1081.272
1078.966
1079.262
1084.178
1090.190
1072.542
1075.508
1071.009
1072.403
1064.678
1067.626
1065.120
1072.627
1069.915
1078.293
1074.265
1065.033
1062.480
1073.407
1070.550
1064.597
1065.718
1070.166
1067.385
1062.560
1067.897
1070.586
1069.373
1069.412
1070.487
1079.966
1074.323
1073.893
1071.031
1064.981
1079.008
1082.305
1084.413
1079.524
1093.618
1099.696
1092.268
1092.071
1082.959
1088.363
1092.917
1088.515
1084.664
1090.777
1089.514
1091.533
1090.460
1085.058
1090.735
1092.083
1088.408
1088.086
1085.381
1079.407
1081.326
1088.299
1087.846
1090.717
1090.058
1083.055
1078.154
1078.559
1084.781
1085.945
1080.903
1082.371
1094.090
1086.935
1100.240
1101.260
1103.722
1099.329
1081.441
1071.687
1068.998
1079.514
1093.019
1077.403
1075.237
1065.754
1068.335
1060.130
1064.047
1069.731
1059.007
1058.921
1063.639
1070.332
1081.368
1078.399
1084.756
1075.718
1080.821
1076.745
1074.796
1073.958
1074.712
1069.045
1071.224
1071.426
1070.906
1066.892
1070.862
1065.591
1068.107
1068.001
1070.608
1064.162
1065.778
1068.995
1070.742
1062.666
1069.431
1071.040
1058.585
1059.037
1057.899
1066.094
1058.915
1059.660
1049.861
1056.027
1046.370
1050.169
1050.332
1051.607
1045.104
1045.621
1054.261
1046.775
1045.415
1039.752
1051.175
1063.180
1061.837
1064.610
1072.264
1074.142
1086.529
1090.181
1066.975
1065.439
1063.196
1061.518
1056.083
1064.490
1072.917
1078.237
1079.025
1069.714
1075.627
1073.374
1074.473
1070.974
1068.524
1073.751
1074.409
1076.225
1074.715
1079.622
1080.380
1093.173
1089.299
1079.549
1077.915
1072.180
1071.619
1063.330
1063.713
1071.078
1074.429
1068.488
1063.764
1059.896
1056.726
1072.359
1080.915
1079.239
1081.359
1087.266
1090.558
1090.132
1095.009
1085.943
1097.494
1092.154
1082.302
1080.742
1076.590
1074.910
1081.129
1087.080
1084.096
1078.922
1078.724
1077.846
1076.793
1071.848
1076.410
1071.784
1085.465
1081.397
1074.345
1083.654
1079.792
1087.443
1079.771
1092.186
1094.936
1088.847
1080.928
1097.397
1109.340
1114.555
1104.818
1094.633
1097.393
1099.282
1101.850
1105.762
1105.528
1102.806
1098.935
1105.508
1107.943
1097.510
1104.427
1097.067
1101.895
1092.129
1095.728
1104.016
1109.316
1107.401
1111.550
1101.468
1105.044
1112.176
1114.914
1120.493
1114.281
1119.345
1120.672
1112.055
1107.611
1108.573
1114.639
1105.004
1096.024
1094.231
1098.744
1089.244
1088.674
1088.634
1088.751
1081.225
1075.255
1079.836
1071.563
1068.858
1073.248
1064.600
1068.148
1062.751
1064.599
1068.825
1071.530
1071.446
1071.689
1069.111
1071.970
1069.676
1068.855
1073.463
1072.264
1084.366
1082.071
1085.038
1082.504
1082.763
1075.452
1081.022
1071.528
1066.106
1069.757
1074.390
1065.721
1074.625
1075.817
1077.230
1082.138
1084.445
1079.381
1083.414
1085.287
1093.344
1086.032
1071.461
1088.130
1085.132
1082.685
1082.208
1087.853
1084.930
1090.502
1086.135
1083.051
1078.512
1075.302
1078.304
1081.792
1075.452
1088.294
1093.094
1082.178
1079.355
1079.260
1080.551
1082.310
1086.395
1091.685
1086.947
1087.595
1098.878
1107.683
1102.265
1106.078
1109.394
1102.758
1113.556
1116.614
1104.945
1113.270
1107.679
1119.751
1120.458
1126.130
1129.290
1112.578
1113.194
1102.231
1096.677
1103.634
1105.974
1097.610
1098.340
1100.972
1099.764
1104.378
1101.688
1109.131
1114.336
1122.337
1120.427
1119.140
1115.421
1114.266
1120.765
1114.003
1116.052
1114.970
1112.332
1092.521
1088.388
1084.076
1090.842
1095.813
1102.291
1102.734
1102.149
1106.760
1107.543
1103.095
1109.801
1108.585
1102.423
1090.855
1094.551
1099.756
1097.049
1086.895
1083.330
1076.491
1074.058
1075.257
1091.109
1086.274
1092.190
1094.389
1106.692
1110.756
1116.622
1109.849
1116.381
1108.896
1109.132
1108.964
1110.538
1113.908
1105.055
1117.295
1113.490
1112.854
1119.693
1117.658
1123.049
1115.332
1117.302
1115.832
1106.748
1107.505
1110.686
1115.750
1116.813
1115.843
1116.645
1112.426
1106.547
1096.270
1094.590
1106.139
1108.144
1109.991
1115.774
1119.665
1122.365
1110.171
1108.387
1100.013
1099.771
1104.512
1104.622
1101.817
1100.558
1097.461
1101.627
1101.593
1087.988
1094.810
1097.897
1091.738
1079.799
1082.562
1085.232
1097.774
1090.930
1086.476
1085.525
1095.911
1093.650
1100.860
1103.965
1107.027
1104.746
1097.941
1098.922
1107.080
1088.528
1079.397
1077.137
1091.018
1090.455
1087.889
1081.804
1083.605
1094.299
1094.604
1083.820
1091.222
1092.342
1087.557
1088.723
1089.952
1086.868
1093.938
1100.552
1100.379
1116.903
1120.012
1103.494
1105.747
1105.139
1103.637
1103.207
1105.023
1112.481
1112.568
1116.428
1113.786
1106.914
1112.395
1114.972
1117.876
1117.072
1117.785
1113.973
1117.449
1117.943
1115.547
1114.204
1114.061
1106.502
1111.116
1111.061
1102.857
1114.458
1112.801
1121.762
1123.004
1115.357
1102.917
1107.622
1103.396
1101.490
1109.977
1112.157
1113.253
1114.334
1114.411
1123.440
1122.999
1121.037
1121.215
1114.735
1118.629
1121.264
1119.576
1120.485
1122.555
1125.247
1125.613
1124.810
1110.240
1110.811
1115.734
1117.210
1122.785
1122.508
1115.021
1107.782
1099.663
1097.760
1090.458
1086.996
1085.205
1090.297
1093.396
1097.719
1105.096
1095.757
1094.674
1101.758
1104.924
1094.872
1095.101
1095.218
1101.746
1092.463
1100.328
1104.294
1108.058
1106.156
1108.757
1096.729
1093.829
1084.126
1092.830
1094.371
1089.638
1075.388
1073.043
1077.114
1075.429
1078.703
1081.131
1079.951
1081.765
1096.085
1090.384
1092.523
1096.922
1099.934
1101.559
1099.997
1110.483
1111.649
1112.850
1110.328
1120.041
1107.281
1107.868
1098.061
1110.019
1115.563
1111.867
1105.679
1108.351
1108.418
1107.448
1099.107
1094.335
1102.070
1100.029
1098.679
1102.918
1093.085
1100.967
1095.832
1100.361
1107.820
1110.536
1102.180
1097.588
1113.239
1118.910
1118.914
1114.003
1114.188
1112.648
1112.405
1100.700
1102.381
1096.801
1103.604
1107.562
1114.685
1106.031
1096.140
1098.066
1102.707
1100.747
1095.299
1088.458
1089.688
1078.231
1089.834
1096.502
1093.446
1086.387
1082.658
1088.525
1091.511
1085.118
1078.606
1072.070
1076.448
1075.827
1086.202
1085.604
1074.555
1074.995
1074.515
1072.708
1084.440
1083.112
1081.118
1077.610
1081.404
1092.202
1092.210
1093.575
1103.686
1110.039
1101.232
1107.829
1114.775
1104.867
1099.571
1119.520
1113.426
1106.870
1116.801
1124.677
1123.539
1128.283
1131.421
1136.042
1131.563
1124.625
1123.044
1111.182
1110.692
1117.264
1127.611
1124.044
1124.672
1116.649
1110.198
1103.078
1101.190
1111.207
1110.874
1095.288
1100.399
1107.108
1107.406
1105.383
1101.072
1113.312
1118.390
1110.968
1102.384
1104.121
1104.318
1107.837
1107.902
1102.815
1112.996
1109.349
1103.635
1109.609
1106.815
1114.682
1104.020
1107.453
1110.566
1106.269
1106.257
1088.109
1086.980
1100.050
1097.619
1089.701
1088.345
1080.986
1079.630
1085.906
1087.637
1087.400
1089.711
1093.514
1088.870
1079.051
1071.680
1069.308
1063.360
1070.299
1066.320
1071.631
1069.624
1076.253
1076.038
1073.021
1071.675
1065.768
1072.836
1059.012
1066.859
1069.046
1074.468
1073.755
1080.390
1074.413
1076.318
1080.899
1094.555
1077.386
