701.426
697.289
698.235
696.976
695.802
695.321
696.712
698.790
700.762
699.015
700.286
696.873
692.927
698.269
696.831
695.611
698.175
700.635
699.931
696.272
697.414
701.842
694.641
700.414
701.374
702.665
699.364
702.453
699.844
700.490
703.843
698.763
696.595
700.546
702.533
700.970
699.476
697.815
699.840
699.427
701.171
700.563
702.414
701.641
699.748
700.531
703.985
702.031
699.503
698.460
700.323
698.287
699.240
699.639
700.528
702.536
703.321
701.795
701.770
698.513
698.404
696.799
701.971
703.146
699.709
701.120
699.933
701.424
699.765
701.681
700.206
697.044
700.392
698.186
698.125
700.091
699.811
696.487
700.903
697.484
697.488
695.747
699.241
696.622
700.529
692.994
699.710
699.383
699.351
701.584
695.750
700.342
697.698
702.633
701.870
701.292
698.791
700.178
700.338
701.588
700.734
700.045
699.560
697.453
703.359
698.461
697.678
700.700
699.217
699.790
698.989
698.413
698.115
698.742
703.069
697.616
699.552
698.093
699.539
700.138
700.819
699.225
699.144
699.529
699.430
698.153
699.371
700.429
703.628
701.207
699.822
707.294
700.767
703.978
696.967
701.265
699.129
696.214
699.241
699.314
701.066
700.298
696.766
700.809
699.829
701.615
699.504
698.902
698.730
704.644
702.204
700.475
698.520
698.672
701.811
701.268
698.297
701.813
702.856
701.217
699.382
700.122
700.132
701.218
703.681
702.380
698.777
698.795
698.900
699.181
697.952
696.207
701.543
698.225
701.035
699.336
701.487
700.629
700.630
703.771
702.379
701.762
701.340
702.214
698.290
701.671
701.196
696.277
699.079
701.670
698.871
701.973
700.334
702.879
702.503
702.836
700.519
695.789
700.057
698.903
699.859
700.262
698.623
698.652
701.495
703.160
701.431
697.958
699.617
696.003
699.286
695.648
698.888
696.327
704.040
700.423
703.354
704.385
702.967
702.075
700.853
702.413
699.762
698.107
700.034
699.565
700.363
698.890
697.717
697.430
702.341
700.447
698.012
700.723
698.203
699.649
702.014
700.125
700.190
697.400
698.823
702.174
698.800
697.250
694.683
701.983
702.079
697.665
697.554
699.124
701.706
694.970
701.227
703.155
700.416
698.938
699.786
702.341
698.257
696.619
699.746
698.677
698.245
697.998
699.891
701.309
699.581
699.869
699.765
698.450
697.576
700.212
698.995
700.756
703.640
702.190
703.524
700.169
701.831
702.357
701.556
700.050
699.041
699.476
700.193
702.172
700.674
701.918
702.058
705.333
701.571
700.737
701.327
700.332
702.400
701.733
700.078
699.993
702.361
701.915
700.254
703.392
698.625
703.262
702.371
702.637
702.182
698.064
697.216
697.245
698.308
699.108
698.952
696.644
696.306
701.272
697.078
698.927
701.692
701.822
702.157
704.581
704.326
701.628
704.304
703.265
699.458
701.622
702.930
701.583
701.947
704.100
703.151
701.972
699.759
697.588
697.824
702.379
702.605
704.144
700.134
706.276
701.138
704.920
701.594
701.952
702.916
701.983
700.018
703.405
699.329
701.787
702.150
702.120
705.805
703.613
702.612
700.021
699.432
701.458
701.110
699.567
698.926
701.461
698.980
704.205
699.214
696.549
698.853
698.971
704.366
703.488
697.300
698.716
705.223
698.313
700.158
698.597
698.034
699.096
698.249
703.472
701.426
699.638
696.870
697.698
697.851
698.044
698.410
698.129
697.520
697.878
700.941
704.932
704.989
702.484
700.823
698.249
703.601
700.573
705.162
704.226
703.122
701.497
698.773
699.433
698.930
700.783
699.165
700.314
701.740
701.661
700.769
698.023
702.213
698.418
697.496
697.603
700.007
698.314
701.107
696.047
698.325
698.429
697.708
697.932
699.689
703.831
699.223
703.333
701.569
701.661
705.315
701.109
700.109
700.209
701.797
698.124
699.876
703.853
701.767
699.946
702.035
697.967
697.401
699.129
703.002
699.030
700.397
701.110
703.899
698.313
701.680
697.221
698.811
700.305
700.026
702.261
700.101
701.026
702.862
704.026
697.436
701.541
696.193
698.999
697.181
699.444
701.374
700.934
704.742
700.587
700.443
699.066
704.621
700.187
699.125
697.651
697.489
697.122
701.150
699.787
701.992
701.473
702.712
700.257
700.645
700.979
699.116
698.084
699.248
703.159
702.744
701.547
704.620
700.689
703.160
701.099
700.800
700.828
701.958
697.282
702.676
698.304
696.736
703.032
703.170
701.220
699.721
701.012
701.579
699.835
700.119
698.427
694.054
693.512
699.973
697.131
698.270
699.777
696.854
697.807
695.456
697.142
697.123
699.925
697.148
699.085
693.821
698.032
698.987
697.907
699.965
701.678
700.132
703.116
698.080
696.880
699.379
695.161
697.585
698.452
699.541
701.599
699.051
704.838
702.708
698.409
701.123
700.470
699.752
697.690
701.514
701.390
697.667
699.508
699.664
701.625
704.770
702.152
701.009
700.742
704.367
700.783
706.527
702.191
701.080
706.421
702.883
705.119
702.813
701.503
701.109
704.367
699.639
700.990
701.331
704.608
708.443
706.718
701.403
704.034
701.154
703.883
703.711
706.248
707.167
702.498
705.022
703.325
707.709
703.331
705.705
700.190
702.692
702.345
697.805
702.035
703.054
700.886
700.280
703.264
700.870
701.149
703.046
701.985
699.902
704.519
700.610
704.760
698.940
699.575
702.327
705.349
705.224
703.153
701.069
701.748
700.089
702.956
703.779
702.084
702.772
700.699
699.173
700.132
701.333
701.880
704.395
699.358
704.022
701.951
696.435
699.571
698.270
699.329
703.297
699.060
702.861
702.033
700.185
698.263
700.152
700.710
693.577
698.567
698.055
700.401
696.752
698.122
698.546
701.672
701.761
700.620
700.338
700.180
696.197
702.157
697.661
698.109
696.668
697.516
695.451
697.355
693.396
697.245
694.117
693.868
698.872
697.692
694.956
701.386
694.630
695.257
691.681
700.247
695.031
696.461
692.697
699.218
699.616
699.385
698.734
697.311
700.148
698.289
700.427
699.990
702.131
700.249
700.047
696.877
699.358
699.631
698.032
696.731
701.115
701.634
700.042
701.961
697.923
697.120
698.376
698.297
703.806
699.307
700.660
701.739
701.813
699.908
699.644
698.435
696.640
701.094
698.876
698.509
696.492
700.843
701.674
704.183
704.284
705.014
701.475
696.120
702.922
701.648
703.122
697.330
700.698
703.240
697.203
701.611
697.869
701.937
700.296
704.518
700.370
700.771
705.256
702.686
700.170
703.039
697.879
697.793
694.762
700.191
697.719
696.545
698.336
698.826
699.051
699.215
698.346
704.736
703.627
702.082
697.476
704.252
698.644
700.865
701.067
694.239
697.714
699.829
702.054
698.849
698.415
702.494
702.162
697.466
700.038
696.987
700.570
696.721
699.293
695.126
703.875
702.584
701.838
698.215
699.861
699.529
697.608
696.091
697.875
699.083
696.743
697.699
699.594
697.543
698.851
695.408
697.557
695.760
694.737
696.611
698.972
698.363
698.640
697.659
695.318
696.826
699.691
698.668
699.130
700.735
698.917
698.474
697.708
695.683
698.335
698.685
701.384
698.009
700.331
700.282
700.334
699.345
701.739
699.082
699.862
699.950
699.194
697.284
699.282
702.547
702.712
697.654
695.570
696.795
696.751
699.929
698.417
698.218
699.954
698.190
695.918
697.005
698.605
698.801
698.305
699.886
697.207
699.612
697.722
697.847
699.614
700.588
700.001
698.927
697.847
697.577
699.298
698.355
694.180
698.555
697.274
696.295
697.919
697.309
697.241
697.276
697.360
699.273
697.922
698.148
698.103
700.884
697.691
699.197
698.140
699.100
699.555
696.516
701.509
700.858
700.704
699.773
699.813
700.193
696.373
698.249
697.790
698.681
695.554
695.790
697.821
700.619
695.394
702.708
698.476
697.115
697.567
694.870
696.310
697.358
698.536
695.628
696.585
694.882
696.977
697.909
697.647
702.477
700.962
699.864
697.364
699.976
696.928
700.528
699.090
700.357
697.521
703.340
701.133
698.969
698.331
695.027
699.151
696.653
696.968
697.821
698.440
697.801
697.503
698.820
697.721
695.424
697.141
699.637
702.318
698.007
694.611
701.312
699.525
697.277
695.099
697.273
695.959
698.977
697.478
698.082
698.441
697.908
696.133
700.526
696.083
695.579
696.588
693.696
696.072
694.108
698.186
693.960
696.337
697.780
699.444
697.096
694.640
696.385
696.443
695.194
701.070
700.234
699.764
696.826
699.289
695.843
696.631
697.320
698.969
699.992
701.721
700.549
697.423
698.180
699.069
695.130
697.690
698.246
694.969
700.207
695.994
694.709
693.935
697.538
694.334
694.837
699.799
698.635
693.901
694.171
693.985
696.215
700.213
699.119
690.882
690.278
693.960
696.804
693.966
695.155
697.705
698.296
696.123
694.150
696.588
695.372
696.778
695.586
697.149
691.217
692.506
694.355
693.983
695.275
695.342
694.343
695.489
695.409
694.562
695.297
694.385
698.756
697.032
699.903
698.882
696.360
696.801
695.237
697.547
695.934
694.592
696.872
694.808
694.227
692.893
697.604
699.590
698.018
697.689
698.719
694.899
697.038
699.208
696.489
696.216
697.637
697.686
696.350
699.118
698.495
696.380
694.201
696.568
698.229
697.315
696.728
695.642
699.108
697.991
695.492
696.720
697.146
697.914
695.253
699.702
696.888
696.730
695.849
697.699
698.865
701.290
700.955
699.967
698.819
696.884
695.485
697.973
700.357
698.585
698.681
701.302
701.007
697.523
698.028
698.898
696.203
701.648
700.548
700.673
695.995
698.285
697.355
695.651
696.442
694.811
699.544
697.574
699.943
696.220
701.121
698.221
698.497
700.383
699.612
697.457
696.213
696.325
698.421
698.294
698.795
697.599
696.597
698.637
696.793
697.921
698.325
698.675
696.405
698.102
700.220
699.363
694.018
701.005
696.513
698.248
697.712
696.469
703.751
699.470
698.907
696.568
694.949
695.992
698.784
698.931
698.346
698.690
697.119
699.425
699.076
700.110
698.651
699.745
701.023
699.047
698.437
696.984
695.133
697.018
698.980
695.008
701.936
698.882
700.718
696.307
699.936
697.806
697.178
695.415
694.590
694.674
699.328
696.054
700.775
700.497
698.539
694.795
696.380
698.332
696.350
701.106
700.882
698.766
699.365
701.896
700.086
702.468
698.533
702.547
700.857
698.934
696.132
702.131
700.780
701.514
699.247
697.465
699.407
699.524
701.201
702.685
702.504
700.587
697.985
692.405
698.610
698.282
696.566
701.069
699.467
699.673
695.708
701.499
696.430
697.876
694.129
695.842
695.544
695.464
697.753
697.737
696.119
696.637
699.104
697.676
697.001
693.780
699.602
699.380
701.080
695.374
697.470
699.039
698.328
698.935
698.669
696.400
698.750
700.585
698.204
698.535
698.150
700.242
699.753
699.627
697.944
698.392
694.703
696.617
700.158
703.428
698.327
701.946
703.085
698.814
701.300
698.191
698.089
698.199
699.199
699.545
696.429
696.434
698.382
698.800
697.442
698.198
701.489
702.593
700.146
698.790
700.736
699.499
696.741
698.036
698.237
699.858
697.321
699.799
699.584
701.392
698.744
696.903
701.973
704.498
698.333
700.486
699.002
699.491
695.662
696.368
697.617
695.422
698.302
699.094
701.135
697.577
698.035
695.902
701.973
697.477
699.227
699.511
699.301
695.697
694.588
700.681
702.057
699.482
702.509
699.703
698.579
698.368
696.870
697.877
701.312
697.373
698.428
700.376
698.705
701.545
701.994
697.566
700.820
696.281
703.148
701.233
700.647
695.037
697.643
700.566
700.309
695.674
699.094
699.054
700.817
699.596
699.691
702.346
700.981
698.087
699.163
703.017
697.508
698.535
700.951
695.793
693.480
696.914
699.874
699.478
697.787
701.304
701.128
696.908
701.665
699.501
703.265
698.438
699.211
698.992
702.674
701.664
697.463
696.605
696.944
699.467
695.121
695.813
702.137
698.762
699.689
701.416
697.871
697.669
697.411
697.629
695.429
700.207
698.498
701.346
699.969
701.382
695.761
699.596
701.461
697.911
702.886
701.975
704.190
702.350
701.939
701.693
703.837
699.864
698.847
701.680
700.258
701.063
704.798
698.102
700.655
698.757
701.694
700.313
699.938
698.498
699.263
698.541
702.706
700.048
701.532
699.374
701.238
699.916
697.406
696.258
698.015
696.456
696.296
695.272
698.492
697.774
697.094
698.380
696.732
697.488
698.702
698.123
696.234
697.562
695.908
700.036
698.611
698.099
700.343
696.652
700.079
698.043
700.141
700.298
698.655
694.442
701.167
701.198
699.962
697.982
700.752
701.092
699.933
696.661
702.584
701.261
699.887
704.750
697.207
697.948
698.833
702.005
703.318
705.368
701.863
698.951
699.329
702.942
698.559
701.606
702.162
698.068
699.400
697.883
698.336
700.027
702.019
695.976
694.787
697.516
696.024
693.599
694.849
699.217
695.749
695.328
693.808
698.117
695.997
695.355
696.886
700.567
699.573
700.886
701.576
699.972
698.386
693.131
701.238
698.187
699.176
701.056
699.364
702.947
698.159
698.688
700.048
702.784
703.348
699.686
698.626
698.052
696.432
694.164
698.985
697.028
699.987
698.232
697.481
696.515
697.284
697.722
698.423
697.798
699.838
697.617
700.238
699.920
702.212
701.548
699.571
699.187
703.241
700.443
701.801
701.767
700.571
697.679
701.277
700.633
699.382
700.697
701.733
698.925
698.345
699.653
696.119
699.453
695.946
700.021
701.188
700.864
701.028
701.106
700.230
700.162
697.529
697.553
695.831
699.622
699.503
704.069
701.659
698.337
699.317
698.363
699.301
695.476
699.574
697.424
698.847
697.614
699.323
695.046
696.197
698.678
693.805
696.370
693.450
697.153
697.378
697.173
701.014
700.527
695.642
697.336
696.956
698.736
700.490
697.877
697.028
695.050
696.512
693.895
699.395
700.819
695.993
700.097
700.980
699.583
697.285
696.995
698.579
695.930
694.433
694.367
697.493
699.609
693.160
698.887
701.114
699.811
697.951
697.502
698.765
697.581
697.847
697.646
697.998
697.104
696.067
696.797
697.885
697.754
698.876
697.352
697.879
698.107
695.803
697.821
697.416
696.592
697.169
695.673
693.819
696.389
695.946
696.891
695.907
696.784
697.882
699.747
702.092
698.944
699.503
694.191
697.985
698.824
699.494
699.071
698.417
696.516
701.072
702.847
698.634
701.788
702.728
695.345
693.637
698.143
699.240
698.984
701.067
700.218
702.031
698.481
699.046
701.532
700.326
703.033
702.391
697.721
697.978
697.969
698.515
697.624
697.000
699.261
700.267
699.361
696.589
695.222
695.685
697.344
698.890
701.116
698.145
700.582
698.256
699.997
695.830
695.873
700.076
696.034
695.944
696.521
698.887
695.070
695.150
697.483
696.255
696.529
694.509
698.672
697.378
699.194
700.060
700.896
697.393
697.168
700.202
700.117
702.497
699.077
701.282
700.010
699.029
700.228
699.556
693.666
695.156
698.730
698.369
698.145
694.740
695.084
694.466
693.514
693.832
690.079
692.061
689.314
692.185
695.483
696.570
696.799
694.808
695.085
697.255
698.652
698.376
698.302
697.525
695.077
697.943
695.467
695.443
694.104
695.596
693.776
694.108
695.082
697.495
696.054
697.903
699.560
693.303
697.364
697.281
699.203
697.331
697.678
698.288
697.328
697.190
698.026
698.471
695.751
695.866
695.641
694.992
697.762
694.264
694.607
694.308
700.034
698.559
699.282
699.900
695.202
695.297
693.677
697.280
697.646
699.403
696.032
698.315
696.795
698.078
698.844
699.466
699.598
696.175
696.904
696.832
700.719
698.331
697.740
695.395
694.986
698.945
700.113
697.340
696.736
699.102
695.893
701.097
701.410
696.553
702.536
703.974
703.559
705.369
702.574
700.730
703.037
700.581
701.413
701.130
700.294
698.778
700.560
698.644
700.886
704.770
698.250
699.235
698.345
699.245
699.117
699.522
699.913
703.204
699.921
699.754
700.806
699.510
704.550
701.499
700.485
701.189
704.195
701.015
699.961
702.212
703.679
704.069
697.288
702.243
701.981
701.104
700.872
699.194
704.157
698.577
701.688
701.359
703.633
705.352
702.227
702.962
702.539
700.790
705.669
703.619
704.639
701.872
700.668
704.010
699.241
701.084
703.239
701.588
700.844
697.580
698.670
705.244
704.862
704.978
701.236
704.702
703.998
706.970
705.755
702.835
703.227
699.652
702.952
701.516
697.064
701.286
701.600
698.796
699.885
704.195
699.888
701.529
700.414
702.365
702.315
702.291
704.308
703.474
705.117
700.666
699.524
703.183
702.999
707.073
705.267
702.019
702.153
701.287
699.314
701.919
699.807
701.339
699.647
702.613
704.735
705.661
706.454
702.340
703.093
702.430
699.942
701.359
700.600
704.148
700.977
699.332
696.843
698.988
705.614
703.335
702.796
701.650
703.838
704.984
703.394
705.835
701.727
705.077
701.747
705.852
703.948
701.200
702.121
702.831
707.369
700.019
701.601
699.901
696.390
699.411
703.622
703.745
700.560
704.698
704.690
704.828
701.213
701.643
699.383
702.688
702.459
701.171
703.784
700.634
701.241
701.914
703.255
704.283
701.930
702.030
703.226
700.748
704.981
702.149
702.156
699.690
703.024
705.292
701.125
702.263
700.520
704.356
698.446
700.708
704.840
705.095
706.480
703.824
704.279
706.997
702.409
706.253
703.268
703.591
705.006
708.353
706.309
707.131
702.730
703.322
701.653
705.074
704.376
704.835
707.957
706.377
703.921
708.372
705.691
700.556
703.278
704.028
702.774
705.344
705.044
703.968
700.671
704.853
697.932
703.388
706.017
705.251
702.442
705.062
701.761
704.591
706.294
700.269
704.295
702.980
703.356
700.186
705.002
704.159
705.337
704.091
707.014
709.193
705.769
707.029
704.643
704.793
702.615
705.269
705.784
703.434
704.942
709.607
705.178
707.872
706.747
704.303
705.308
706.196
703.268
706.707
705.632
708.799
709.480
706.327
706.705
709.252
708.184
706.298
704.405
700.798
704.451
706.744
707.827
707.323
707.980
706.499
701.710
705.580
703.280
707.694
704.021
705.014
704.911
702.772
702.955
702.156
707.602
703.961
704.979
708.851
703.701
707.148
703.298
707.418
706.335
708.755
705.548
708.926
702.978
706.307
706.033
702.896
704.512
701.673
702.945
701.553
707.167
705.007
706.292
703.006
705.774
705.633
703.784
706.006
705.318
706.405
702.571
707.638
703.611
705.777
702.536
706.961
704.568
703.181
705.500
705.301
706.766
704.389
702.296
707.214
707.429
706.146
704.221
705.490
706.511
704.262
702.637
701.966
701.281
704.279
703.464
703.550
702.414
702.631
706.788
705.979
704.620
706.824
707.854
704.082
704.084
708.251
710.050
704.261
707.713
708.743
705.717
705.086
706.083
708.688
703.710
706.629
705.551
705.021
707.343
705.497
706.894
704.164
704.962
703.705
707.443
705.416
707.866
709.009
704.739
704.447
702.537
706.713
704.424
706.037
706.215
703.402
700.159
704.422
703.912
703.388
703.773
706.118
703.370
705.715
711.108
708.733
704.917
706.208
708.240
710.193
705.363
707.716
705.585
708.033
706.411
707.841
707.617
708.331
708.356
708.035
712.748
710.454
705.535
707.788
708.276
707.083
709.787
710.941
708.162
707.744
705.574
707.947
707.765
706.582
706.605
706.473
705.223
706.365
708.125
707.169
704.732
704.956
707.002
703.937
706.902
705.202
705.269
706.260
703.268
707.027
708.125
705.441
705.830
703.333
706.553
708.926
706.934
705.954
706.965
701.982
705.290
703.991
708.469
705.949
704.150
705.717
707.220
705.439
706.119
706.846
706.634
705.914
708.356
707.437
708.066
708.341
709.013
707.158
704.194
701.619
700.109
703.691
703.488
708.186
703.071
706.412
703.017
705.068
702.687
709.085
706.061
704.747
705.661
702.460
703.789
703.655
705.615
706.025
707.232
711.854
709.338
706.587
708.231
704.580
708.473
708.144
706.151
707.571
708.005
709.648
705.203
706.837
706.049
706.851
704.129
708.552
708.013
709.111
707.563
707.366
708.408
707.346
710.172
705.660
705.359
708.085
710.058
704.966
706.369
705.198
706.014
705.933
709.433
709.671
705.915
710.333
709.942
707.254
710.703
705.901
707.054
710.461
714.201
710.621
708.735
709.894
710.857
707.597
711.808
710.000
709.076
710.786
705.911
707.340
712.477
711.087
712.990
711.703
712.753
711.847
711.237
709.068
707.436
711.728
710.011
714.307
713.392
712.800
715.915
710.887
714.271
710.975
707.791
711.968
708.124
707.160
714.870
713.738
707.280
710.549
709.770
712.154
708.978
711.638
710.382
715.525
711.318
713.257
710.110
710.806
710.546
709.608
712.290
712.782
710.614
712.636
706.041
712.059
706.674
709.697
712.630
710.336
711.793
708.932
710.218
709.390
709.216
708.712
708.926
709.729
707.532
707.895
709.288
707.418
702.431
707.096
708.460
707.203
708.707
709.894
712.810
714.584
712.674
712.180
712.266
711.460
709.400
709.775
711.351
712.434
708.345
710.855
713.839
712.280
707.870
708.598
712.696
708.596
707.667
711.998
711.577
713.204
711.511
711.435
710.822
712.367
711.897
709.690
708.788
705.054
705.597
710.568
710.719
712.690
709.159
712.175
713.560
713.779
705.168
709.367
710.394
704.176
708.731
710.159
710.186
707.389
707.939
713.402
708.073
710.197
710.846
710.361
713.607
714.332
706.829
707.279
708.552
709.760
712.774
706.986
712.642
712.659
710.427
712.251
711.328
711.731
712.094
708.422
713.640
711.934
712.666
712.335
712.116
710.599
711.933
711.747
711.781
713.518
708.529
710.415
708.286
710.098
709.090
710.623
710.813
708.324
713.399
713.951
714.054
710.060
709.962
709.841
711.099
710.833
709.727
711.046
712.314
709.022
711.395
712.711
711.864
712.078
708.039
709.020
712.925
708.170
706.896
711.771
711.360
710.221
708.184
708.477
708.423
704.778
709.121
711.703
708.400
705.479
711.043
708.833
713.358
708.984
709.226
708.320
706.156
708.814
707.726
706.559
706.497
709.627
709.528
708.792
711.113
712.580
712.350
712.268
710.087
707.994
704.766
709.954
710.229
706.360
709.001
707.135
705.440
706.631
704.057
703.908
705.457
707.504
704.203
708.336
706.774
708.826
707.579
704.279
710.105
710.334
708.710
709.148
711.536
707.054
705.308
703.855
711.718
707.633
706.155
700.550
706.115
705.870
704.870
706.604
705.717
707.147
706.872
705.043
708.462
706.402
706.717
707.097
705.594
705.868
707.864
712.294
706.766
708.238
706.110
703.125
708.450
710.035
705.292
705.448
706.422
708.375
707.688
708.009
707.807
705.497
710.314
710.311
705.643
711.623
711.415
708.659
709.942
712.046
710.315
712.738
709.284
706.933
709.152
709.974
707.669
708.423
710.051
708.286
713.998
707.223
709.214
703.807
709.367
708.254
709.870
710.432
707.501
711.328
705.723
708.076
706.641
704.853
710.708
707.375
709.850
708.936
705.554
710.470
710.770
713.566
710.173
710.056
705.963
703.411
707.477
711.885
710.639
707.458
706.200
706.201
707.141
708.979
705.309
706.468
707.712
709.071
711.047
709.132
707.309
707.453
708.837
705.380
709.411
707.635
706.826
708.950
703.988
707.865
708.551
709.624
706.768
703.601
705.673
704.672
708.027
708.766
705.297
702.821
704.246
705.186
704.801
706.376
706.581
703.988
706.777
705.024
704.048
707.523
706.988
705.638
704.115
704.326
705.831
704.795
707.378
708.626
707.712
705.678
707.049
707.107
706.218
707.539
705.361
706.084
708.793
706.234
708.591
704.671
708.977
705.558
709.276
711.008
710.367
709.402
707.418
708.239
708.006
707.427
709.629
711.465
709.741
711.203
711.993
706.475
708.510
710.615
706.673
710.467
710.173
710.019
711.206
705.925
708.049
705.788
706.688
708.726
706.595
706.640
704.271
708.408
707.002
706.718
707.789
704.399
706.744
706.967
700.075
705.583
701.753
706.647
703.658
706.750
705.275
707.904
704.488
706.005
706.139
707.717
706.124
704.304
702.781
702.909
705.374
710.128
707.930
710.456
706.552
707.317
705.722
706.089
705.998
705.207
709.434
708.845
704.328
710.196
707.667
704.625
704.396
703.527
706.905
709.073
702.614
705.345
705.858
706.238
703.416
703.162
707.561
704.612
708.240
706.446
707.539
707.851
704.709
706.755
706.232
703.215
705.585
706.171
706.933
704.105
703.581
705.206
706.284
706.928
707.078
705.868
708.259
704.392
701.553
704.340
705.550
705.493
706.405
702.877
699.600
702.057
703.223
703.722
702.036
703.061
702.208
697.388
701.256
703.219
703.482
701.208
701.667
699.340
703.152
702.582
709.378
705.366
704.951
706.891
708.099
699.568
703.914
705.357
703.601
705.246
707.474
703.285
704.135
707.863
708.547
708.661
708.993
704.959
704.277
707.274
703.789
705.844
707.592
706.054
706.486
712.309
708.245
707.854
710.207
707.833
701.748
705.458
704.892
705.063
708.456
705.351
704.798
708.739
707.916
708.034
707.079
706.435
705.835
707.650
707.135
703.206
704.731
706.889
709.145
709.239
705.184
707.165
709.360
708.942
708.472
707.599
707.127
704.073
703.527
702.177
699.118
699.140
704.438
704.694
709.566
704.506
703.362
702.211
703.143
706.143
707.459
707.779
703.984
704.681
705.170
704.821
703.651
705.201
705.122
707.337
705.142
706.092
706.400
707.283
708.089
703.424
703.046
707.885
709.989
702.663
704.375
706.199
707.820
706.121
699.193
704.139
705.775
705.002
702.217
707.465
707.026
704.982
704.015
702.129
706.559
704.170
703.052
701.934
703.235
704.672
704.911
707.152
704.169
706.221
701.912
701.396
702.587
700.208
700.359
701.753
700.450
706.347
703.124
705.026
703.618
703.748
701.975
699.435
700.910
702.808
700.085
703.837
707.394
702.853
699.163
704.405
703.526
705.901
704.482
701.324
702.435
699.312
700.760
703.538
700.633
704.533
699.801
703.499
706.004
710.079
706.746
705.968
707.177
704.288
704.250
707.030
707.940
701.648
705.069
707.499
705.611
701.910
706.280
707.093
699.702
706.067
707.819
708.186
704.739
704.421
703.472
707.147
706.083
706.371
705.384
710.900
703.060
704.688
705.361
705.518
708.329
709.048
706.560
704.894
702.023
704.069
703.554
711.323
710.905
704.441
704.085
707.247
701.916
702.181
704.897
704.552
706.023
704.121
702.452
702.793
705.745
704.130
701.442
702.535
705.024
703.702
704.282
706.379
702.212
702.216
704.230
701.110
704.188
706.333
703.425
702.574
705.584
703.627
703.889
702.542
705.684
703.371
702.998
703.104
705.323
701.414
701.191
706.873
704.502
703.268
702.088
702.899
702.408
699.330
700.716
699.329
702.726
702.320
704.111
703.467
703.194
703.294
701.271
702.068
702.461
703.038
703.999
705.563
703.227
701.271
701.331
703.610
703.113
705.771
704.165
702.340
704.753
703.567
702.418
707.690
706.171
707.915
703.764
704.059
703.342
705.946
703.828
705.140
700.173
704.451
704.723
703.301
701.313
703.671
699.656
702.145
701.445
697.891
702.867
702.490
704.701
705.512
702.811
703.768
702.795
700.456
705.007
701.297
704.590
701.432
701.216
699.097
700.584
699.748
700.514
702.660
701.814
700.739
702.090
700.501
705.895
704.028
703.365
701.084
701.751
703.447
706.231
701.831
704.583
700.234
699.496
703.169
704.651
703.727
706.189
709.548
706.267
705.225
701.165
706.235
704.597
703.299
703.749
705.119
704.447
705.637
708.308
706.193
702.726
703.200
703.295
702.456
704.073
707.142
704.108
703.739
701.803
704.282
703.092
702.659
703.084
705.378
703.104
701.603
704.176
703.167
701.812
704.927
702.466
702.639
703.749
706.173
704.605
706.450
706.172
699.945
704.273
702.902
704.731
704.369
701.558
702.756
700.918
705.811
705.427
705.486
705.437
705.695
706.956
705.966
708.492
706.213
707.261
704.861
704.777
707.153
707.164
706.349
704.320
705.748
707.522
704.097
701.396
702.733
707.331
700.777
705.306
705.557
705.053
705.745
700.920
702.759
702.457
703.508
701.553
702.056
701.252
698.679
705.144
701.022
699.172
705.400
705.403
704.831
706.228
705.065
709.103
705.056
704.718
706.375
702.432
701.387
706.983
705.678
706.669
707.736
705.113
701.435
703.401
704.009
705.171
705.019
705.593
707.504
705.007
704.008
707.223
704.577
703.513
706.593
706.150
708.727
705.357
704.365
706.121
705.425
704.635
703.952
704.669
704.027
706.046
704.264
707.198
705.476
703.148
704.508
705.624
705.706
708.662
707.134
706.144
706.237
702.994
705.340
707.973
706.024
703.281
705.577
707.526
706.978
700.841
703.162
706.763
703.966
700.514
704.809
702.254
703.569
705.236
705.575
703.776
702.782
704.046
705.817
704.485
704.285
707.858
707.389
711.852
706.757
705.106
704.648
701.975
706.549
711.136
706.397
706.743
705.560
701.687
703.186
706.643
704.258
705.345
708.123
708.739
708.212
704.256
706.319
702.492
704.373
706.071
705.296
702.139
706.627
704.118
704.931
703.103
701.513
701.760
707.848
701.479
707.224
703.476
700.892
702.041
707.195
707.259
707.112
702.691
707.188
705.121
706.993
706.187
705.712
705.313
704.368
707.200
707.843
707.471
705.413
707.079
708.267
705.977
706.153
708.109
709.611
709.368
703.059
704.911
705.583
704.983
706.130
709.079
706.168
705.320
707.791
703.176
706.379
704.515
706.447
705.863
705.821
706.983
704.901
708.190
703.578
706.973
706.209
705.252
701.317
703.227
703.594
708.999
706.493
704.776
704.748
703.198
701.700
702.624
702.179
702.454
705.244
704.561
707.414
703.242
704.843
704.973
708.576
708.175
707.501
704.854
705.370
706.418
705.272
702.300
708.455
708.170
709.912
707.534
709.469
707.850
706.135
706.026
705.050
707.388
709.935
706.763
705.265
706.300
708.311
709.370
706.239
701.539
702.880
701.773
703.251
705.556
703.157
703.800
703.721
704.157
707.389
704.399
704.329
703.690
704.040
705.563
708.567
707.165
706.244
704.855
703.156
706.045
702.509
702.769
702.699
701.803
704.701
705.754
703.211
702.024
704.630
708.001
707.356
706.002
703.553
708.009
707.173
704.260
706.916
705.558
705.546
706.777
707.744
708.392
706.280
704.490
709.281
705.416
705.105
706.738
704.883
707.856
702.256
706.742
707.115
707.032
708.675
703.450
705.480
702.133
705.536
701.934
703.466
704.963
700.136
705.011
704.427
705.598
707.746
706.841
703.398
704.941
706.916
705.844
702.698
703.233
704.430
706.686
706.883
711.429
707.178
705.882
705.255
707.855
707.745
705.090
702.970
701.961
703.964
703.582
706.280
706.775
703.568
706.295
705.714
707.669
704.154
708.214
702.293
704.230
706.679
705.711
703.650
702.036
706.253
703.863
707.842
705.147
709.765
703.204
704.291
703.451
705.748
705.445
707.870
705.307
705.588
704.288
703.741
700.312
702.760
699.677
703.837
700.556
705.545
707.977
705.828
704.027
700.660
700.120
699.579
704.397
704.199
704.858
703.663
702.829
704.230
702.770
704.203
702.331
702.583
707.435
706.528
703.638
702.837
701.871
701.152
704.191
704.201
702.450
703.362
704.876
704.294
704.935
702.190
702.651
701.381
705.076
699.566
702.687
698.817
701.803
702.544
702.237
703.395
700.765
705.996
702.650
700.640
701.617
702.499
703.569
703.397
699.932
693.966
700.763
699.445
698.700
696.633
698.582
700.307
697.694
700.085
694.421
699.629
697.198
697.302
696.112
698.829
697.551
699.463
698.767
700.070
697.087
702.283
703.899
700.537
699.423
701.835
696.417
701.843
703.252
701.945
697.179
702.215
697.000
701.617
700.632
703.069
700.985
698.518
702.339
699.632
702.737
703.772
697.790
700.468
701.981
701.194
700.109
698.903
701.606
702.201
700.246
700.746
701.106
698.874
704.772
699.556
701.845
702.266
699.878
697.130
699.151
698.609
699.672
696.919
696.846
700.099
696.013
700.210
698.685
698.127
697.792
698.698
698.001
697.326
700.754
698.767
695.828
697.812
700.034
701.551
697.567
699.225
699.324
698.232
701.625
704.292
699.646
700.806
702.307
704.782
704.862
703.201
702.095
700.471
700.923
698.794
700.619
698.936
703.375
697.558
704.291
703.372
703.337
700.038
702.683
697.665
698.638
698.634
699.582
699.346
701.087
698.483
698.054
696.572
698.943
699.577
697.540
697.908
704.745
699.784
697.895
701.306
699.707
694.447
702.151
699.348
699.752
699.655
697.714
697.288
704.146
698.490
701.489
699.399
700.276
699.744
701.541
697.544
701.993
700.114
699.206
703.316
699.303
703.947
701.279
702.613
701.601
703.679
701.457
698.355
699.152
697.309
701.043
699.470
702.007
699.077
699.470
701.039
700.843
703.046
702.169
699.406
699.664
699.550
702.886
699.223
699.138
702.793
700.778
698.495
698.270
697.752
697.095
697.557
701.705
699.618
700.786
700.106
698.772
700.570
699.046
703.375
698.098
695.473
702.763
696.208
701.587
701.330
697.115
701.273
698.622
700.706
696.596
698.942
695.692
695.783
697.885
701.153
698.369
700.344
698.291
697.096
698.746
701.326
696.951
696.656
697.794
698.549
697.089
698.488
698.190
696.433
696.028
697.651
694.854
697.736
697.242
698.061
697.240
696.118
696.002
699.834
703.626
698.418
694.487
700.364
697.794
697.924
696.590
697.574
696.287
694.441
698.579
697.200
697.565
698.647
698.672
695.958
696.844
696.166
696.377
697.560
696.658
697.610
698.633
700.960
700.894
695.388
698.978
698.529
694.698
697.369
698.645
698.283
697.736
702.111
698.188
701.268
695.738
696.431
697.092
696.858
699.496
700.984
698.754
699.301
696.033
699.608
696.574
698.017
697.619
697.429
699.365
700.141
696.240
698.822
700.734
698.408
698.552
699.385
701.947
700.912
697.175
699.813
701.311
701.121
702.021
696.101
699.630
696.634
698.608
698.436
698.181
696.068
697.889
694.223
698.093
697.634
699.402
699.769
700.763
698.156
698.499
698.682
701.026
699.758
699.133
698.323
696.922
701.153
699.171
699.538
700.408
699.179
700.648
701.925
698.647
701.178
700.842
701.775
701.820
699.446
699.790
698.080
693.715
700.682
699.777
701.484
697.459
700.590
698.539
699.546
698.837
698.708
700.966
702.212
699.288
700.035
699.718
695.913
701.602
704.350
701.037
700.084
695.595
701.230
699.303
701.962
701.961
701.572
698.636
699.498
697.116
703.004
698.124
701.521
700.374
701.020
701.151
700.858
698.510
699.198
702.673
704.233
703.812
705.776
702.059
704.316
700.205
702.947
701.491
700.707
702.649
703.767
701.500
702.086
698.933
703.874
707.367
704.838
701.278
699.686
704.667
702.214
707.799
702.843
703.020
703.219
702.950
699.815
702.432
703.911
702.760
703.175
705.680
703.807
700.643
701.338
704.016
701.772
706.473
702.491
701.688
703.508
705.948
703.052
704.107
704.511
705.665
703.502
700.266
699.904
702.743
703.036
701.811
704.233
701.155
706.315
702.335
703.567
701.474
703.656
704.116
702.198
701.377
703.181
700.491
701.745
701.642
701.822
705.515
700.142
700.166
700.140
698.911
703.642
705.226
702.344
705.111
706.155
704.577
701.574
704.538
702.144
701.818
703.191
705.548
700.787
700.887
700.908
704.463
703.520
703.401
702.338
700.728
703.998
703.764
701.884
700.730
699.715
699.900
702.250
698.898
702.458
706.088
703.943
700.736
701.122
698.135
699.618
699.020
702.941
698.263
702.804
698.402
699.423
701.699
699.792
701.681
700.381
700.175
699.871
698.654
701.180
698.230
700.714
698.760
698.055
698.637
698.788
699.632
696.484
701.241
702.824
703.514
697.892
699.362
697.168
698.231
699.410
700.633
699.316
700.066
700.012
699.162
700.877
699.536
702.233
700.993
699.691
699.926
700.950
699.463
700.406
699.959
701.071
699.483
702.069
698.513
703.326
700.493
703.079
699.580
707.045
697.480
701.632
699.572
699.477
698.640
698.023
699.571
698.157
698.281
699.847
698.460
696.366
700.702
699.104
700.518
703.407
698.559
697.702
697.540
698.915
702.574
701.958
699.115
701.246
698.828
700.754
703.186
700.732
704.462
701.098
701.480
699.167
699.917
703.175
701.512
701.367
698.854
697.637
700.335
702.422
704.361
701.652
701.659
703.154
702.840
699.384
701.734
702.458
703.146
700.643
696.715
700.699
700.158
701.293
700.640
704.073
703.928
700.243
702.645
701.684
700.814
699.409
699.708
699.603
706.846
701.677
705.389
701.857
705.578
700.093
699.987
702.334
697.980
701.240
703.949
701.688
698.797
702.078
699.970
699.664
702.323
702.090
701.094
704.073
699.055
697.446
699.163
703.752
704.596
699.890
700.416
695.588
699.398
699.076
699.178
697.099
701.204
698.448
699.120
699.864
701.922
697.754
705.093
706.516
704.503
701.018
701.939
703.588
701.390
700.995
699.724
701.361
702.728
701.380
703.118
703.517
698.923
700.866
701.450
702.740
699.574
696.753
699.044
699.930
702.312
700.985
700.112
699.751
705.721
702.898
701.048
702.910
704.639
705.268
704.216
704.836
703.798
702.576
701.684
702.367
703.775
705.276
705.248
704.452
703.810
707.754
704.041
703.569
703.339
701.674
706.573
701.241
706.610
706.077
706.283
701.162
701.441
703.966
699.303
704.605
706.045
705.025
701.038
705.161
703.561
704.765
704.502
704.752
707.469
702.704
702.631
704.519
703.333
703.905
700.208
700.572
701.048
707.253
705.714
701.760
704.062
703.377
702.405
701.995
705.981
701.788
706.239
706.852
708.010
701.505
704.267
705.152
702.445
702.812
705.164
705.352
706.971
701.807
701.275
701.658
702.973
703.729
701.651
701.435
703.913
706.577
703.747
705.842
705.525
706.304
706.547
706.065
703.913
704.582
705.056
705.814
705.593
708.557
706.980
705.120
704.078
701.875
705.054
702.166
704.790
702.786
708.889
707.424
707.923
708.117
707.866
704.474
705.668
703.179
706.416
704.408
704.387
704.421
704.215
703.855
705.891
709.423
706.329
704.144
703.887
704.089
708.732
707.658
708.671
705.799
706.861
706.546
706.790
706.137
709.058
706.778
708.875
709.205
707.069
705.773
706.756
704.989
701.905
705.868
707.916
705.361
706.552
704.936
703.986
704.965
710.922
705.991
704.426
707.710
704.768
705.692
707.758
707.178
705.458
710.453
706.356
706.556
705.930
703.488
708.985
705.658
705.410
708.365
703.318
704.575
707.339
706.728
706.569
708.420
706.472
706.610
707.081
707.199
708.006
708.294
706.577
708.066
706.258
705.337
703.387
709.718
702.754
706.093
705.541
705.549
711.694
705.696
711.695
703.905
706.506
708.397
707.995
707.538
710.777
707.256
708.088
708.943
703.909
708.821
707.539
712.645
706.768
705.493
709.618
705.105
707.482
708.207
706.172
710.264
706.338
706.817
708.868
707.379
707.232
708.033
707.240
708.588
709.647
706.542
707.978
708.572
706.181
703.481
706.250
707.221
708.745
708.174
707.549
706.817
707.758
705.061
709.164
708.830
709.988
708.491
703.902
710.408
708.619
708.313
708.395
708.443
711.440
711.977
708.728
712.417
710.694
707.411
707.715
712.470
709.624
708.584
711.254
712.536
711.437
710.554
709.164
709.202
709.871
707.571
711.696
703.405
705.835
708.282
705.272
707.985
707.542
705.464
709.450
712.747
707.522
711.433
709.804
708.277
703.257
705.402
705.868
706.585
706.728
709.826
710.437
707.478
706.280
708.177
708.275
708.913
707.727
708.450
711.400
708.662
712.067
711.435
710.919
705.308
707.330
709.035
704.906
708.359
707.104
706.907
706.697
709.861
710.517
708.488
704.733
707.443
710.067
704.844
708.586
706.224
706.594
708.680
706.672
708.059
710.033
709.215
712.286
708.340
709.437
704.369
707.943
705.709
709.144
711.635
709.897
709.439
710.958
707.197
706.626
711.074
708.792
711.523
713.680
713.785
710.068
707.519
710.678
707.917
709.252
711.980
709.003
707.529
706.129
708.658
705.434
704.253
706.951
707.988
705.767
709.976
708.204
707.380
708.700
707.213
704.633
711.059
708.286
708.191
705.511
706.869
708.854
708.892
706.676
707.054
707.091
706.899
708.681
709.316
706.790
710.541
710.510
706.287
706.613
707.469
706.294
705.766
709.311
709.043
707.445
707.730
708.006
710.324
706.505
709.103
706.091
707.221
708.771
708.302
707.378
708.180
708.642
710.763
708.632
707.754
705.974
707.782
708.658
707.985
704.058
709.049
708.668
703.832
705.804
704.612
708.723
704.136
704.648
709.271
709.398
709.004
706.983
709.660
708.074
707.670
706.615
707.940
709.076
708.336
712.549
708.081
707.823
705.513
707.377
707.189
705.118
708.769
709.074
707.255
709.659
708.160
705.134
707.239
706.539
703.767
707.704
709.301
706.714
704.614
707.230
705.624
707.034
703.809
705.731
702.463
702.958
704.395
704.149
705.075
707.318
705.693
704.061
704.752
707.678
704.231
707.303
702.191
703.733
700.555
697.717
699.892
699.651
700.889
706.629
702.654
704.812
704.570
702.248
704.106
704.756
704.239
701.947
707.046
701.050
702.102
704.854
702.273
701.332
702.419
701.960
704.382
702.922
703.378
704.733
701.936
703.301
704.490
703.883
702.612
704.602
706.213
699.521
702.927
706.001
706.507
706.866
702.341
702.126
701.824
702.493
704.595
703.102
704.049
706.465
705.560
708.686
707.213
702.867
705.703
703.151
701.494
702.635
704.196
703.115
703.780
704.388
704.360
704.569
705.209
701.405
701.726
703.711
705.247
704.842
703.474
705.764
708.917
704.316
710.653
702.733
702.731
701.983
705.531
707.904
703.201
699.542
701.190
705.187
705.606
703.470
704.900
701.178
703.606
702.691
701.666
703.432
703.574
699.098
702.839
699.569
704.298
703.989
704.268
701.108
702.329
702.334
706.309
703.051
701.193
701.700
702.936
702.577
703.600
704.974
702.632
701.935
702.564
703.880
705.865
701.372
702.268
702.856
705.180
701.717
701.570
706.596
702.989
704.548
706.110
706.248
705.401
709.032
706.600
707.017
701.160
707.551
700.566
704.524
703.420
704.585
702.236
702.162
701.340
704.080
703.712
705.708
704.099
705.351
703.061
704.559
703.825
705.431
703.008
700.391
698.569
700.835
704.881
706.650
702.153
705.151
707.009
707.026
702.865
701.257
701.402
701.588
704.145
699.916
704.438
702.844
702.328
701.071
706.295
701.410
704.553
703.701
704.010
702.566
702.604
703.315
706.396
703.502
704.207
701.611
703.420
702.267
702.307
701.988
700.859
705.434
702.766
701.503
698.150
699.600
699.980
701.983
699.416
703.562
708.260
701.134
702.086
700.702
703.170
703.285
701.362
702.448
703.842
702.665
703.403
701.575
699.043
697.343
699.962
702.257
698.153
707.715
703.470
701.622
702.670
704.575
702.923
698.554
704.583
705.522
701.602
701.666
703.713
702.895
700.206
700.263
700.009
702.529
697.836
701.709
698.175
702.218
697.683
699.799
703.683
696.375
698.555
705.283
703.177
702.816
700.954
702.842
705.357
702.975
702.120
701.538
698.661
699.741
698.690
699.913
702.023
701.351
701.992
702.914
701.829
701.728
701.028
701.307
704.147
701.200
704.854
698.506
701.661
703.366
701.884
702.593
702.816
701.497
700.986
700.928
700.123
702.261
702.154
705.116
705.260
701.085
702.022
703.205
704.515
700.954
703.152
701.817
704.356
701.895
704.531
705.084
702.585
703.090
701.812
700.004
705.650
700.733
705.202
702.816
703.564
701.569
701.274
704.088
704.335
703.431
