1051.553
1059.008
1058.546
1060.604
1066.859
1063.619
1057.900
1060.187
1056.995
1063.258
1056.063
1061.010
1048.226
1056.885
1054.845
1049.783
1045.676
1053.612
1049.912
1049.020
1047.938
1050.094
1038.274
1046.887
1041.404
1038.689
1043.066
1043.858
1052.857
1042.355
1044.179
1042.104
1045.786
1052.988
1050.587
1047.815
1045.612
1038.865
1043.373
1048.783
1045.074
1043.978
1041.203
1036.848
1037.423
1034.399
1042.485
1045.463
1049.257
1048.546
1049.128
1047.396
1052.787
1052.866
1060.002
1060.823
1059.827
1060.569
1066.298
1059.420
1054.148
1052.316
1048.030
1044.068
1050.872
1048.023
1051.168
1054.172
1049.269
1048.822
1053.194
1048.372
1041.697
1032.196
1041.839
1043.267
1052.061
1052.907
1058.737
1046.250
1051.066
1052.249
1052.356
1053.935
1052.040
1044.320
1037.825
1040.328
1035.923
1044.183
1033.776
1036.542
1032.480
1021.705
1024.219
1015.524
1024.560
1029.405
1015.900
1007.676
1020.141
1014.880
1015.885
1015.816
1018.645
1015.893
1016.041
1019.286
1011.829
1017.874
1019.218
1015.181
1018.445
1017.596
1030.717
1020.639
1027.324
1032.930
1011.954
1005.404
1003.831
1004.959
1007.957
1016.556
1013.679
1017.331
1031.441
1038.213
1034.029
1033.358
1039.942
1050.312
1054.329
1049.466
1053.698
1055.151
1038.118
1042.228
1045.495
1052.086
1051.324
1041.723
1038.859
1043.293
1034.500
1027.475
1028.354
1026.680
1029.275
1035.444
1037.716
1045.345
1035.980
1036.985
1031.602
1032.109
1033.766
1034.937
1038.470
1035.748
1037.191
1050.862
1051.374
1050.229
1046.259
1040.098
1038.269
1038.949
1040.248
1043.676
1040.225
1044.875
1041.431
1042.666
1034.235
1028.252
1029.664
1027.615
1024.242
1033.181
1029.672
1020.424
1029.938
1034.628
1038.031
1034.584
1025.687
1029.518
1039.069
1037.149
1037.830
1036.939
1038.342
1038.116
1034.501
1038.636
1033.255
1030.972
1031.657
1034.355
1032.595
1033.605
1037.832
1029.068
1034.343
1038.694
1042.316
1042.899
1039.989
1043.548
1034.901
1041.154
1051.421
1052.974
1067.390
1063.053
1057.519
1056.173
1055.514
1047.042
1035.001
1035.953
1042.926
1045.375
1048.844
1052.136
1042.274
1038.372
1021.419
1025.500
1030.770
1027.981
1021.493
1016.652
1033.730
1037.227
1046.968
1049.115
1054.113
1052.590
1055.833
1058.864
1048.826
1041.056
1045.259
1049.430
1053.990
1053.727
1055.057
1050.669
1039.994
1039.706
1035.650
1036.452
1033.653
1037.440
1040.821
1037.943
1030.449
1030.240
1031.905
1033.620
1033.903
1045.596
1042.327
1042.828
1039.725
1038.575
1039.248
1040.805
1045.992
1048.550
1036.244
1030.299
1023.558
1026.862
1031.209
1031.560
1033.423
1038.826
1043.948
1044.615
1047.535
1041.268
1041.273
1042.154
1038.941
1045.039
1042.315
1043.655
1035.867
1035.393
1042.817
1040.737
1032.896
1030.360
1032.731
1038.911
1031.450
1037.611
1028.059
1026.916
1031.104
1032.992
1021.933
1018.812
1016.197
1019.315
1011.805
1026.871
1031.162
1032.221
1023.456
1023.336
1022.981
1034.175
1022.632
1022.107
1027.857
1028.052
1014.769
1021.728
1025.349
1019.330
1015.668
1009.984
1010.315
1012.079
1012.675
1017.752
1015.961
1025.404
1029.678
1027.580
1034.109
1028.219
1036.225
1032.895
1042.535
1041.201
1038.850
1040.133
1044.599
1043.962
1042.688
1045.585
1047.382
1055.538
1056.791
1047.166
1042.491
1044.603
1044.900
1046.377
1043.793
1044.795
1057.755
1061.512
1054.829
1059.017
1054.144
1055.274
1053.932
1065.117
1070.239
1068.427
1055.295
1052.995
1057.683
1062.357
1066.654
1062.542
1068.753
1069.513
1070.629
1077.000
1085.804
1081.527
1069.897
1069.852
1073.638
1072.888
1075.724
1082.933
1075.890
1079.944
1090.356
1096.624
1090.050
1091.832
1087.406
1083.682
1079.308
1072.352
1077.467
1072.110
1070.306
1057.905
1066.996
1064.462
1057.442
1053.360
1047.990
1039.422
1047.634
1062.437
1058.847
1059.039
1056.968
1059.659
1059.784
1070.284
1079.942
1076.299
1089.208
1080.991
1070.687
1069.277
1067.859
1059.032
1067.217
1059.287
1051.855
1045.325
1044.387
1041.182
1050.428
1054.116
1047.205
1054.258
1054.683
1052.863
1050.049
1041.762
1042.602
1040.158
1039.231
1036.053
1032.124
1031.015
1045.384
1043.753
1038.521
1039.592
1047.029
1043.930
1055.188
1060.225
1056.374
1051.296
1056.234
1064.894
1063.301
1061.915
1053.933
1057.392
1059.895
1064.535
1061.484
1058.647
1051.504
1042.279
1046.241
1057.717
1061.005
1061.856
1051.988
1057.377
1061.173
1062.574
1055.083
1053.759
1056.925
1051.993
1062.750
1054.412
1055.206
1056.055
1054.092
1059.032
1057.772
1048.962
1055.723
1053.950
1064.949
1068.066
1068.645
1074.218
1074.346
1073.007
1081.147
1085.895
1079.607
1076.871
1083.161
1071.480
1060.594
1060.387
1056.355
1056.341
1048.243
1052.927
1056.422
1060.429
1056.560
1053.920
1065.515
1066.235
1060.779
1049.630
1054.008
1061.850
1067.153
1067.025
1077.824
1080.016
1079.091
1066.566
1060.280
1066.509
1067.707
1070.718
1076.574
1075.943
1069.851
1062.816
1069.380
1063.127
1064.055
1060.329
1060.865
1067.596
1072.360
1067.966
1073.075
1070.467
1069.970
1066.646
1064.953
1064.614
1064.194
1058.906
1060.276
1058.956
1065.395
1068.026
1060.513
1066.278
1074.656
1072.909
1071.479
1068.095
1068.336
1063.242
1059.784
1058.061
1061.222
1052.848
1045.872
1046.848
1051.314
1051.751
1058.302
1058.049
1055.893
1054.232
1047.653
1043.073
1046.388
1042.635
1041.885
1052.053
1060.620
1063.261
1053.628
1048.484
1040.498
1036.132
1046.851
1046.266
1039.428
1048.787
1041.901
1040.407
1044.293
1036.200
1037.207
1036.832
1041.917
1043.463
1049.938
1050.985
1049.819
1041.068
1041.902
1036.110
1034.036
1043.090
1047.622
1049.450
1045.055
1041.311
1030.803
1025.940
1021.776
1023.101
1026.159
1037.676
1029.506
1031.525
1022.290
1024.489
1024.955
1041.022
1039.427
1041.177
1030.884
1030.953
1032.282
1038.564
1040.424
1033.353
1028.134
1021.802
1027.665
1030.288
1035.885
1032.647
1029.173
1028.056
1038.142
1036.385
1042.199
1045.056
1048.165
1047.740
1065.039
1071.019
1069.885
1076.183
1076.705
1069.717
1074.892
1072.012
1068.367
1075.459
1079.260
1080.267
1084.957
1081.303
1090.526
1088.122
1077.627
1080.396
1086.269
1082.780
1080.040
1077.550
1073.006
1064.473
1067.706
1063.660
1054.676
1060.073
1060.298
1055.510
1051.661
1060.479
1069.122
1058.015
1053.129
1056.744
1055.409
1056.054
1053.152
1042.425
1038.737
1038.033
1038.358
1039.552
1043.679
1047.356
1040.182
1032.097
1032.630
1034.082
1029.364
1036.485
1039.360
1032.976
1037.036
1033.895
1034.035
1035.192
1042.876
1049.588
1046.244
1036.897
1044.095
1045.246
1043.020
1050.744
1046.142
1056.358
1061.043
1060.346
1056.290
1052.779
1039.916
1041.699
1037.843
1036.820
1039.353
1037.604
1029.826
1040.983
1032.413
1032.635
1027.917
1020.157
1023.274
1025.692
1033.934
1024.756
1026.005
1033.435
1041.948
1042.594
1041.617
1048.145
1045.122
1046.308
1049.417
1052.635
1043.487
1047.663
1048.296
1045.598
1049.673
1054.028
1047.065
1058.829
1060.586
1063.075
1065.891
1073.345
1064.380
1052.807
1054.267
1059.625
1058.557
1060.038
1055.823
1046.385
1046.017
1050.522
1049.169
1048.378
1045.194
1041.413
1035.603
1037.794
1034.844
1033.292
1030.205
1025.716
1023.823
1030.883
1026.833
1022.042
1026.680
1033.646
1032.329
1029.205
1028.428
1033.817
1033.376
1033.259
1040.112
1037.710
1035.186
1037.813
1038.360
1035.263
1035.596
1040.625
1044.213
1048.069
1059.588
1063.481
1066.787
1065.212
1067.099
1070.631
1068.670
1071.747
1062.543
1070.402
1072.616
1074.451
1061.505
1063.625
1062.444
1061.681
1068.733
1074.838
1076.350
1072.565
1073.450
1065.395
1057.696
1049.064
1060.052
1060.044
1066.471
1061.219
1058.400
1064.016
1058.757
1057.755
1062.541
1073.653
1068.675
1070.886
1070.368
1077.665
1075.002
1066.971
1065.687
1062.706
1067.335
1064.170
1062.000
1065.746
1071.860
1079.057
1081.262
1090.980
1081.583
1074.542
1071.759
1075.280
1067.769
1068.760
1062.401
1071.036
1079.428
1073.129
1064.408
1066.688
1067.985
1076.520
1080.060
1068.075
1064.407
1069.995
1053.042
1059.906
1067.311
1079.928
1076.252
1069.121
1055.734
1069.028
1066.883
1068.332
1073.069
1075.045
1079.374
1079.629
1077.285
1071.896
1070.496
1067.829
1065.139
1061.746
1059.568
1070.017
1071.284
1064.574
1071.520
1065.737
1071.618
1073.406
1073.108
1061.912
1067.856
1061.213
1059.453
1069.570
1057.956
1057.200
1058.417
1054.495
1050.511
1055.353
1052.718
1051.618
1054.307
1044.941
1050.759
1048.227
1047.055
1049.876
1048.413
1046.278
1039.066
1048.218
1048.074
1046.735
1055.643
1060.439
1053.912
1053.395
1043.983
1056.064
1058.383
1063.171
1059.682
1058.076
1055.027
1045.663
1050.080
1044.266
1047.177
1039.853
1045.337
1048.568
1047.079
1051.445
1047.610
1052.661
1047.529
1059.710
1059.186
1058.126
1053.396
1055.867
1053.612
1053.006
1054.184
1059.099
1065.561
1066.007
1057.399
1057.431
1055.091
1053.508
1046.789
1059.723
1064.719
1063.147
1064.253
1058.933
1057.491
1072.510
1073.747
1062.120
1056.762
1054.118
1057.388
1059.370
1068.526
1059.012
1055.539
1051.998
1043.878
1043.763
1044.605
1041.216
1045.283
1046.552
1045.323
1038.472
1041.477
1047.662
1051.959
1052.940
1066.406
1065.451
1061.252
1067.092
1064.036
1056.656
1053.709
1055.237
1051.194
1045.017
1049.077
1057.808
1056.569
1063.231
1067.400
1067.195
1062.675
1068.853
1059.561
1052.643
1062.209
1061.176
1064.160
1065.010
1064.488
1070.412
1068.150
1056.093
1054.448
1052.302
1056.377
1057.302
1069.341
1062.336
1064.835
1060.432
1068.645
1075.822
1078.660
1073.083
1076.665
1068.724
1065.100
1066.211
1080.768
1087.489
1089.019
1090.635
1094.417
1095.667
1094.073
1093.461
1082.811
1082.682
1086.549
1089.721
1089.245
1087.004
1073.218
1074.580
1085.717
1072.740
1072.032
1068.243
1067.680
1066.798
1062.968
1057.548
1056.978
1060.539
1059.950
1063.859
1062.289
1066.802
1059.462
1057.501
1069.389
1067.102
1067.177
1072.068
1072.871
1080.144
1075.435
1075.557
1064.110
1066.797
1063.639
1066.271
1078.585
1072.238
1071.489
1066.627
1072.254
1066.353
1060.247
1059.238
1057.830
1054.560
1059.585
1076.820
1075.908
1075.771
1073.838
1068.624
1074.328
1074.290
1071.083
1075.112
1069.365
1063.921
1062.449
1063.820
1071.235
1070.170
1072.085
1068.595
1063.189
1066.524
1057.837
1065.424
1075.115
1068.312
1070.232
1075.893
1067.389
1068.143
1073.666
1079.391
1074.088
1078.506
1076.890
1069.825
1073.083
1080.950
1074.883
1065.302
1057.538
1071.181
1079.934
1075.339
1069.691
1074.974
1079.496
1079.397
1082.870
1074.116
1081.090
1075.866
1082.923
1076.760
1073.935
1083.553
1081.812
1083.794
1085.319
1089.213
1087.211
1104.945
1102.627
1103.197
1096.687
1100.224
1094.942
1090.650
1080.617
1078.270
1082.940
1074.873
1069.871
1073.761
1071.631
1080.314
1092.607
1092.276
1090.006
1088.335
1086.958
1079.862
1081.622
1079.238
1085.521
1093.605
1086.006
1075.360
1066.591
1075.452
1068.400
1067.418
1076.371
1078.417
1073.570
1072.009
1069.644
1059.880
1075.594
1078.766
1069.999
1063.086
1069.012
1070.357
1075.473
1074.600
1076.806
1072.009
1076.893
1074.713
1094.090
1101.498
1094.090
1100.103
1085.829
1083.874
1087.004
1086.581
1079.721
1080.471
1088.925
1083.616
1076.432
1077.961
1069.311
1067.101
1071.633
1073.559
1074.678
1068.386
1074.702
1074.239
1076.863
1076.942
1082.246
1085.067
1086.764
1084.482
1092.078
1083.806
1084.902
1088.286
1101.239
1093.416
1089.812
1100.131
1109.166
1109.116
1098.391
1099.601
1098.902
1099.218
1096.932
1105.249
1099.773
1104.601
1100.468
1093.536
1097.121
1096.191
1097.163
1100.127
1098.018
1100.786
1092.014
1088.489
1075.164
1078.840
1086.760
1079.543
1083.148
1089.045
1076.942
1074.814
1070.813
1071.661
1074.120
1077.609
1078.302
1076.551
1078.593
1094.837
1099.281
1090.804
1087.145
1098.630
1100.519
1095.792
1093.558
1100.355
1099.845
1088.321
1093.709
1094.761
1098.140
1090.358
1093.613
1089.093
1093.903
1095.984
1090.004
1088.194
1091.260
1079.392
1091.525
1103.294
1107.313
1097.546
1102.595
1097.320
1101.814
1100.839
1092.095
1101.786
1099.196
1097.889
1089.199
1085.776
1079.852
1081.553
1086.894
1089.229
1091.125
1082.149
1095.365
1109.196
1101.043
1109.252
1109.318
1095.810
1103.366
1094.370
1088.638
1086.811
1076.152
1075.740
1082.960
1084.174
1086.111
1091.304
1083.453
1082.960
1085.742
1085.476
1092.284
1098.315
1088.088
1088.168
1087.398
1079.841
1077.032
1087.371
1088.603
1088.891
1085.667
1087.632
1076.750
1075.824
1072.483
1077.274
1083.959
1075.400
1082.926
1076.832
1078.430
1073.626
1072.531
1073.353
1070.996
1068.475
1077.412
1084.289
1097.370
1094.699
1085.567
1082.448
1085.300
1085.179
1084.024
1088.673
1096.322
1097.187
1097.696
1095.941
1101.868
1097.643
1103.530
1103.906
1095.202
1091.882
1090.950
1086.996
1082.265
1077.268
1074.362
1067.264
1065.269
1069.553
1074.367
1069.953
1065.126
1061.213
1064.936
1066.255
1053.536
1056.863
1058.091
1061.046
1062.641
1055.052
1053.935
1058.764
1055.893
1056.558
1060.991
1065.582
1069.833
1083.037
1078.420
1066.739
1068.724
1075.873
1090.365
1091.217
1095.108
1090.056
1085.971
1084.296
1076.422
1085.307
1084.696
1094.217
1095.000
1090.600
1077.341
1073.428
1071.546
1064.842
1081.220
1078.177
1076.447
1081.200
1079.231
1081.187
1074.280
1076.309
1075.087
1078.030
1078.149
1072.302
1060.209
1062.300
1062.568
1073.006
1070.844
1073.632
1062.328
1063.848
1067.002
1060.838
1054.122
1052.556
1053.106
1046.545
1046.251
1059.321
1059.209
1058.001
1055.496
1052.484
1048.871
1058.531
1062.604
1057.742
1036.014
1036.955
1024.588
1037.948
1041.474
1041.597
1036.838
1035.257
1044.852
1036.867
1036.873
1039.238
1029.804
1037.895
1037.845
1035.490
1038.634
1040.413
1035.021
1033.217
1036.808
1047.121
1044.639
1051.938
1061.519
1053.613
1051.129
1045.567
1052.759
1057.233
1055.790
1060.385
1064.768
1065.206
1071.829
1068.203
1061.640
1063.217
1058.463
1055.907
1053.355
1061.519
1074.928
1075.922
1074.017
1077.632
1079.323
1074.358
1066.729
1067.797
1058.926
1064.574
1054.454
1056.560
1045.783
1046.752
1046.001
1045.425
1058.265
1064.578
1060.135
1064.069
1060.057
1051.688
1050.543
1056.439
1057.524
1062.976
1056.654
1049.366
1049.385
1049.617
1046.378
1049.552
1053.733
1060.602
1058.762
1058.558
1053.423
1052.985
1061.253
1056.030
1062.210
1066.795
1066.758
1071.258
1077.512
1069.091
1067.418
1078.938
1076.069
1068.523
1073.779
1071.577
1071.154
1070.928
1073.564
1068.055
1063.950
1075.244
1062.776
1061.177
1063.396
1070.401
1059.947
1059.727
1055.854
1055.987
1051.718
1059.421
1050.886
1047.127
1042.612
1041.966
1028.941
1027.166
1045.031
1035.503
1042.583
1046.745
1050.925
1054.409
1056.722
1062.749
1068.081
1070.871
1072.627
1070.034
1080.136
1076.950
1067.374
1073.014
1064.925
1058.842
1061.177
1068.203
1068.288
1071.380
1075.281
1074.460
1084.843
1075.325
1067.088
1074.294
1076.355
1074.494
1077.199
1073.042
1071.912
1066.170
1066.390
1061.266
1063.549
1068.719
1071.828
1074.829
1080.978
1089.784
1090.526
1080.063
1082.000
1083.982
1084.527
1077.970
1067.471
1071.744
1075.464
1072.547
1077.911
1073.463
1074.262
1072.323
1068.177
1074.540
1068.869
1068.581
1072.343
1076.471
1080.480
1081.812
1065.694
1059.165
1059.261
1065.418
1059.964
1053.242
1051.181
1046.361
1051.109
1059.958
1069.184
1062.428
1071.602
1072.630
1058.920
1055.201
1057.445
1050.571
1050.955
1050.653
1055.151
1057.607
1059.303
1064.283
1060.273
1065.377
1068.364
1077.550
1065.185
1059.407
1052.216
1055.427
1054.880
1057.785
1057.933
1059.152
1057.197
1052.796
1055.653
1056.327
1059.553
1050.215
1036.105
1042.871
1044.844
1052.251
1058.746
1054.806
1061.878
1055.108
1061.251
1056.788
1054.179
1050.596
1053.722
1055.958
1053.857
1059.082
1058.786
1054.456
1050.215
1060.564
1053.463
1058.937
1065.350
1070.699
1082.692
1086.371
1084.234
1084.544
1084.463
1091.816
1088.494
1090.021
1078.880
1073.999
1078.079
1083.971
1089.803
1079.231
1072.467
1081.970
1088.995
1088.261
1090.156
1080.024
1081.032
1094.559
1090.465
1091.206
1087.653
1076.488
1076.983
1070.991
1071.439
1076.940
1079.978
1088.488
1084.905
1085.500
1081.850
1069.745
1075.162
1066.806
1069.735
1076.437
1068.527
1073.712
1077.568
1078.133
1079.988
1075.290
1080.741
1081.989
1078.112
1077.653
1077.102
1076.025
1087.548
1075.971
1079.433
1076.490
1072.562
1068.567
1067.988
1061.653
1060.813
1058.356
1060.546
1057.599
1052.194
1058.481
1068.621
1063.291
1055.147
1059.588
1069.116
1067.406
1054.225
1053.438
1049.549
1057.154
1064.730
1061.108
1057.798
1066.651
1062.862
1055.285
1058.258
1055.657
1057.428
1059.091
1065.102
1058.937
1064.359
1067.224
1067.259
1070.364
1074.166
1077.866
1074.551
1070.474
1066.190
1064.889
1067.852
1069.762
1079.493
1093.954
1098.760
1091.246
1092.896
1082.632
1082.745
1081.798
1081.057
1078.998
1080.059
1062.435
1068.140
1070.066
1083.741
1074.095
1074.241
1071.425
1066.040
1075.304
1071.950
1072.395
1075.994
1079.832
1084.792
1089.792
1081.080
1071.408
1071.851
1072.909
1070.565
1070.335
1068.288
1074.896
1071.429
1065.521
1060.251
1052.893
1063.563
1064.763
1063.650
1058.675
1038.020
1047.057
1050.266
1043.491
1042.371
1055.434
1063.381
1055.310
1049.518
1049.805
1054.056
1047.410
1050.715
1049.334
1046.253
1052.449
1070.354
1065.449
1075.926
1076.014
1070.822
1075.971
1066.691
1061.933
1075.330
1076.762
1081.126
1088.725
1092.327
1083.018
1080.162
1080.887
1083.766
1089.607
1086.022
1095.551
1088.774
1080.025
1087.978
1083.573
1078.758
1071.845
1058.069
1070.589
1069.281
1061.903
1052.647
1058.376
1046.463
1048.458
1051.856
1056.770
1059.318
1059.769
1073.852
1077.675
1075.167
1077.705
1079.850
1076.885
1076.577
1074.059
1077.835
1079.710
1081.366
1084.275
1087.335
1086.334
1083.774
1084.317
1079.249
1085.969
1088.780
1081.712
1085.442
1086.064
1098.156
1097.467
1098.055
1090.799
1075.894
1068.476
1061.937
1069.458
1070.728
1067.167
1080.101
1085.720
1092.695
1084.530
1098.474
1104.409
1102.631
1091.353
1088.368
1092.054
1089.877
1105.299
1106.032
1104.763
1113.749
1112.265
1117.535
1113.450
1107.818
1097.373
1101.361
1106.020
1111.301
1116.739
1113.319
1112.287
1105.601
1109.308
1092.976
1091.536
1101.098
1107.200
1107.413
1106.661
1099.496
1101.182
1102.331
1100.849
1113.486
1112.364
1104.799
1103.280
1091.437
1096.445
1101.501
1096.942
1090.171
1076.595
1083.050
1091.157
1092.161
1092.521
1094.653
1094.661
1086.791
1090.958
1087.724
1087.969
1090.484
1089.592
1089.958
1096.153
1086.412
1085.778
1081.197
1076.800
1079.543
1092.977
1095.877
1095.109
1106.946
1101.609
1098.192
1115.818
1111.340
1106.838
1106.766
1109.425
1107.131
1109.508
1105.288
1089.858
1089.980
1089.915
1081.415
1080.923
1073.487
1071.884
1071.592
1073.825
1078.089
1077.588
1078.904
1072.385
1073.704
1066.229
1062.486
1057.742
1061.149
1062.561
1059.034
1059.871
1056.450
1049.601
1042.287
1042.916
1046.649
1056.503
1047.393
1048.534
1048.196
1037.949
1048.451
1055.366
1054.310
1049.636
1052.062
1052.890
1064.831
1065.442
1073.033
1067.525
1066.988
1061.823
1066.647
1062.099
1051.139
1060.997
1072.051
1062.847
1063.494
1058.241
1064.127
1064.637
1056.835
1060.456
1058.554
1059.321
1058.946
1066.279
1067.254
1058.553
1062.783
1069.610
1065.331
1065.288
1066.763
1067.297
1075.129
1080.374
1086.909
1080.409
1087.520
1079.106
1084.066
1085.290
1074.109
1076.958
1067.804
1066.347
1062.545
1065.124
1071.278
1077.911
1065.082
1067.550
1063.510
1060.898
1063.050
1066.443
1070.944
1062.786
1063.287
1058.531
1060.539
1069.919
1059.729
1055.132
1056.207
1059.242
1052.148
1057.551
1052.721
1056.721
1055.446
1053.190
1054.307
1051.082
1057.263
1060.748
1058.287
1054.603
1056.238
1060.657
1059.562
1056.763
1055.026
1054.530
1054.114
1053.198
1051.462
1055.872
1062.983
1058.823
1066.498
1065.839
1063.266
1074.132
1079.643
1075.607
1072.365
1085.448
1085.368
1076.770
1072.154
1074.509
1067.923
1071.448
1068.611
1067.687
1080.267
1065.136
1059.102
1062.228
1065.179
1069.720
1070.445
1072.031
1068.650
1068.920
1056.361
1067.920
1074.727
1078.936
1078.515
1073.873
1078.583
1086.281
1093.212
1091.272
1093.773
1089.366
1088.462
1097.659
1082.195
1080.376
1070.312
1069.661
1074.523
1072.769
1075.345
1065.874
1058.094
1065.644
1069.756
1070.434
1070.310
1061.956
1065.253
1073.970
1078.757
1077.349
1078.306
1085.112
1080.141
1079.462
1076.880
1078.631
1081.076
1091.239
1089.966
1082.951
1069.439
1076.690
1075.367
1075.841
1067.261
1064.984
1064.716
1060.710
1072.421
1066.582
1071.699
1073.971
1075.511
1085.835
1080.552
1075.105
1069.292
1079.118
1069.923
1069.149
1080.348
1088.635
1081.375
1081.355
1071.491
1065.217
1064.789
1054.014
1059.498
1063.560
1065.631
1063.087
1054.272
1059.429
1069.319
1059.321
1059.232
1071.368
1071.297
1068.325
1069.257
1067.351
1066.692
1067.387
1075.798
1081.048
1081.127
1091.901
1090.633
1084.006
1081.020
1078.266
1077.419
1078.334
1084.803
1090.962
1082.959
1082.664
1086.316
1091.425
1082.733
1074.006
1074.434
1072.614
1074.601
1081.787
1080.535
1082.764
1084.377
1086.682
1082.697
1092.063
1086.716
1083.859
1088.129
1078.239
1081.926
1075.931
1083.918
1081.295
1080.439
1081.390
1080.414
1080.291
1080.874
1072.429
1078.173
1087.433
1086.466
1081.917
1082.886
1090.042
1089.920
1095.202
1090.948
1090.363
1081.230
1078.548
1080.506
1075.601
1069.444
1069.573
1067.177
1056.779
1055.181
1044.619
1050.409
1049.802
1057.734
1058.400
1060.198
1059.703
1064.201
1061.755
1062.272
1057.397
1055.032
1057.057
1065.782
1070.406
1079.311
1070.576
1072.819
1071.355
1069.327
1067.940
1049.859
1053.943
1062.293
1064.814
1060.705
1055.579
1057.855
1051.851
1051.782
1056.611
1059.873
1067.790
1060.596
1061.462
1057.423
1056.213
1051.549
1052.164
1054.599
1055.605
1046.969
1052.394
1054.042
1054.622
1052.908
1052.638
1052.765
1048.532
1051.406
1057.489
1055.376
1063.922
1065.521
1054.476
1044.607
1049.238
1053.367
1058.004
1053.712
1052.411
1052.284
1063.345
1067.093
1063.022
1070.680
1065.809
1067.863
1062.593
1057.136
1053.115
1050.996
1061.752
1046.747
1056.382
1058.097
1064.081
1073.705
1076.042
1074.250
1063.146
1060.526
1067.733
1069.926
1065.068
1072.172
1069.944
1069.251
1068.936
1066.898
1067.997
1062.003
1067.987
1065.845
1064.022
1060.545
1062.933
1064.405
1056.389
1050.409
1040.976
1040.804
1042.024
1038.856
1041.774
1044.404
1048.501
1047.945
1049.629
1046.026
1038.279
1038.484
1046.154
1049.922
1043.983
1039.725
1056.658
1050.515
1044.506
1045.180
1036.264
1038.272
1046.245
1048.349
1036.943
1028.932
1032.262
1024.521
1029.540
1044.465
1050.576
1044.680
1048.606
1049.612
1060.696
1048.926
1044.919
1046.605
1040.085
1035.511
1041.648
1038.976
1026.863
1028.565
1029.865
1030.521
1032.239
1030.766
1025.008
1034.011
1032.644
1024.179
1025.997
1026.767
1036.001
1038.406
1034.183
1046.657
1047.656
1051.265
1049.399
1048.090
1044.498
1047.402
1047.799
1051.239
1045.832
1048.702
1055.591
1057.610
1058.379
1062.153
1070.380
1069.238
1066.018
1064.559
1067.755
1070.309
1074.473
1062.110
1059.112
1064.732
1065.940
1062.472
1060.638
1057.959
1060.111
1052.669
1060.497
1062.202
1070.626
1071.593
1075.770
1068.712
1068.586
1070.944
1078.474
1076.142
1071.607
1061.604
1061.552
1053.444
1048.204
1043.731
1045.111
1049.125
1061.122
1059.632
1055.357
1060.188
1048.350
1052.743
1054.091
1058.752
1046.261
1056.952
1049.807
1050.841
1047.147
1053.828
1063.394
1051.733
1056.145
1051.217
1043.362
1041.576
1044.785
1046.719
1042.155
1051.786
1066.907
1067.968
1069.049
1071.871
1068.443
1070.071
1077.111
1071.757
1057.428
1055.145
1047.642
1048.308
1051.783
1043.364
1043.682
1050.155
1052.027
1054.091
1064.225
1059.814
1062.465
1063.435
1057.001
1062.951
1073.595
1071.722
1060.490
1062.740
1068.103
1072.453
1067.837
1066.210
1064.679
1076.632
1059.800
1065.727
1067.593
1060.554
1069.892
1073.505
1082.066
1081.808
1084.870
1085.908
1074.563
1069.343
1071.212
1065.947
1067.931
1070.741
1077.991
1070.425
1071.777
1077.401
1074.670
1081.930
1079.825
1081.597
1080.014
1079.888
1077.056
1073.823
1069.713
1072.801
1075.929
1073.108
1067.181
1068.531
1080.231
1084.783
1078.806
1081.902
1075.733
1075.223
1086.285
1075.546
1075.038
1073.330
1072.856
1072.773
1072.167
1066.450
1064.691
1074.662
1068.889
1063.514
1055.687
1070.678
1076.195
1075.945
1074.585
1064.278
1062.461
1062.117
1061.010
1069.315
1077.152
1075.476
1062.605
1061.271
1057.566
1041.713
1044.604
1059.914
1058.307
1060.157
1066.590
1072.785
1074.265
1079.978
1080.431
1091.312
1083.649
1069.384
1068.998
1072.929
1078.976
1070.409
1072.898
1072.522
1078.310
1072.366
1070.592
1062.590
1061.955
1061.555
1055.921
1053.626
1054.301
1064.125
1066.530
1064.708
1069.322
1059.579
1054.612
1055.499
1064.045
1066.428
1071.709
1082.154
1082.898
1084.175
1074.413
1085.380
1084.289
1084.648
1096.493
1092.164
1082.905
1086.630
1094.244
1089.358
1086.046
1074.110
1070.635
1060.963
1062.818
1075.332
1073.671
1075.637
1076.121
1080.452
1075.245
1072.507
1081.804
1076.966
1085.664
1091.819
1091.671
1092.224
1097.679
1095.710
1093.242
1091.880
1090.781
1091.027
1098.699
1102.289
1083.597
1081.253
1093.227
1098.210
1097.226
1095.210
1104.637
1091.194
1083.586
1081.399
1078.034
1072.040
1089.753
1083.630
1088.021
1088.355
1088.893
1086.859
1086.622
1091.802
1089.854
1088.376
1091.307
1089.874
1084.586
1082.164
1081.235
1085.012
1077.755
1075.459
1070.400
1074.591
1077.241
1073.126
1073.218
1074.271
1080.034
1084.803
1075.671
1073.978
1076.721
1068.257
1062.157
1062.625
1055.341
1055.404
1041.313
1037.430
1033.668
1040.196
1039.607
1047.220
1037.377
1049.295
1053.288
1041.708
1042.689
1047.952
1055.937
1062.267
1057.884
1054.031
1059.904
1051.809
1050.285
1058.509
1056.566
1061.942
1066.332
1067.237
1064.425
1058.996
1058.030
1058.561
1050.573
1061.276
1067.243
1069.892
1068.260
1079.631
1084.893
1081.259
1089.660
1091.059
1084.318
1084.458
1074.140
1083.333
1070.778
1069.860
1070.613
1059.283
1061.430
1062.315
1064.633
1061.410
1060.789
1062.554
1063.996
1071.633
1067.013
1065.302
1059.768
1060.295
1058.308
1056.841
1054.439
1052.292
1055.641
1057.548
1056.506
1059.530
1063.329
1064.080
1064.638
1061.655
1060.283
1073.541
1064.213
1068.265
1077.557
1067.202
1073.593
1072.049
1057.825
1060.626
1064.917
1071.728
1070.086
1079.387
1077.422
1071.079
1071.359
1067.072
1066.307
1074.717
1067.087
1072.699
1069.015
1071.572
1070.075
1066.934
1059.943
1054.310
1055.853
1057.879
1055.654
1058.841
1059.643
1055.803
1054.844
1055.842
1060.647
1057.706
1059.974
1051.909
1054.194
1056.503
1050.794
1044.620
1040.964
1043.516
1043.971
1028.967
1025.170
1025.652
1036.320
1041.475
1039.508
1036.948
1026.145
1040.316
1050.139
1042.193
1039.063
1049.623
1052.884
1058.919
1064.477
1066.148
1064.921
1060.072
1063.750
1062.449
1059.711
1065.402
1063.859
1064.825
1053.728
1052.828
1054.438
1049.717
1055.464
1048.363
1040.822
1043.722
1045.720
1044.840
1047.228
1045.859
1042.263
1038.080
1033.781
1044.859
1042.479
1045.755
1050.537
1046.711
1044.087
1036.838
1038.524
1037.552
1041.516
1054.881
1058.060
1060.945
1065.541
1055.963
1054.063
1044.234
1045.053
1032.286
1033.492
1036.012
1045.968
1044.462
1039.563
1035.270
1039.040
1042.724
1045.544
1041.622
1046.991
1045.918
1052.070
1057.720
1052.461
1056.385
1059.011
1055.600
1058.813
1055.494
1060.198
1054.099
1059.176
1060.854
1053.840
1059.559
1058.182
1051.659
1051.828
1066.226
1056.906
1053.071
1048.088
1048.894
1047.714
1049.063
1045.327
1051.070
1053.869
1054.692
1057.517
1047.379
1052.901
1048.483
1041.962
1041.131
1050.260
1055.141
1056.179
1052.474
1041.029
1052.455
1059.982
1061.125
1049.258
1050.094
1053.245
1046.344
1041.695
1056.031
1052.869
1048.847
1055.414
1058.301
1058.424
1057.523
1065.310
1061.966
1061.278
1054.916
1048.462
1051.838
1061.012
1057.526
1055.689
1061.597
1062.248
1059.567
1064.334
1064.247
1068.827
1064.911
1065.427
1064.357
1064.346
1061.577
1056.100
1048.665
1047.849
1044.196
1046.022
1049.849
1051.036
1039.897
1049.810
1048.721
1053.965
1059.681
1052.176
1059.182
1065.037
1066.697
1065.719
1070.365
1080.835
1068.053
1062.115
1062.553
1054.777
1057.996
1063.101
1056.200
1056.198
1053.988
1052.677
1055.394
1052.086
1056.788
1060.174
1057.960
1058.703
1058.428
1054.947
1054.929
1055.048
1059.032
1062.702
1062.981
1057.118
1047.819
1053.331
1051.761
1056.491
1052.080
1052.444
1052.326
1047.589
1036.788
1035.181
1038.852
1037.152
1037.516
1040.450
1048.676
1062.755
1059.148
1059.168
1056.875
1060.126
1057.435
1056.090
1045.738
1053.459
1054.233
1046.709
1054.034
1050.284
1061.532
1052.094
1050.799
1049.220
1051.311
1051.863
1046.180
1052.499
1047.530
1046.093
1041.038
1036.957
1039.639
1049.415
1048.727
1047.239
1051.100
1052.344
1051.979
1054.515
1057.225
1057.779
1050.666
1043.825
1035.220
1033.620
1050.633
1044.593
1052.504
1046.679
1050.516
1050.869
1048.455
1056.354
1070.218
1070.688
1069.024
1055.694
1060.288
1064.302
1060.825
1056.506
1062.049
1056.211
1040.300
1032.852
1032.777
1031.886
1035.017
1036.938
1031.711
1045.432
1048.046
1046.199
1044.213
1040.159
1043.002
1044.464
1046.112
1048.862
1045.294
1045.758
1059.714
1056.657
1048.530
1045.253
1052.629
1049.911
1050.440
1048.464
1046.170
1045.235
1045.058
1043.240
1038.798
1040.645
1040.505
1040.803
1044.267
1045.434
1049.918
1055.003
1062.798
1064.365
1068.897
1075.347
1072.001
1082.010
1086.794
1083.351
1091.950
1101.716
1094.145
1088.687
1086.272
1086.283
1085.730
1081.714
1083.281
1082.755
1075.788
1074.156
1074.394
1069.610
1066.539
1074.481
1070.653
1062.152
1052.621
1049.697
1053.871
1053.202
1065.684
1058.317
1064.709
1059.572
1059.290
1052.302
1047.103
1054.195
1051.029
1043.815
1046.244
1058.348
1063.438
1052.316
1056.054
1063.020
1055.149
1051.600
1048.742
1047.404
1044.973
1054.083
1057.064
1062.377
1062.011
1048.161
1051.456
1055.308
1054.156
1062.456
1060.438
1071.788
1069.809
1068.633
1069.659
1065.753
1064.015
1063.854
1068.042
1075.327
1080.252
1083.129
1084.169
1086.648
1087.377
1080.269
1084.447
1081.650
1081.886
1081.332
1088.565
1084.731
1083.658
1084.224
1084.932
1084.324
1073.810
1073.986
1074.558
1073.621
1069.667
1076.440
1080.102
1075.139
1076.959
1078.325
1089.129
1080.121
1082.591
1078.851
1079.677
1079.370
1075.169
1067.604
1075.131
1067.834
1071.111
1059.910
1063.019
1059.788
1061.803
1067.145
1067.651
1060.733
1062.874
1063.193
1055.476
1055.633
1066.536
1057.207
1059.951
1063.036
1057.106
1054.945
1062.984
1056.879
1061.093
1065.404
1067.398
1060.741
1062.847
1067.266
1070.755
1071.489
1064.237
1066.605
1064.312
1058.477
1046.604
1049.851
1048.528
1047.856
1044.620
1047.684
1039.739
1044.369
1040.073
1045.970
1048.708
1046.264
1040.292
1043.895
1046.185
1055.461
1047.936
1051.125
1050.356
1057.741
1062.030
1062.835
1057.841
1064.035
1049.610
1051.933
1049.542
1051.277
1043.765
1047.776
1041.592
1039.867
1044.526
1040.311
1032.420
1027.904
1039.274
1041.115
1045.867
1047.765
1052.474
1069.350
1065.915
1062.448
1063.235
1061.008
1075.205
1073.817
1065.147
1061.660
1054.255
1055.658
1045.664
1049.937
1042.201
1039.214
1037.008
1034.857
1035.219
1038.929
1029.671
1031.857
1039.210
1042.456
1041.058
1044.732
1046.141
1043.853
1048.517
1043.395
1040.667
1036.957
1036.428
1047.579
1052.411
1040.146
1048.398
1048.820
1045.077
1039.901
1046.065
1048.154
1055.458
1065.284
1062.132
1060.455
1063.728
1058.019
1048.814
1052.461
1050.952
1058.366
1059.412
1054.695
1053.099
1052.411
1059.489
1061.308
1068.367
1070.810
1062.215
1061.104
1064.481
1059.488
1055.399
1053.836
1059.304
1063.149
1074.990
1084.304
1081.091
1081.175
1077.151
1065.940
1067.150
1066.807
1071.754
1070.506
1080.426
1081.701
1080.185
1085.455
1082.611
1087.007
1082.771
1078.160
1075.594
1071.533
1072.958
1073.539
1069.507
1075.995
1066.836
1061.637
1069.072
1075.782
1081.186
1088.861
1087.678
1087.051
1084.835
1092.339
1097.355
1084.874
1079.574
1074.334
1070.634
1071.816
1075.853
1072.129
1070.896
1072.356
1069.093
1068.596
1073.547
1066.013
1069.800
1075.047
1070.787
1082.265
1092.927
1086.475
1074.100
1069.911
1070.036
1063.609
1063.125
1065.051
1064.630
1070.277
1070.352
1067.931
1071.685
1072.276
1070.777
1065.659
1065.463
1065.845
1060.025
1060.312
1056.520
1052.487
1058.800
1055.210
1045.532
1044.884
1052.171
1049.359
1047.922
1049.704
1046.194
1043.115
1053.194
1055.698
1043.558
1044.892
1052.343
1055.329
1050.514
1038.658
1047.819
1049.493
1047.898
1048.349
1048.299
1051.946
1064.821
1067.921
1059.060
1056.016
1060.620
1064.800
1065.558
1057.802
1065.137
1052.630
1057.225
1052.672
1064.752
1059.182
1063.105
1064.381
1055.793
1047.565
1048.059
1049.886
1044.852
1052.165
1047.294
1049.629
1049.269
1051.637
1054.797
1060.029
1056.095
1060.173
1060.412
1054.341
1056.113
1049.322
1039.921
1044.662
1046.923
1046.644
1043.251
1054.272
1067.138
1063.802
1057.855
1053.781
1053.068
1056.233
1055.459
1066.677
1057.702
1058.268
1062.546
1067.186
1054.690
1050.935
1054.161
1051.326
1047.198
1053.954
1052.208
1051.018
1044.008
1039.257
1034.053
1034.942
1039.454
1035.658
1035.157
1031.517
1023.495
1025.047
1029.470
1029.126
1036.008
1025.716
1026.787
1021.093
1028.958
1026.886
1024.858
1036.447
1032.431
1041.765
1044.292
1034.676
1043.899
1036.582
1044.383
1043.477
1033.671
1033.205
1039.019
1042.172
1047.739
1046.144
1043.939
1042.098
1042.063
1048.161
1040.139
1046.242
1047.956
1054.229
1060.850
1065.168
1059.634
1061.937
1061.622
1063.810
1060.977
1061.818
1070.360
1063.186
1069.443
1068.971
1069.708
1063.711
1058.400
1063.600
1063.992
1071.648
1062.084
1066.320
1072.637
1074.303
1072.408
1072.363
1071.447
1064.084
1066.626
1055.489
1066.015
1060.901
1061.154
1056.568
1063.207
1051.951
1051.392
1058.119
1054.025
1055.733
1046.727
1043.329
1048.581
1043.015
1046.745
1044.221
1038.607
1049.814
1049.430
1041.620
1040.979
1045.917
1044.673
1043.153
1044.420
1040.818
1042.163
1042.767
1033.046
1044.628
1049.098
1056.536
1055.455
1066.088
1062.088
1062.778
1061.531
1056.519
1038.501
1043.504
1046.964
1042.094
1044.521
1042.328
1052.470
1053.098
1057.949
1053.091
1050.664
1050.487
1058.499
1055.144
1059.255
1050.997
1050.043
1063.494
1061.311
1065.998
1078.021
1075.428
1082.974
1080.707
1074.104
1065.554
1073.027
1078.600
1080.625
1078.770
1066.692
1076.252
1077.163
1077.845
1076.428
1074.140
1078.316
1070.507
1063.455
1059.632
1054.912
1056.548
1052.580
1044.633
1052.727
1048.685
1043.982
1039.645
1038.321
1042.040
1049.973
1045.870
1043.155
1045.848
1036.678
1031.993
1027.835
1025.474
1030.923
1038.438
1037.777
1047.946
1054.021
1049.340
1046.246
1047.604
1042.740
1046.008
1038.201
1036.955
1032.097
1028.515
1037.370
1039.752
1037.529
1041.019
1042.334
1041.263
1040.366
1036.372
1038.436
1045.550
1041.960
1028.748
1018.582
1021.141
1026.989
1027.128
1024.396
1022.641
1025.346
1021.616
1020.096
1017.283
1022.357
1022.513
1022.663
1034.458
1030.940
1024.975
1027.004
1029.318
1029.116
1034.023
1035.956
1023.837
1028.234
1023.989
1025.420
1028.548
1026.584
1029.011
1032.624
1032.128
1028.990
1036.198
1036.012
1037.033
1043.765
1043.888
1047.271
1034.533
1039.454
1034.753
1021.385
1021.864
1027.295
1031.641
1037.739
1040.139
1035.524
1031.923
1036.074
1032.700
1022.589
1019.371
1018.894
1029.277
1032.586
1025.641
1033.862
1042.509
1048.891
1043.921
1034.317
1035.356
1033.349
1031.955
1040.280
1037.882
1040.774
1030.618
1029.762
1035.365
1036.714
1038.959
1044.716
1038.093
1036.309
1031.269
1041.029
1043.042
1045.370
1044.833
1051.867
1052.197
1048.761
1048.502
1056.361
1051.257
1044.962
1038.451
1053.112
1058.291
1061.640
1067.397
1066.054
1067.623
1071.336
1062.615
1062.753
1049.378
1057.352
1060.984
1056.710
1051.268
1047.618
1058.227
1061.835
1063.735
1055.899
1055.000
1052.189
1049.282
1050.510
1043.470
1047.106
1046.411
1045.208
1039.487
1038.079
1036.210
1029.087
1032.680
1030.326
1041.108
1033.290
1038.960
1047.218
1050.851
1052.713
1052.065
1051.298
1055.107
1059.101
1054.458
1045.116
1048.233
1053.786
1055.030
1040.052
1038.860
1038.270
1037.315
1040.923
1034.486
1044.020
1043.420
1038.698
1043.559
1029.718
1029.795
1029.063
1037.293
1025.250
1027.215
1029.109
1024.995
1025.309
1029.986
1036.527
1037.417
1035.451
1033.017
1021.339
1024.602
1021.966
1022.338
1029.175
1027.915
1032.246
1031.069
1034.727
1046.728
1051.378
1050.443
1050.336
1052.930
1054.301
1052.686
1047.199
1049.490
1040.105
1035.187
1032.366
1042.103
1039.843
1042.136
1049.650
1049.609
1042.031
1035.534
1042.183
1047.459
1036.656
1043.188
1040.239
1040.651
1037.622
1034.983
1040.448
1047.395
1051.996
1047.082
1050.276
1057.889
1057.887
1052.240
1047.250
1045.354
1058.211
1051.152
1039.060
1037.682
1030.846
1033.531
1034.728
1031.224
1039.208
1040.293
1047.279
1039.849
1038.438
1040.856
1041.827
1034.759
1040.515
1041.791
1034.603
1038.870
1045.247
1049.729
1041.320
1037.787
1038.117
1031.665
1032.157
1029.222
1032.800
1050.650
1047.377
1046.201
1049.957
1050.524
1054.011
1041.313
1051.736
1057.209
1058.183
1054.547
1054.431
1055.155
1055.722
1048.872
1047.765
1054.101
1052.860
1065.992
1058.451
1055.705
1047.662
1052.674
1063.527
1054.737
1054.054
1055.330
1054.089
1052.267
1058.282
1053.135
1059.230
1052.353
1058.019
1066.077
1067.987
1072.558
1072.937
1063.826
1064.962
1066.310
1065.616
1063.540
1071.003
1055.994
1051.837
1060.991
1065.184
1059.387
1059.218
1061.226
1064.038
1067.217
1070.423
1062.720
1058.945
1063.975
1061.526
1058.730
1051.786
1041.086
1052.496
1046.899
1045.584
1051.976
1057.047
1050.288
1051.177
1051.903
1056.066
1054.018
1051.857
1052.657
1053.283
1052.605
1042.023
1043.151
1042.193
1049.892
1052.856
1047.882
1050.784
1053.275
1049.551
1055.284
1058.300
1058.083
1053.781
1053.453
1059.587
1052.963
1054.170
1051.731
1048.244
1054.515
1060.937
1055.583
1050.643
1037.400
1031.136
1027.727
1035.980
1046.715
1054.140
1059.761
1052.799
1054.563
1043.650
1042.576
1037.740
1053.132
1052.391
1051.374
1060.275
1050.246
1050.390
1049.873
1053.384
1044.895
1050.156
1052.284
1048.517
1050.601
1059.410
1062.520
1060.124
1067.282
1060.941
1065.341
1069.623
1072.948
1086.517
1082.204
1078.792
1071.820
1070.139
1065.712
1071.842
1082.482
1079.232
1080.744
1075.357
1064.292
1070.352
1063.603
1071.376
1073.002
1077.447
1071.993
1073.297
1086.200
1092.347
1090.863
1082.855
1092.368
1091.532
1098.257
1090.852
1084.961
1077.507
1073.635
1069.890
1071.309
1072.502
1081.372
1090.097
1089.958
1088.638
1094.673
1092.260
1082.713
1088.299
1093.633
1085.111
1079.926
1072.997
1079.914
1081.311
1080.409
1084.716
1078.082
1085.414
1071.827
1071.276
1069.257
1072.914
1072.795
1073.105
1076.980
1081.004
1087.294
1096.511
1103.104
1103.885
1091.280
1091.163
1091.357
1100.640
1104.930
1104.043
1082.919
1074.175
1080.962
1087.369
1086.407
1084.593
1088.500
1082.932
1084.683
1083.169
1083.575
1090.679
1085.057
1088.931
1099.953
1096.792
1087.115
1092.808
1079.866
1073.430
1067.747
1077.418
1081.569
1085.836
1078.304
1084.324
1075.517
1082.676
1082.081
1083.394
1082.471
1091.373
1092.672
1083.590
1079.153
1077.470
1072.019
1076.561
1068.585
1077.646
1091.991
1078.944
1076.006
1081.888
1081.643
1082.350
1075.146
1072.471
1066.939
1067.408
1063.567
1071.440
1069.576
1063.035
1067.024
1066.751
1059.061
1064.729
1060.107
1062.454
1056.521
1067.402
1067.779
1068.992
1070.131
1067.013
1061.448
1052.350
1048.038
1048.315
1064.336
1061.508
1058.456
1057.704
1059.168
1067.069
1067.536
1055.990
1054.380
1055.529
1053.742
1044.401
1049.198
1040.817
1055.649
1050.793
1047.609
1045.070
1049.517
1048.351
1057.375
1057.328
1061.191
1061.173
1055.182
1048.264
1047.861
1046.324
1040.413
1031.120
1040.079
1037.444
1039.462
1046.008
1050.115
1054.946
1054.402
1049.714
1046.483
1044.418
1040.222
1045.970
1051.725
1060.514
1059.954
1056.836
1059.420
1057.750
1054.157
1048.362
1055.410
1063.947
1073.165
1063.913
1062.905
1075.891
1075.807
1063.382
1052.482
1049.606
1045.800
1048.663
1057.513
1052.072
1052.117
1064.884
1062.559
1072.183
1081.570
1082.366
1080.063
1083.179
1086.456
1091.056
1088.564
1096.143
1092.209
1102.824
1096.746
1098.961
1097.104
1097.219
1093.817
1084.327
1085.136
1083.219
1082.920
1091.761
1084.859
1079.323
1087.403
1079.046
1089.576
1091.573
1082.092
1088.193
1089.514
1087.641
1083.802
1091.766
1091.340
1087.829
1090.232
1085.285
1085.372
1077.405
1071.660
1082.799
1086.740
1088.342
1091.694
1087.263
1070.312
1078.739
1078.172
1077.835
1080.319
1084.180
1085.764
1081.824
1080.509
1086.297
1081.331
1076.851
1075.885
1082.646
1079.017
1081.820
1083.350
1088.447
1083.577
1083.240
1084.182
1080.924
1087.328
1082.355
1087.520
1078.284
1076.604
1072.640
1067.699
1073.472
1073.051
1059.797
1067.110
1071.935
1071.038
1058.392
1053.435
1061.479
1066.649
1061.792
1060.772
1067.638
1061.447
1063.169
1055.722
1058.596
1060.647
1060.294
1060.048
1049.086
1043.601
1039.224
1048.905
1065.149
1065.404
1071.369
1062.193
1060.601
1068.452
1067.631
1066.429
1082.029
1081.751
1081.082
1080.735
1087.614
1089.528
1088.151
1091.919
1086.621
1092.453
1093.748
1076.212
1068.915
1066.555
1061.156
1061.689
1052.640
1054.601
1054.301
1058.990
1066.495
1068.070
1065.651
1068.468
1070.132
1067.443
1059.119
1045.510
1041.320
1038.824
1031.912
1038.258
1047.922
1041.091
1042.505
1040.592
1034.416
1032.389
1037.146
1039.110
1045.564
1046.531
1040.776
1040.542
1048.909
1049.919
1050.026
1049.645
1059.750
1062.617
1058.619
1067.731
1073.879
1067.827
1067.843
1075.219
1074.706
1066.327
1056.761
1055.728
1062.131
1065.489
1064.480
1057.731
1061.444
1054.208
1047.098
1045.544
1050.567
1053.235
1049.773
1046.956
1050.155
1049.004
1059.292
1049.245
1045.424
1047.832
1047.607
1054.428
1051.290
1052.976
1050.434
1055.761
1057.524
1058.724
1071.385
1063.356
1055.451
1054.811
1048.454
1050.038
1058.312
1050.106
1045.822
1051.137
1053.279
1056.079
1060.905
1052.155
1044.685
1046.691
1059.610
1057.524
1056.273
1058.929
1049.885
1045.428
1058.023
1053.158
1039.432
1047.257
1049.841
1058.084
1058.072
1058.869
1057.167
1065.543
1058.845
1055.493
1071.493
1061.316
1069.817
1069.021
1073.056
1074.773
1057.237
1051.981
1065.389
1068.650
1071.582
1072.123
1070.342
1069.462
1070.472
1081.497
1070.185
1065.729
1072.916
1068.083
1069.207
1071.349
1067.013
1059.685
1062.892
1065.128
1066.330
1068.809
1066.970
1059.284
1057.859
1059.181
1062.454
1066.263
1065.546
1077.355
1075.754
1072.364
1077.333
1082.034
1074.162
1075.311
1079.159
1078.358
1064.693
1064.223
1061.367
1069.563
1074.677
1073.503
1073.677
1074.966
1070.540
1063.506
1063.029
1063.113
1063.048
1062.292
1063.499
1064.410
1065.022
1068.130
1071.435
1067.611
1062.264
1071.796
1074.138
1079.567
1078.674
1091.300
1083.041
1083.542
1091.395
1094.797
1088.924
1084.914
1095.390
1089.220
1081.441
1078.425
1080.530
1081.993
1090.812
1088.831
1085.406
1089.592
1091.434
1085.757
1086.871
1084.780
1080.960
1078.763
1080.445
1075.079
1063.420
1062.402
1058.634
1056.698
1055.272
1060.260
1057.163
1054.960
1067.433
1073.261
1079.022
1075.788
1078.786
1080.826
1075.518
1071.538
1077.866
1078.215
1074.128
1074.382
1075.002
1078.022
1076.677
1077.250
1080.538
1062.760
1067.961
1069.928
1075.583
1074.738
1078.774
1084.700
1087.839
1082.478
1084.315
1072.859
1079.714
1077.189
1072.742
1071.128
1070.497
1073.766
1082.192
1077.897
1081.700
1078.550
1080.528
1079.148
1073.578
1081.581
1078.219
1066.281
1068.487
1067.485
1067.309
1062.002
1066.669
1072.591
1062.639
1065.141
1070.046
1065.765
1055.543
1054.858
1060.327
1067.045
1073.618
1071.695
1062.764
1067.606
1054.972
1053.015
1054.365
1062.179
1067.903
1066.014
1054.420
1053.662
1045.517
1045.641
1052.107
1062.807
1061.029
1068.051
1073.631
1075.158
1071.760
1075.416
1068.309
1052.132
1060.484
1052.472
1054.711
1060.700
1062.656
1055.986
1054.911
1054.144
1055.407
1063.319
1059.936
1058.721
1057.674
1064.194
1067.458
1077.625
1081.280
1079.023
1083.811
1073.122
1067.276
1068.464
1067.419
1065.624
1067.177
1075.158
1081.077
1085.902
1083.549
1092.541
1090.542
1080.272
1081.448
1081.057
1072.122
1084.211
1080.922
1079.364
1087.146
1094.003
1087.842
1085.056
1086.596
1081.428
1081.126
1074.171
1077.623
1081.559
1078.844
1078.415
1083.989
1089.988
1082.994
1086.037
1080.019
1072.632
1078.703
1083.895
1081.763
1077.306
1080.246
1079.667
1064.337
1056.423
1062.086
1066.235
1068.409
1069.434
1070.459
1078.057
1076.332
1075.428
1077.442
1076.782
1078.646
1075.926
1081.492
1073.165
1084.390
1082.736
1078.496
1070.011
1070.587
1072.084
1073.506
1072.085
1079.355
1075.808
1083.590
1085.072
1082.092
1086.565
1077.919
1077.402
1083.497
1073.393
1073.529
1086.050
1087.372
1081.822
1079.182
1084.175
1089.743
1086.398
1094.249
1080.807
1083.368
1083.030
1089.635
1082.300
1087.882
1092.439
1098.171
1091.503
1090.130
1092.685
1095.407
1091.371
1081.674
1085.032
1077.833
1081.031
1078.454
1087.634
1086.644
1071.628
1072.655
1073.642
1067.758
1071.477
1067.985
1078.709
1073.267
1082.218
1077.337
1070.897
1065.307
1060.018
1071.097
1079.845
1076.290
1078.901
1071.755
1070.500
1073.505
1081.116
1080.003
1069.250
1058.941
1063.040
1054.384
1044.696
1047.753
1046.776
1048.571
1047.543
1051.347
1062.683
1058.913
1054.961
1049.901
1050.841
1041.507
1036.656
1039.349
1032.352
1041.860
1037.870
1034.394
1029.006
1036.481
1039.245
1038.394
1040.645
1038.642
1045.132
1052.388
1054.888
1056.783
1056.042
1065.453
1066.607
1067.739
1066.528
1067.172
1061.442
1056.859
1057.950
1063.888
1058.735
1054.646
1057.801
1067.805
1057.105
1054.130
1054.027
1051.172
1050.726
1059.706
1058.126
1053.511
1048.823
1048.402
1045.409
1046.774
1053.895
1053.111
1041.969
1039.379
1041.262
1039.821
1029.517
1032.453
1030.948
1027.603
1030.696
1022.666
1019.256
1024.175
1022.326
1019.717
1027.944
1016.244
1007.490
1007.169
1005.610
1004.936
1014.844
1020.295
1022.345
1028.494
1027.668
1031.697
1032.015
1034.983
1036.131
1024.353
1024.401
1029.633
1032.292
1033.436
1033.541
1030.784
1028.759
1031.606
1034.794
1034.095
1041.687
1027.194
1028.992
1035.401
1031.485
1036.757
1033.857
1024.468
