695.369
695.894
695.096
695.377
694.361
697.608
691.463
697.139
699.553
700.479
700.112
699.899
695.140
698.721
698.113
695.942
697.992
700.030
698.021
695.600
695.920
698.959
695.432
696.349
696.524
695.991
696.100
695.200
697.116
698.559
698.291
695.005
694.913
693.669
699.722
699.541
698.654
696.735
697.651
700.918
698.229
695.217
697.129
695.378
693.907
699.572
696.221
695.600
696.083
695.656
697.114
694.144
698.583
699.508
696.293
695.560
698.181
696.869
696.185
693.197
695.921
695.923
698.744
702.751
699.283
699.595
696.258
696.784
697.755
697.802
697.848
695.323
697.278
697.925
699.204
698.914
698.873
698.040
698.418
698.230
699.789
697.165
699.122
696.925
701.291
696.460
696.667
696.009
696.893
699.966
695.731
697.758
693.203
699.733
700.370
693.675
696.368
698.923
694.424
696.729
704.250
695.651
696.985
698.619
702.077
695.499
697.718
700.187
697.828
695.920
697.060
695.074
698.562
696.273
699.335
698.473
696.422
697.669
697.950
699.255
695.977
693.530
693.575
693.879
692.571
695.265
699.872
700.857
698.560
698.297
696.989
699.354
699.319
697.469
698.288
695.389
694.023
696.906
697.250
698.631
692.781
694.978
693.478
694.707
696.866
697.933
700.381
697.512
698.734
700.422
698.919
696.023
692.021
694.908
696.775
697.832
696.347
695.308
696.981
696.191
693.755
698.762
695.044
697.880
696.945
694.741
695.684
697.145
696.558
699.254
695.541
695.679
696.999
698.826
695.642
698.836
697.162
700.934
698.631
702.058
698.982
699.745
697.460
698.811
696.616
695.070
700.920
697.480
696.628
702.413
696.830
696.258
699.339
696.204
699.048
699.420
697.855
695.992
698.385
698.729
700.265
702.219
699.452
693.703
698.653
697.016
697.835
693.330
699.262
692.243
698.575
692.964
695.931
694.382
698.965
696.816
697.908
698.941
696.611
698.604
693.144
694.964
696.364
698.876
697.152
699.533
694.693
697.538
696.899
700.272
697.154
696.843
696.676
696.479
696.360
693.930
694.252
696.968
698.434
697.710
698.961
698.387
701.570
693.601
694.470
699.497
698.414
694.738
695.513
696.184
700.645
694.472
695.969
695.515
696.965
697.337
697.882
699.148
694.420
693.747
693.917
696.197
692.252
694.326
699.347
696.768
695.925
695.207
699.968
699.702
699.204
703.342
697.241
701.688
697.500
698.843
696.175
697.738
697.738
694.748
699.296
698.211
698.966
692.594
694.223
701.382
700.149
694.039
693.915
696.545
697.085
691.844
695.507
697.670
698.594
698.586
696.525
697.689
696.009
695.705
695.372
698.217
697.407
695.627
697.332
696.368
695.109
691.488
695.740
697.396
696.036
698.300
696.122
695.432
697.565
698.378
696.686
698.120
701.744
701.944
701.926
699.163
702.662
697.241
696.035
695.579
695.349
696.174
699.686
693.708
697.621
696.839
697.320
697.051
700.943
694.064
695.916
695.749
697.472
696.156
696.371
696.382
702.151
701.187
700.799
698.868
693.635
698.762
700.790
698.876
696.517
694.793
697.108
696.527
697.093
695.399
698.327
697.414
695.234
696.776
699.197
695.077
696.640
696.217
698.322
697.925
696.119
696.044
695.825
698.645
703.451
700.344
697.738
691.931
696.575
695.434
693.255
694.577
697.945
694.072
695.509
694.691
698.029
698.304
696.295
696.744
696.149
693.777
693.778
693.726
693.000
695.252
698.123
702.426
697.118
697.532
696.361
694.936
696.412
699.694
701.332
694.776
701.196
694.011
697.250
697.222
699.018
694.825
698.525
695.640
698.176
698.954
700.030
694.417
700.476
701.131
696.270
695.982
694.714
695.578
698.868
696.462
698.792
697.242
699.188
696.355
699.098
697.866
699.659
702.641
698.837
699.700
699.835
695.952
700.809
697.256
701.243
695.952
698.218
696.971
699.004
693.071
693.867
695.999
695.994
694.346
697.632
695.048
693.365
694.189
696.506
693.352
696.005
695.881
696.175
695.562
697.441
696.481
694.815
695.121
696.983
698.922
694.846
696.401
695.092
698.256
695.472
695.994
697.909
694.989
698.376
701.018
698.898
696.352
698.598
696.475
694.486
695.862
699.706
700.011
696.826
696.657
702.648
698.355
701.741
695.756
696.305
698.066
695.900
701.413
698.391
698.778
697.546
695.904
700.930
698.401
693.289
694.781
695.711
697.849
698.390
697.342
696.740
697.422
695.427
698.169
699.510
697.527
697.167
697.684
695.862
698.895
698.619
696.369
699.974
696.763
701.875
699.228
697.695
696.372
698.656
694.453
699.057
700.193
700.584
698.899
697.791
700.094
694.399
696.695
697.535
698.670
696.394
698.511
699.175
699.596
696.507
692.050
695.211
698.063
699.446
698.495
698.832
703.714
698.604
701.893
698.391
696.619
700.447
704.133
698.003
700.561
699.986
704.032
697.653
695.876
699.221
701.312
701.809
697.978
702.754
696.695
700.453
694.478
698.289
698.289
698.436
699.062
699.151
696.036
699.509
697.661
698.166
697.168
694.845
695.400
701.311
701.017
703.574
701.327
697.645
699.284
695.939
696.819
701.456
697.722
699.265
697.989
700.276
700.221
700.110
700.725
700.585
698.564
701.573
696.796
693.133
698.567
699.634
696.881
694.598
699.006
695.946
696.313
697.773
697.932
696.324
700.723
703.236
697.980
695.427
696.964
697.860
699.098
697.855
703.617
697.106
698.718
699.430
697.680
698.368
696.050
696.276
694.784
695.628
694.843
701.555
696.036
697.077
695.864
697.453
695.610
694.296
697.509
695.584
695.991
699.779
697.961
700.248
700.843
696.557
698.637
695.133
698.224
692.736
697.516
698.646
696.583
697.754
696.631
695.893
694.043
699.064
695.358
700.577
696.339
698.754
697.921
698.918
695.016
699.096
699.728
697.946
699.419
696.017
700.992
695.102
696.298
700.320
699.750
698.133
700.735
699.122
699.720
695.413
696.845
693.155
695.264
696.465
699.486
696.664
697.836
697.051
695.682
698.802
697.124
698.013
698.734
700.508
698.023
698.702
697.897
696.601
699.763
694.080
694.981
699.583
696.677
694.051
699.353
697.660
697.476
694.361
698.298
700.251
699.682
696.242
700.826
701.094
695.155
695.792
693.361
696.588
699.459
693.743
697.037
692.959
696.062
694.303
695.968
703.172
698.032
701.705
697.934
701.267
701.286
702.673
698.027
697.286
696.570
693.822
695.768
695.335
696.268
694.620
694.216
693.488
692.848
697.609
696.724
692.980
698.139
696.392
698.661
698.557
699.117
698.277
695.118
697.348
695.607
696.852
699.403
701.430
699.783
702.239
696.477
698.251
697.043
700.186
699.325
696.385
693.251
694.885
698.191
699.010
697.570
699.024
704.778
700.985
697.293
703.455
696.403
695.824
696.085
698.047
697.079
698.828
699.394
699.465
696.626
697.377
699.021
695.435
692.471
695.345
698.243
697.973
697.464
700.807
697.230
703.257
695.052
698.642
698.486
696.785
697.361
696.535
701.527
696.812
698.251
698.229
699.295
697.480
695.850
697.080
697.461
695.822
695.813
700.398
695.328
698.126
698.074
696.277
694.097
693.950
696.216
696.723
699.272
698.160
697.535
700.917
700.661
700.172
694.377
697.237
699.938
701.371
695.135
697.531
696.544
698.241
700.058
697.187
698.414
697.675
701.205
698.503
699.100
701.552
698.220
696.168
700.761
696.246
698.921
693.164
695.128
695.875
697.090
696.496
695.047
696.149
697.603
699.298
696.557
694.984
695.370
696.360
698.338
695.598
696.906
693.529
694.197
696.696
696.023
697.132
697.352
699.077
699.936
697.529
698.516
697.085
699.191
700.354
700.980
701.158
698.736
699.332
699.932
698.337
700.903
698.711
697.265
698.320
701.492
702.100
697.305
699.393
701.155
696.340
698.753
695.558
696.893
696.735
699.075
697.460
698.266
698.720
698.298
696.515
698.519
698.988
700.790
698.367
697.363
696.791
696.322
697.079
694.331
693.546
696.918
698.262
703.485
699.323
700.880
693.832
697.010
695.693
695.759
695.598
693.729
698.744
695.516
698.115
695.117
698.451
697.694
698.878
695.557
697.312
699.545
697.980
697.920
695.974
699.794
698.134
698.461
697.158
698.566
701.963
699.873
700.961
698.439
698.235
701.446
697.234
701.043
694.836
700.942
697.276
694.110
697.349
693.474
698.090
693.847
697.212
700.510
701.134
694.789
698.094
697.007
694.743
698.976
698.580
699.180
697.478
696.845
698.921
700.325
700.765
699.262
699.629
694.637
702.421
699.262
698.766
699.225
702.727
698.671
698.099
696.762
698.099
698.560
695.275
697.724
695.653
698.692
694.935
702.115
700.165
703.831
702.166
696.412
697.956
698.814
700.436
701.923
698.624
694.753
696.597
698.296
698.008
697.039
694.154
696.699
697.293
699.016
695.217
694.453
692.801
694.392
699.249
695.298
695.331
696.182
699.173
702.070
697.505
699.104
700.826
698.557
693.832
693.108
694.439
698.244
698.118
696.860
696.743
695.750
700.910
698.948
698.903
695.655
697.581
696.769
696.327
694.578
695.347
693.975
699.280
694.864
698.776
700.257
697.292
695.433
697.930
696.416
696.765
696.946
694.469
697.436
696.632
695.878
698.138
696.760
695.878
697.668
691.016
696.651
698.064
697.126
700.777
694.705
698.032
696.573
696.857
695.631
705.258
697.240
694.471
698.622
700.413
697.307
700.738
700.143
697.879
695.307
699.860
694.809
693.038
697.384
693.763
698.553
695.404
698.703
696.606
697.492
695.913
692.858
692.705
692.396
693.868
693.919
701.264
694.089
693.859
696.635
698.714
697.509
700.323
700.053
697.364
696.802
695.217
697.154
700.592
696.228
695.080
697.919
696.860
694.153
694.426
697.940
694.272
693.895
696.600
695.478
696.881
693.087
693.429
695.683
693.665
695.826
697.696
695.430
697.759
698.353
697.908
697.612
699.210
703.140
699.305
698.629
697.075
695.195
699.309
702.663
697.678
695.975
695.324
699.394
699.390
698.983
699.164
699.801
699.763
698.295
700.082
697.401
700.259
697.253
700.618
701.387
696.684
696.112
702.927
701.844
695.100
696.524
694.881
698.857
696.505
696.011
696.185
697.652
694.013
698.019
697.399
698.004
695.159
692.730
694.561
694.395
699.972
700.497
697.711
695.806
697.150
695.052
698.318
697.602
700.294
698.772
700.912
694.993
699.188
697.825
695.492
693.588
690.432
696.789
698.633
698.734
694.922
693.805
695.688
697.775
691.772
696.028
696.055
696.414
701.091
699.410
699.633
694.110
699.230
694.047
693.642
695.147
697.765
695.871
699.222
697.146
695.996
695.983
696.690
696.030
698.335
694.834
695.569
700.114
697.344
699.969
695.534
699.334
701.616
698.581
696.451
696.360
697.806
697.568
699.114
699.083
697.034
697.073
697.255
698.227
698.617
698.846
698.079
692.848
697.686
697.423
697.467
696.916
700.420
695.593
695.679
697.155
698.711
695.378
696.257
696.279
696.553
697.442
694.853
697.639
694.138
697.241
695.265
699.095
699.818
697.034
699.248
697.932
699.049
696.903
696.919
695.804
698.136
698.630
702.616
702.066
700.192
699.483
698.993
697.542
703.665
696.212
701.256
694.310
696.440
695.259
696.263
697.415
696.210
695.556
694.276
694.470
697.260
698.537
693.256
695.945
694.955
700.070
700.240
699.612
697.885
693.144
697.601
699.490
698.168
702.222
700.554
695.181
695.618
696.669
695.648
695.440
694.369
693.119
694.767
695.748
697.263
697.531
695.508
696.262
695.320
698.665
700.420
699.490
696.346
698.902
696.270
697.323
692.047
696.510
694.626
697.331
696.492
692.712
696.893
695.350
693.188
697.987
701.212
696.137
694.405
695.597
695.675
695.784
694.647
697.626
695.210
696.947
696.920
695.601
696.977
699.423
696.297
702.732
698.182
697.143
697.812
700.060
702.504
698.235
698.480
693.696
697.388
697.939
695.540
698.883
696.284
698.812
693.783
696.193
700.027
695.282
700.089
696.190
698.249
694.694
694.970
699.497
695.662
695.123
694.545
694.642
695.588
694.840
698.574
699.160
697.569
692.792
696.458
697.386
694.988
695.139
697.287
694.660
694.659
695.401
694.194
698.947
697.211
694.409
699.163
699.240
693.320
696.696
692.907
695.225
696.510
699.676
697.260
700.973
694.987
695.008
696.874
699.029
697.621
697.432
695.508
697.211
697.487
696.565
697.338
700.336
699.723
696.162
696.336
697.457
696.899
698.616
699.068
697.540
697.619
699.154
696.540
696.214
696.431
699.609
700.197
695.893
695.950
702.909
701.821
699.405
697.018
699.181
698.889
695.253
699.626
699.641
694.394
701.081
699.075
695.413
698.973
702.820
698.682
697.213
695.383
699.000
695.924
695.635
703.434
695.105
699.423
699.187
698.766
697.806
701.048
696.586
701.056
698.818
696.007
695.129
696.254
699.355
699.460
700.467
701.954
702.676
692.197
694.812
701.763
697.783
697.789
696.975
697.775
699.500
700.199
700.039
696.684
696.734
694.406
697.244
694.515
695.078
697.266
695.472
697.615
695.514
698.039
698.803
697.356
702.176
699.651
699.989
698.127
702.817
700.042
700.016
699.849
701.171
700.641
702.300
701.291
704.365
700.523
702.378
699.769
703.640
699.472
698.279
702.239
704.301
698.146
700.781
696.372
701.064
701.672
700.605
701.369
703.636
698.573
698.540
700.318
700.533
701.303
700.249
698.358
701.338
702.009
697.846
703.246
698.954
698.413
698.816
702.981
700.688
701.003
697.146
699.261
698.805
698.378
700.129
695.824
701.225
700.686
704.728
697.978
700.196
695.748
698.084
696.140
697.174
696.265
696.148
694.792
697.776
695.121
694.072
693.730
693.363
691.943
695.092
697.033
697.443
696.762
700.933
695.129
697.153
696.685
696.370
699.078
700.738
699.063
701.897
698.665
695.596
697.093
698.451
700.164
695.046
698.048
698.916
697.898
695.332
696.142
695.216
697.763
694.364
696.303
695.952
700.039
699.032
699.063
698.652
695.379
698.301
696.356
694.778
693.897
699.105
697.647
698.387
697.156
690.706
694.106
698.508
699.589
701.427
698.041
696.494
698.397
696.425
697.760
695.382
696.632
696.859
694.024
694.548
694.359
697.676
695.904
698.734
697.906
698.094
694.081
699.943
700.095
699.831
696.345
696.900
697.078
695.338
698.716
697.851
698.236
701.679
700.661
700.005
694.682
700.128
697.147
700.176
699.474
699.832
704.415
701.619
697.434
699.710
699.088
698.947
697.504
699.057
700.865
698.895
700.170
694.778
696.247
694.546
695.869
695.317
699.399
694.146
696.056
698.453
694.626
697.606
697.225
700.659
701.779
702.066
701.025
697.399
699.336
693.767
699.383
700.134
697.528
697.056
697.144
697.802
698.254
702.982
700.459
702.202
699.757
700.484
702.505
699.533
699.216
699.482
699.759
695.924
699.936
700.961
709.556
705.921
700.886
704.524
702.588
701.543
699.019
697.745
697.583
697.331
704.474
702.135
704.305
698.175
697.206
695.385
697.152
701.376
701.601
696.224
696.965
698.251
704.024
700.036
701.946
702.305
702.702
703.339
704.959
703.360
702.407
704.928
700.917
700.549
698.878
700.837
698.989
703.947
704.739
704.238
700.848
701.910
703.329
703.549
703.443
699.683
703.954
698.608
699.195
699.743
698.780
702.465
702.461
699.933
700.557
697.467
701.864
697.747
697.456
700.081
697.650
698.440
696.910
696.972
699.490
696.134
699.354
700.351
696.550
701.525
701.165
698.461
703.458
699.473
698.518
699.206
697.855
701.147
699.201
702.548
698.619
699.473
697.623
698.662
700.229
699.121
697.493
698.270
695.426
694.476
696.947
700.689
699.259
698.369
697.476
696.628
698.262
700.501
701.434
700.024
702.298
699.099
694.831
698.836
699.583
700.895
702.727
698.248
698.173
696.008
698.515
696.273
694.735
697.832
696.643
695.399
694.224
695.616
695.875
699.450
697.241
695.471
694.138
693.093
694.237
697.447
696.774
697.739
695.573
696.928
698.496
697.697
701.373
696.347
698.977
698.436
693.736
699.968
701.049
697.000
695.440
696.791
697.369
689.888
697.809
693.191
697.355
694.876
699.415
696.774
693.743
696.470
696.837
695.383
696.777
696.752
694.637
699.749
700.179
698.092
701.311
698.955
700.025
696.521
698.092
694.370
697.591
693.204
697.112
694.554
698.579
700.514
696.117
697.494
699.338
697.931
701.730
699.778
699.669
701.501
700.542
699.168
695.957
703.689
694.354
694.692
695.847
693.981
700.646
699.662
699.764
697.556
697.232
698.255
695.742
695.982
694.929
696.130
699.757
698.640
695.628
698.999
697.358
696.445
693.155
694.447
694.188
695.774
699.101
696.857
699.623
698.114
694.277
695.635
696.979
694.473
695.155
695.370
692.494
696.027
696.628
696.052
692.900
699.592
699.441
695.397
696.819
699.626
699.704
702.018
698.379
697.835
695.822
706.274
697.670
700.563
699.079
697.269
701.771
695.449
699.575
697.041
692.089
695.989
698.008
695.523
694.877
697.608
700.159
698.092
696.748
695.794
693.989
698.771
695.381
696.392
698.862
698.772
694.028
692.133
694.745
696.140
696.554
698.252
696.315
697.318
696.170
695.007
695.908
693.139
697.477
693.435
693.857
694.567
697.607
697.698
694.075
701.377
697.514
693.101
699.969
691.866
697.650
695.839
693.770
696.917
695.752
694.305
699.309
702.059
699.688
699.190
695.351
695.748
693.768
697.205
696.603
697.184
698.784
695.796
698.275
700.110
698.143
696.387
697.894
700.253
698.595
696.290
698.110
701.992
702.782
701.460
698.735
699.887
702.478
700.440
698.950
701.710
699.629
701.284
702.530
700.924
700.588
698.808
702.027
700.450
699.535
697.098
695.195
699.585
695.398
697.403
696.656
694.190
693.594
697.881
697.610
696.055
697.973
696.341
702.286
700.779
702.364
701.180
695.681
695.791
699.478
697.312
694.761
698.345
700.771
698.034
697.585
693.600
695.793
698.024
693.503
697.133
692.574
695.229
698.956
698.790
698.277
702.343
697.194
698.151
701.045
698.709
697.690
696.698
700.698
696.994
699.746
698.291
697.954
697.290
701.218
696.518
697.686
699.696
697.452
698.046
695.792
696.311
697.321
701.214
701.336
700.279
698.619
697.909
698.707
699.255
695.677
694.442
695.377
695.527
694.657
695.284
694.660
692.943
698.498
696.886
694.423
696.105
696.552
695.452
695.384
700.334
697.822
697.278
695.451
695.926
697.121
695.453
692.989
696.397
695.783
700.410
696.307
698.402
696.639
698.556
697.523
694.994
699.176
697.529
692.623
695.182
695.356
700.410
696.376
701.414
695.679
694.124
695.690
694.899
699.047
696.650
699.624
698.303
697.238
694.812
697.293
693.001
697.238
696.376
692.866
698.262
698.857
698.656
699.396
695.000
699.505
697.993
696.114
698.282
700.654
699.950
701.103
698.144
699.973
695.624
698.351
697.690
696.409
699.998
694.115
697.182
696.508
697.439
696.476
697.746
693.333
695.541
695.329
700.841
696.081
698.828
698.336
694.978
699.297
696.613
695.159
695.274
694.676
697.215
700.201
697.083
695.871
697.097
694.067
697.216
698.075
697.794
697.023
696.837
697.552
696.908
692.649
697.904
692.683
694.812
695.349
700.731
697.943
698.324
694.454
697.542
692.062
695.899
693.942
694.220
696.064
697.339
698.392
697.701
693.958
695.640
696.736
695.190
696.560
696.694
694.187
695.000
698.725
699.447
699.619
694.841
701.709
693.301
694.319
697.265
693.015
693.111
696.755
694.786
693.767
696.383
696.396
697.995
696.834
698.831
701.144
700.350
697.159
693.290
695.246
696.405
700.633
697.355
695.821
696.401
697.594
699.388
696.350
695.011
695.508
693.233
693.897
700.178
695.019
697.592
694.020
696.862
691.547
697.373
697.265
694.911
692.546
691.712
694.918
693.789
697.220
691.829
697.664
697.327
696.516
698.089
698.272
696.730
694.826
693.271
695.158
693.326
692.647
694.808
695.937
701.501
695.178
697.116
695.236
693.636
697.167
694.790
698.480
694.830
699.716
695.062
699.033
694.527
697.599
697.172
702.753
698.887
696.429
698.058
698.135
697.768
698.487
700.232
700.343
696.358
701.494
700.663
695.742
699.027
694.517
698.545
703.589
701.101
697.589
698.210
697.384
697.099
698.078
698.068
700.543
700.048
694.538
695.599
696.959
702.958
700.025
698.145
697.788
694.865
699.354
693.091
694.086
697.804
696.944
698.386
696.766
694.313
698.041
696.599
697.628
691.790
690.805
693.047
698.285
695.777
700.722
698.440
693.519
698.726
695.418
697.282
697.326
699.517
693.748
696.714
692.388
695.460
696.108
695.900
697.563
698.592
696.423
695.681
693.902
696.157
696.022
696.130
696.698
695.231
696.690
695.028
699.221
697.888
693.572
692.485
694.428
694.538
695.676
693.534
697.590
695.042
694.887
698.298
693.730
700.777
693.501
694.390
699.200
698.555
696.537
698.978
695.026
693.700
695.651
700.839
698.010
696.275
699.965
698.483
696.182
697.971
697.420
694.724
695.766
697.504
699.622
693.225
696.181
698.448
697.925
699.482
696.394
701.166
699.008
700.611
694.567
696.591
698.799
696.096
690.077
692.897
697.619
696.073
696.595
696.252
694.807
698.494
694.459
696.131
697.339
695.085
699.618
692.269
697.115
693.871
694.143
698.022
696.510
695.802
696.603
695.964
701.349
699.438
692.663
690.263
695.293
696.160
695.076
696.097
696.502
693.699
695.454
695.145
697.706
697.691
698.883
696.943
697.535
695.680
697.709
702.503
701.505
696.470
695.647
696.643
696.414
696.748
697.155
698.251
694.521
693.999
688.311
691.826
697.817
695.149
696.287
698.901
695.119
697.957
696.298
697.147
698.427
699.089
699.978
701.266
699.782
702.049
697.804
699.445
697.247
700.965
695.544
697.946
701.091
699.648
696.772
696.113
696.855
698.654
696.421
698.906
698.739
695.524
696.035
694.739
692.649
692.511
697.726
694.508
697.834
695.240
694.648
696.515
694.943
695.217
696.678
696.320
696.515
700.862
695.815
694.732
699.022
699.429
698.456
695.281
693.969
696.603
695.242
697.500
699.972
697.895
697.985
696.166
699.247
698.750
695.429
695.279
696.259
697.949
698.003
698.445
698.081
697.009
697.633
694.264
697.983
697.884
697.685
695.609
697.577
698.991
693.792
694.128
695.910
695.876
701.613
693.088
693.426
693.277
698.862
695.741
694.232
694.055
694.623
696.472
693.326
696.187
696.178
696.641
695.509
691.367
694.335
697.122
700.097
694.933
694.849
695.841
700.221
695.451
695.810
696.830
696.745
692.624
697.425
693.886
695.308
692.893
697.148
693.363
694.372
702.874
697.875
693.971
697.121
698.859
695.320
694.878
696.299
699.707
698.289
695.774
697.691
695.302
692.431
691.026
698.343
697.495
694.253
692.762
694.322
693.118
692.697
695.994
696.944
697.984
691.138
696.505
696.668
693.453
701.175
699.817
696.752
697.297
695.750
693.666
695.179
693.559
697.908
699.590
698.279
697.913
699.182
694.563
697.727
698.007
697.956
695.703
699.571
699.785
695.770
691.857
693.783
694.084
697.024
699.932
695.551
695.629
697.183
696.072
700.139
693.239
696.777
697.164
694.810
697.373
701.405
700.719
694.122
697.823
694.466
699.577
698.437
699.151
697.129
696.493
696.610
696.763
698.020
696.673
696.557
694.010
696.986
699.564
696.488
696.596
693.716
695.154
696.626
693.695
699.170
700.555
699.074
699.211
697.437
699.023
696.388
696.743
698.603
699.653
695.965
699.045
700.139
697.762
699.172
698.406
695.440
693.160
696.065
700.311
695.753
696.353
693.737
696.213
698.051
695.382
693.785
698.940
698.797
698.419
696.902
696.543
697.898
699.766
697.753
694.102
694.141
693.903
696.101
689.266
695.208
695.173
694.136
698.178
695.191
697.254
700.600
693.006
697.806
695.068
697.960
695.236
699.148
699.862
693.878
694.916
698.962
695.494
702.972
697.713
697.286
696.552
695.673
697.080
700.967
695.716
696.524
693.979
698.287
697.972
701.703
696.694
699.761
696.022
700.227
697.170
694.535
696.052
695.201
694.572
695.688
693.321
691.049
697.963
699.198
698.869
696.669
697.712
699.498
695.642
695.831
695.744
697.324
695.809
696.016
689.000
699.435
696.189
696.008
697.914
697.194
695.128
696.414
697.427
696.512
694.279
699.379
697.368
695.579
692.833
697.885
696.571
696.477
700.367
699.386
697.539
697.437
696.523
691.438
696.808
694.767
698.701
697.933
695.142
693.458
696.635
694.461
692.601
694.280
696.813
696.880
693.554
694.473
696.911
699.140
695.657
693.994
693.163
701.445
695.927
697.790
698.189
696.114
698.734
699.334
693.162
694.109
694.365
695.564
698.076
694.589
694.043
692.478
698.663
696.541
695.064
700.398
695.452
693.312
692.192
692.791
694.069
694.102
692.625
695.295
700.999
698.467
696.943
701.168
699.296
694.576
699.247
697.072
700.014
698.837
699.652
698.605
700.589
699.325
700.145
697.501
695.127
696.937
700.962
696.940
696.548
696.376
701.701
702.374
698.506
699.396
698.908
700.498
698.386
698.678
697.957
693.301
697.655
699.139
696.573
698.691
697.750
697.821
697.661
698.665
697.774
696.788
698.340
699.424
694.659
696.301
699.243
694.218
696.209
694.072
695.992
697.908
697.633
697.403
700.219
696.301
698.164
697.916
696.117
698.090
696.696
695.890
700.530
698.836
697.153
702.042
695.980
699.228
698.793
697.380
698.088
696.093
696.616
694.172
698.213
697.961
699.623
694.854
695.069
695.479
697.330
697.782
696.148
700.766
698.382
699.240
696.963
699.213
697.525
696.015
694.751
697.826
692.551
697.625
700.604
694.972
697.743
696.797
695.269
697.252
696.485
697.876
692.162
695.031
696.593
696.591
694.438
696.476
699.655
697.262
696.193
698.692
699.364
693.190
699.302
696.038
699.051
698.155
698.392
697.054
697.679
696.107
700.245
698.283
700.419
699.794
699.169
699.096
696.960
696.283
698.182
697.847
694.023
699.352
699.576
697.603
694.472
694.387
696.437
694.175
695.301
698.557
700.151
695.877
697.105
696.347
700.340
697.578
694.081
698.890
698.348
691.653
693.281
698.114
695.258
696.388
698.400
695.530
694.610
695.687
694.252
695.771
700.309
696.814
698.361
696.637
699.558
696.837
693.455
697.197
696.673
695.511
696.180
695.074
694.209
694.597
694.934
695.545
693.859
696.661
695.089
694.404
696.603
692.809
691.306
691.933
695.402
695.700
701.394
692.006
695.836
695.509
696.946
701.078
698.043
701.711
698.879
698.031
694.487
699.507
697.203
698.220
702.351
700.329
696.905
693.685
695.415
698.095
698.417
696.809
696.394
697.349
695.363
698.318
699.169
694.062
698.297
697.265
697.848
697.787
693.818
697.850
698.256
700.598
700.055
695.635
697.391
698.053
702.279
699.069
700.558
699.515
699.123
702.800
699.683
698.995
693.287
694.759
695.408
694.795
699.318
694.621
696.696
694.406
696.899
695.772
695.619
696.422
702.333
695.999
697.747
695.986
698.140
697.219
697.428
698.175
700.428
698.089
698.165
701.516
697.088
698.070
696.290
700.012
697.101
695.941
697.914
697.534
699.138
700.105
700.073
700.986
692.624
696.280
697.371
699.613
699.197
700.052
696.465
700.238
698.382
701.354
698.819
704.136
697.024
697.522
698.653
696.284
700.458
698.368
700.534
699.652
699.298
696.461
699.955
697.756
696.313
699.407
696.734
695.501
697.273
701.360
698.322
692.973
696.354
696.821
695.138
696.416
700.364
699.622
698.695
698.151
699.422
696.461
697.047
695.595
698.289
700.062
698.554
697.905
696.026
701.190
699.909
700.112
695.079
698.005
699.002
698.601
700.103
700.445
696.987
703.837
701.525
701.065
699.786
701.272
697.714
698.984
700.778
698.789
699.681
699.741
700.214
699.627
697.469
695.574
695.737
698.054
697.636
698.983
696.652
696.649
700.506
699.555
703.351
701.089
694.108
694.493
696.082
697.704
693.435
700.040
698.185
698.316
697.846
698.279
696.205
695.768
699.878
695.097
695.037
696.190
694.488
695.709
696.938
694.660
699.573
695.110
695.745
695.733
695.754
699.129
696.433
696.233
695.654
692.130
697.248
698.696
694.469
696.038
695.661
695.537
694.238
698.605
698.117
694.394
694.824
701.306
699.725
699.817
699.491
699.444
699.586
697.265
694.772
696.799
700.205
699.619
699.199
699.252
693.497
696.138
695.881
692.324
696.384
697.779
695.415
696.814
694.280
692.135
692.273
696.621
692.905
695.540
695.561
696.133
696.803
695.948
699.421
698.471
698.895
694.704
697.680
699.204
699.990
696.611
697.782
695.211
696.121
696.893
698.054
697.512
696.670
700.495
695.446
696.449
693.467
694.713
693.512
694.440
693.969
695.291
695.218
698.830
698.590
694.555
696.643
696.233
693.312
699.433
695.688
697.507
696.074
696.447
696.322
699.629
694.898
691.980
696.931
696.738
700.063
694.288
698.202
694.779
691.468
698.134
697.676
694.499
700.652
697.372
698.720
697.114
698.793
696.111
696.286
695.856
701.174
698.438
695.900
695.131
695.958
697.870
701.094
699.987
699.273
699.517
698.788
696.947
695.210
694.623
696.262
700.191
699.333
697.838
697.329
696.904
698.973
694.990
697.067
694.960
702.434
698.640
696.678
693.310
696.442
697.743
698.675
697.993
697.667
698.505
699.167
698.570
696.964
700.968
702.667
698.545
697.212
694.390
696.305
699.744
699.065
699.092
694.610
693.790
696.835
696.184
697.514
697.665
698.722
696.203
697.245
695.608
696.397
696.829
694.015
696.362
699.761
695.563
696.035
694.757
693.755
693.408
695.744
697.053
698.410
695.596
695.383
694.400
696.409
697.406
698.211
699.246
693.594
696.892
699.878
695.689
697.686
697.316
695.875
700.252
700.735
701.331
694.499
694.249
693.864
697.051
696.624
693.991
695.062
695.141
696.508
699.871
696.375
692.603
697.695
698.494
700.291
698.010
698.511
696.628
694.701
693.347
692.570
696.200
698.263
695.972
696.419
699.685
698.335
700.098
695.751
695.809
696.431
695.064
694.939
694.595
695.524
692.702
699.910
694.041
695.710
696.321
695.952
692.869
696.955
696.324
696.147
697.202
699.578
696.564
697.983
699.735
699.619
696.803
694.646
697.945
697.456
695.587
694.951
697.291
697.283
698.224
699.844
699.160
698.068
696.652
697.601
696.705
700.461
697.062
696.183
698.601
699.245
701.993
698.100
699.024
697.534
697.502
700.972
697.630
696.113
700.740
698.772
703.131
700.429
701.074
700.899
699.343
699.752
702.275
698.631
701.904
697.207
697.496
698.638
696.155
700.381
700.955
700.134
701.288
699.816
698.161
695.703
699.724
697.830
700.556
702.986
699.755
697.063
697.871
700.636
696.571
702.937
700.992
702.961
698.340
699.754
699.744
700.427
697.824
702.765
698.975
699.616
700.618
698.716
698.421
698.336
695.004
695.839
695.697
699.843
705.976
698.334
699.014
693.917
698.646
695.932
697.461
697.762
697.067
695.517
693.690
697.421
698.830
698.062
698.184
696.544
702.452
698.687
696.693
696.982
696.765
696.044
694.398
697.797
700.283
698.984
699.041
698.850
696.751
701.319
697.884
697.645
697.172
696.890
696.689
695.686
698.518
698.804
697.601
699.675
695.272
701.346
696.980
693.692
696.661
694.690
697.944
700.383
696.176
691.258
697.660
699.006
698.241
695.025
697.372
698.815
695.613
696.951
693.964
698.097
693.539
694.699
694.528
692.583
694.840
701.434
703.336
704.775
700.403
695.356
701.843
697.510
697.193
700.251
698.165
698.774
700.415
702.033
697.772
700.542
694.824
699.179
698.992
698.749
697.178
698.134
699.263
694.945
693.532
700.684
694.835
694.880
699.318
695.719
699.026
692.932
695.217
698.738
697.855
699.283
698.163
698.790
696.332
699.191
697.851
701.194
698.413
697.550
699.766
695.907
692.795
694.241
697.904
694.962
695.786
699.490
697.715
696.842
698.876
698.720
696.540
698.415
697.252
698.523
694.261
697.218
696.621
697.116
692.780
694.081
692.424
696.518
698.722
698.697
695.125
697.547
698.091
697.376
694.204
693.403
697.754
695.985
700.511
696.239
699.065
699.749
703.124
700.589
703.465
700.216
698.925
700.235
697.654
697.796
694.383
698.834
698.750
697.133
696.755
696.578
699.071
700.924
698.810
697.503
696.572
693.394
698.228
698.215
696.588
700.680
700.990
697.910
695.641
699.889
701.517
697.478
696.627
696.712
699.751
699.706
697.742
700.409
698.386
697.643
699.221
694.724
696.630
701.536
698.884
698.834
694.346
702.805
699.569
698.992
700.672
704.359
698.780
698.053
699.430
697.117
696.777
700.723
700.887
697.865
701.491
700.971
700.567
700.284
696.666
700.156
698.819
698.145
698.194
698.837
696.492
699.322
698.765
697.229
697.177
697.407
699.331
696.372
701.139
698.192
697.698
698.266
697.436
699.332
701.469
700.843
698.035
698.230
700.061
697.285
699.796
698.943
698.973
701.192
700.941
700.269
700.142
698.266
696.754
699.210
697.494
700.960
697.694
697.225
698.435
693.164
696.729
698.754
694.667
697.467
699.656
700.177
701.101
695.712
700.039
696.475
701.312
698.560
693.936
695.776
698.943
701.532
698.167
697.228
694.154
701.393
702.208
700.120
701.278
701.264
702.330
697.761
698.848
697.218
697.451
697.583
698.284
700.398
700.690
699.466
698.464
698.536
696.998
695.692
699.873
697.563
695.832
696.547
698.801
697.635
697.089
696.196
697.075
695.989
697.441
696.585
695.480
698.534
699.084
697.455
694.435
699.581
696.418
696.306
694.355
694.518
693.382
698.847
696.782
694.603
694.355
699.096
695.059
696.464
695.572
701.102
698.807
700.414
698.743
697.035
696.238
694.572
693.382
696.283
697.281
697.856
696.593
695.253
694.481
696.101
694.634
691.550
696.059
692.188
696.664
697.645
697.495
696.831
697.927
694.145
695.419
695.969
695.405
697.173
697.106
696.647
695.616
697.482
701.502
696.366
695.981
696.978
696.494
698.049
693.440
695.307
695.691
697.095
694.924
694.466
693.334
696.667
696.392
700.586
698.307
694.214
696.668
697.223
691.182
696.337
695.520
698.343
695.544
698.433
697.202
696.663
697.476
699.265
697.490
699.913
698.872
692.219
697.315
699.158
697.760
700.054
695.034
694.286
694.475
696.722
696.626
695.373
693.619
697.082
695.117
694.850
693.766
698.438
693.175
696.222
694.630
693.532
697.327
694.828
693.805
696.129
697.773
695.712
693.928
697.011
694.059
695.996
693.274
702.294
698.926
696.307
699.424
702.918
697.016
698.364
697.588
695.880
699.677
700.916
698.082
696.636
695.856
693.040
699.017
697.412
699.717
697.455
697.697
694.040
697.894
697.361
697.018
695.648
698.056
695.570
693.889
693.410
694.868
695.628
698.720
696.204
697.587
698.275
699.497
700.635
695.918
697.091
701.041
695.626
695.480
692.891
696.143
694.895
698.186
698.795
693.699
698.298
697.623
698.021
698.606
697.492
697.147
698.681
696.637
697.954
697.033
697.495
698.709
699.457
699.770
698.314
697.105
701.336
695.713
697.459
698.066
699.133
697.634
696.422
700.161
700.659
698.159
700.293
696.797
698.592
700.114
696.639
696.466
701.620
697.062
698.362
698.950
696.049
696.544
699.613
701.630
697.096
696.000
698.848
695.838
695.544
698.879
700.014
703.061
702.142
701.314
699.911
701.928
697.893
700.156
701.053
697.060
698.487
694.495
696.395
700.277
695.639
696.672
698.544
702.735
697.702
695.257
703.795
701.637
702.320
699.715
696.970
703.228
699.684
699.344
697.858
696.037
703.676
698.229
698.376
696.145
699.178
699.667
698.381
696.946
698.564
696.919
701.082
703.627
701.610
699.763
703.143
701.918
700.449
699.507
696.860
700.427
698.278
696.321
696.752
698.839
701.815
698.363
702.048
701.339
701.036
701.793
702.665
697.205
698.185
696.034
700.771
696.866
695.979
696.267
700.165
701.853
700.798
699.617
697.233
697.671
697.169
699.046
698.973
703.375
697.446
698.668
696.740
698.508
698.009
699.129
699.434
696.576
697.297
701.170
699.685
697.667
704.454
698.890
698.979
700.542
702.324
702.593
700.553
698.959
695.962
695.853
699.186
700.133
697.424
700.089
698.005
697.660
697.459
698.518
701.376
697.261
692.323
692.923
696.651
693.514
697.344
696.167
697.068
696.055
697.202
700.704
697.313
696.453
692.416
695.987
696.381
698.668
694.344
696.704
697.092
696.414
695.951
691.146
695.735
694.970
697.556
695.856
696.526
692.619
699.551
695.258
701.039
694.641
697.700
694.467
694.482
694.318
695.337
695.384
699.224
702.951
696.865
697.843
693.952
697.272
692.858
694.647
693.885
695.498
695.888
697.637
695.630
698.068
694.582
696.474
697.935
693.233
695.681
692.839
694.557
693.387
696.642
697.069
695.762
698.252
696.021
695.292
697.589
693.053
695.987
697.274
700.913
696.421
697.619
697.973
696.440
697.028
699.989
697.536
698.803
695.824
702.032
697.892
696.617
697.996
700.199
695.704
696.736
694.582
696.224
695.264
692.457
694.765
697.810
694.610
696.404
693.921
696.328
696.681
696.335
699.754
694.735
700.850
696.980
695.689
696.307
697.447
694.990
695.261
693.082
692.904
698.975
696.159
697.531
696.459
697.561
692.418
696.186
694.887
700.133
695.421
693.989
696.222
697.419
698.061
697.032
689.253
692.377
694.838
697.229
692.844
695.508
696.289
693.042
698.053
697.788
701.200
691.314
697.465
695.365
699.269
697.234
694.289
696.790
693.046
692.702
694.090
694.479
697.902
700.748
696.117
694.517
699.033
697.076
695.423
694.061
691.780
694.180
699.073
701.516
703.093
697.551
697.561
700.193
698.013
692.853
696.424
699.791
695.609
697.334
698.624
696.610
696.465
692.627
700.542
691.369
695.823
691.853
697.718
695.166
695.749
696.080
691.987
696.789
695.994
690.205
692.326
698.715
695.208
698.773
692.367
695.107
693.576
696.141
691.109
693.971
693.592
692.415
697.504
696.277
697.171
695.522
694.512
696.330
701.668
695.571
698.637
696.492
697.415
693.179
695.186
699.495
699.109
693.287
693.280
692.381
696.901
696.731
699.991
698.205
695.667
693.320
702.251
697.973
696.413
697.596
698.888
694.866
696.095
692.811
697.265
695.283
693.553
692.299
693.375
693.298
695.587
693.514
692.825
694.213
691.868
694.174
695.047
697.212
695.795
694.309
695.154
696.260
699.167
694.671
693.627
694.928
695.655
695.211
696.370
695.273
697.828
692.954
690.503
693.666
690.258
692.250
698.059
694.668
696.425
695.065
693.727
696.778
693.085
696.396
695.932
694.989
694.146
697.825
692.979
696.719
694.057
696.615
694.923
695.298
696.366
693.208
697.389
695.794
697.239
697.168
692.888
696.089
693.511
696.654
694.456
693.888
691.854
694.378
697.035
696.156
696.199
692.081
692.627
694.990
694.928
694.527
695.585
695.554
693.898
697.132
698.942
696.567
697.110
697.178
697.666
699.024
693.184
696.647
697.423
694.455
693.020
696.315
695.377
695.998
698.117
702.001
700.908
698.355
698.500
698.460
696.869
696.279
695.733
698.980
699.741
698.039
694.307
696.033
697.852
696.521
698.373
692.374
697.184
692.800
698.247
697.741
698.611
696.081
697.137
699.331
698.625
702.053
700.563
697.952
697.939
698.334
698.842
696.814
699.844
698.192
699.385
694.681
691.718
699.153
695.000
696.923
700.407
700.989
696.994
694.860
698.126
700.001
697.726
696.080
695.659
692.733
697.202
693.448
700.293
698.503
695.973
698.442
698.217
700.130
695.254
696.415
697.596
697.443
699.636
696.823
700.396
698.189
695.229
696.567
700.044
697.417
700.657
696.480
702.362
696.661
693.414
693.396
698.141
693.430
697.329
694.681
693.700
695.467
691.545
694.471
697.664
698.891
698.504
697.456
696.960
696.324
697.238
693.739
696.305
702.072
697.041
696.050
693.411
692.987
690.637
691.346
690.932
695.541
699.430
694.644
695.648
693.458
690.602
695.777
692.818
700.133
697.604
697.605
695.836
696.317
697.049
698.830
696.543
695.812
694.842
698.185
702.635
701.641
698.365
698.359
697.357
696.595
698.459
696.736
700.151
695.027
696.644
695.658
697.199
699.340
699.766
701.992
697.388
700.691
699.783
703.302
697.876
697.684
699.665
698.334
699.848
700.419
700.659
692.741
699.341
697.614
701.708
699.796
692.175
699.056
699.257
698.140
698.716
698.716
701.137
691.909
698.604
697.472
697.649
699.611
700.080
703.485
699.813
698.699
697.949
698.679
694.510
698.304
702.431
699.964
698.674
698.586
697.660
699.474
695.521
697.422
699.112
699.372
700.523
697.175
698.233
698.584
699.286
693.809
696.472
696.890
693.166
697.482
701.503
698.790
701.995
695.493
695.677
696.544
700.541
695.946
698.901
697.893
701.312
700.248
700.244
696.439
701.106
698.570
700.363
701.687
697.269
696.017
692.077
694.911
699.469
697.175
699.317
698.924
696.760
697.004
696.176
695.821
697.567
695.865
695.218
700.979
694.935
697.955
696.354
693.506
693.949
697.160
697.652
694.068
693.191
694.478
699.035
698.394
692.216
696.614
692.835
693.617
695.485
696.507
696.787
698.061
696.796
700.498
692.578
698.365
697.978
692.005
694.332
698.029
697.767
698.673
693.783
694.952
699.299
695.926
694.033
697.392
694.866
699.240
698.695
698.274
698.110
699.229
701.195
702.642
699.625
694.454
700.867
696.063
699.535
697.938
694.459
694.342
698.918
699.429
699.816
697.963
695.575
694.935
697.002
700.272
695.984
700.812
696.088
694.616
695.749
702.000
696.011
698.177
693.330
696.381
694.159
694.384
697.971
699.230
694.533
696.805
695.832
701.756
699.039
697.430
702.292
696.758
696.828
702.522
695.708
695.037
699.064
694.924
693.444
695.527
697.294
696.556
697.839
696.266
699.330
701.793
700.852
698.678
697.060
699.504
698.287
697.377
696.800
693.709
700.553
696.982
697.211
697.778
696.305
698.989
692.808
692.127
699.432
694.771
695.916
693.953
696.959
699.830
696.209
691.727
698.377
698.116
699.084
697.346
697.891
698.515
698.320
697.808
698.423
694.750
699.056
694.629
695.275
697.077
693.908
695.632
697.724
697.561
694.646
692.035
694.138
694.210
696.187
695.689
691.713
695.764
700.427
692.091
693.518
699.161
696.361
695.626
694.914
694.176
694.329
696.502
693.163
695.874
692.502
696.461
694.383
693.099
696.779
694.378
698.077
696.058
696.260
700.955
698.793
696.137
696.534
695.192
698.191
696.737
700.361
698.890
693.183
696.187
696.735
697.926
696.124
698.924
695.898
700.807
694.603
698.775
695.774
695.162
693.712
697.908
694.615
693.264
697.269
694.927
692.081
693.067
694.636
696.951
695.208
694.254
694.593
694.386
697.872
692.342
694.334
694.080
694.571
694.317
697.014
697.174
694.283
695.134
695.639
694.428
698.076
697.718
691.556
695.851
703.031
699.957
699.033
695.358
696.810
694.007
694.442
694.081
695.343
692.355
693.180
694.024
694.861
694.612
696.271
696.128
697.929
696.096
696.274
695.048
695.776
698.720
699.996
700.204
696.351
696.282
701.598
692.166
696.518
693.410
695.392
698.154
695.576
695.674
697.107
693.631
694.392
697.832
693.984
697.864
700.926
696.578
694.667
691.900
698.157
694.360
699.145
696.506
700.232
696.641
698.791
695.669
694.736
697.537
697.549
697.407
693.708
696.774
695.196
696.381
692.203
699.278
691.860
