1086.785
1078.814
1084.380
1084.065
1093.546
1094.592
1096.118
1097.906
1114.914
1108.312
1103.864
1100.283
1088.934
1092.541
1106.790
1111.146
1117.038
1116.542
1125.544
1120.468
1115.214
1118.336
1108.410
1112.985
1107.993
1116.097
1118.153
1121.857
1120.204
1119.541
1127.081
1122.544
1125.988
1123.563
1116.414
1118.126
1122.895
1112.494
1114.088
1117.070
1126.909
1127.698
1125.448
1116.576
1112.776
1111.898
1095.527
1105.627
1106.984
1098.577
1105.883
1104.909
1102.496
1115.153
1117.093
1114.315
1111.955
1112.913
1113.740
1117.021
1117.518
1114.617
1121.586
1141.644
1127.158
1122.660
1136.004
1132.928
1136.453
1128.312
1132.998
1139.503
1131.449
1139.642
1142.110
1153.310
1148.498
1144.962
1150.652
1153.316
1151.427
1143.151
1145.768
1148.829
1140.750
1136.001
1137.076
1149.430
1148.783
1143.064
1140.626
1135.829
1121.383
1121.810
1117.225
1114.161
1118.147
1127.188
1122.732
1133.034
1132.448
1130.732
1142.522
1144.443
1152.671
1138.327
1142.396
1145.660
1150.062
1150.804
1149.316
1150.293
1146.373
1141.001
1143.125
1147.803
1148.221
1140.460
1132.735
1118.041
1106.176
1116.484
1118.593
1120.008
1121.524
1120.586
1124.195
1127.995
1126.490
1123.530
1114.343
1112.509
1109.293
1111.664
1121.349
1129.596
1120.776
1121.308
1116.191
1115.877
1110.843
1109.995
1111.136
1113.550
1104.262
1104.019
1097.463
1108.497
1110.711
1113.294
1107.068
1113.936
1116.218
1112.073
1114.061
1116.098
1123.128
1119.882
1125.805
1119.854
1118.943
1122.275
1127.633
1130.564
1135.236
1124.036
1119.068
1124.545
1119.860
1117.964
1115.149
1118.873
1128.023
1130.549
1137.784
1143.160
1142.965
1140.641
1131.827
1135.095
1132.982
1137.017
1137.905
1139.152
1148.350
1143.662
1150.181
1146.923
1147.161
1150.048
1156.332
1168.440
1158.303
1146.899
1151.225
1145.925
1143.790
1138.514
1142.601
1143.128
1153.590
1147.604
1146.383
1135.212
1141.491
1146.852
1142.136
1142.644
1145.517
1137.590
1128.592
1116.554
1126.646
1134.212
1142.310
1149.196
1135.847
1133.774
1136.851
1126.044
1117.143
1118.409
1136.996
1127.142
1136.096
1133.603
1129.275
1122.412
1119.419
1124.654
1128.951
1127.360
1123.591
1113.176
1112.280
1113.397
1111.841
1113.383
1121.123
1109.010
1117.645
1128.908
1119.334
1115.348
1113.606
1121.489
1124.708
1120.524
1117.524
1110.764
1121.910
1122.895
1125.839
1131.776
1128.145
1123.797
1124.525
1134.944
1134.234
1121.747
1127.128
1127.997
1131.033
1127.126
1117.934
1118.578
1111.126
1106.950
1119.510
1122.598
1121.823
1119.652
1113.736
1110.615
1111.743
1118.434
1115.972
1109.356
1112.001
1097.771
1100.421
1095.558
1097.590
1091.870
1095.788
1103.745
1109.481
1108.679
1090.747
1093.556
1091.637
1073.658
1083.541
1089.925
1092.854
1093.507
1080.700
1081.392
1078.801
1081.199
1085.451
1092.823
1092.033
1097.972
1099.923
1094.148
1090.337
1087.072
1084.412
1086.355
1090.403
1088.151
1096.482
1093.015
1091.359
1105.782
1098.530
1099.214
1097.826
1087.029
1083.741
1095.177
1087.843
1085.666
1087.531
1078.461
1082.234
1084.402
1093.465
1093.714
1096.116
1095.396
1095.964
1089.396
1078.402
1073.193
1064.327
1072.529
1078.382
1072.593
1069.969
1079.551
1075.704
1086.216
1079.769
1081.687
1070.775
1073.263
1068.704
1065.113
1064.225
1062.330
1069.280
1070.025
1073.941
1064.510
1067.750
1064.928
1066.316
1070.782
1069.029
1068.168
1074.908
1072.774
1081.900
1089.815
1081.816
1097.017
1102.233
1092.875
1102.539
1105.099
1093.609
1084.386
1082.315
1085.196
1088.620
1085.538
1076.700
1076.171
1078.463
1083.365
1085.831
1078.610
1067.750
1065.759
1074.145
1074.306
1078.349
1083.774
1092.820
1093.298
1102.247
1109.864
1120.922
1113.299
1100.737
1108.649
1116.066
1122.439
1129.114
1113.668
1107.256
1104.708
1104.802
1118.623
1123.069
1126.469
1130.869
1126.326
1132.657
1130.812
1129.931
1122.367
1123.047
1139.794
1140.463
1142.778
1139.652
1134.324
1136.686
1130.870
1134.556
1119.981
1120.975
1118.480
1127.410
1130.556
1122.164
1113.353
1095.995
1103.673
1114.746
1110.268
1097.552
1110.112
1117.666
1122.388
1116.875
1117.381
1128.048
1123.450
1118.695
1107.078
1108.575
1105.258
1103.907
1095.870
1085.616
1082.857
1088.152
1092.933
1101.947
1097.537
1097.129
1090.005
1089.718
1098.517
1096.984
1093.963
1094.531
1099.818
1099.614
1105.388
1105.482
1107.188
1108.644
1111.808
1110.656
1104.812
1103.451
1101.420
1093.942
1096.918
1107.388
1104.551
1097.835
1087.095
1083.860
1077.694
1072.858
1076.549
1076.097
1071.132
1068.976
1068.981
1077.169
1075.391
1082.846
1097.185
1091.664
1090.556
1086.919
1079.849
1089.341
1094.896
1092.129
1078.957
1090.880
1085.168
1084.896
1084.062
1085.096
1084.581
1081.093
1080.159
1086.625
1087.171
1094.338
1092.172
1099.754
1099.813
1093.573
1103.211
1114.531
1109.925
1112.173
1117.636
1125.409
1122.304
1126.523
1129.894
1123.254
1116.743
1122.040
1122.425
1115.464
1108.461
1097.377
1087.926
1096.219
1102.564
1103.904
1107.831
1116.488
1118.709
1116.714
1110.043
1110.241
1111.979
1111.054
1101.853
1106.337
1108.532
1114.073
1105.870
1103.516
1105.096
1114.981
1113.928
1101.246
1103.662
1104.085
1105.560
1099.342
1100.698
1104.374
1102.925
1107.157
1094.023
1097.563
1098.372
1105.266
1101.190
1102.783
1090.063
1105.340
1104.699
1097.122
1101.975
1100.670
1103.202
1106.316
1107.481
1094.634
1082.705
1084.144
1097.591
1108.433
1110.440
1109.051
1108.586
1113.823
1115.573
1111.856
1104.562
1109.543
1109.983
1113.661
1116.876
1117.752
1108.477
1095.427
1100.187
1099.140
1094.328
1085.276
1092.744
1098.410
1099.313
1104.196
1092.245
1075.936
1077.116
1080.685
1072.954
1073.878
1078.921
1083.336
1084.609
1088.242
1102.878
1109.451
1122.041
1123.584
1120.883
1115.754
1108.566
1110.768
1118.395
1119.780
1114.846
1126.494
1128.203
1118.449
1125.341
1133.066
1133.262
1131.372
1120.159
1133.428
1126.540
1117.765
1135.415
1151.512
1164.824
1169.655
1168.927
1167.737
1153.652
1143.830
1138.899
1130.620
1133.974
1123.829
1135.959
1138.043
1149.540
1152.723
1154.420
1154.108
1157.557
1146.380
1139.031
1135.220
1135.006
1132.411
1137.863
1134.448
1132.397
1140.872
1133.698
1129.972
1130.293
1124.126
1118.768
1111.119
1111.487
1122.673
1122.461
1124.209
1121.414
1124.784
1120.664
1114.189
1105.220
1104.692
1116.398
1116.697
1132.745
1138.216
1137.057
1131.865
1110.243
1107.683
1096.373
1096.161
1098.472
1100.788
1106.552
1103.081
1108.768
1116.074
1117.740
1117.881
1128.132
1129.612
1137.712
1134.213
1132.965
1133.769
1137.018
1115.064
1119.863
1129.056
1122.649
1127.186
1131.829
1131.652
1130.696
1121.461
1127.107
1127.193
1124.312
1123.222
1135.489
1135.246
1133.643
1133.938
1135.666
1131.592
1145.624
1149.175
1143.353
1138.967
1135.650
1140.062
1129.893
1135.039
1132.858
1129.095
1127.295
1126.485
1123.047
1122.335
1124.784
1128.724
1136.655
1136.030
1141.770
1143.674
1152.891
1147.243
1149.780
1158.702
1163.560
1148.094
1139.133
1147.781
1151.415
1157.330
1164.640
1172.660
1171.158
1159.209
1150.264
1139.586
1138.103
1132.909
1142.467
1140.091
1124.012
1139.182
1132.451
1136.511
1131.144
1137.590
1142.254
1134.925
1142.074
1146.372
1145.663
1149.991
1155.747
1146.714
1141.977
1144.205
1137.355
1137.044
1130.711
1131.598
1128.728
1139.624
1133.931
1132.245
1135.153
1136.710
1129.866
1129.454
1131.720
1124.152
1111.104
1111.129
1101.535
1101.027
1100.386
1096.826
1098.620
1099.257
1106.733
1100.834
1102.571
1105.011
1096.042
1100.026
1108.456
1118.762
1108.751
1106.780
1111.627
1108.800
1108.660
1106.461
1107.647
1107.297
1104.908
1109.663
1119.611
1116.191
1123.134
1132.779
1134.225
1141.811
1145.397
1147.320
1148.762
1149.887
1140.722
1145.843
1146.853
1144.024
1139.493
1136.095
1140.293
1140.349
1144.179
1138.979
1146.165
1147.825
1145.725
1134.965
1137.747
1136.519
1144.892
1149.048
1151.398
1154.188
1153.270
1153.182
1139.175
1133.992
1135.655
1125.458
1124.855
1120.815
1134.287
1142.302
1149.911
1151.852
1146.802
1134.903
1139.449
1142.381
1146.045
1145.945
1141.745
1135.048
1128.135
1123.560
1120.658
1114.914
1113.913
1129.132
1134.591
1139.121
1138.696
1135.142
1129.543
1126.006
1130.837
1130.568
1131.839
1125.483
1128.371
1120.893
1119.968
1114.848
1113.253
1111.925
1115.804
1117.863
1117.222
1122.278
1122.874
1113.792
1110.763
1121.414
1118.105
1127.587
1140.415
1134.012
1129.984
1135.028
1132.677
1110.933
1093.464
1101.134
1113.012
1113.461
1122.459
1118.322
1134.521
1129.960
1119.854
1107.233
1114.372
1110.742
1104.594
1111.154
1115.481
1114.766
1106.977
1109.321
1105.485
1103.532
1097.400
1096.327
1087.139
1085.715
1100.443
1117.034
1104.337
1104.101
1108.738
1110.754
1108.034
1113.322
1113.388
1114.287
1118.736
1108.739
1110.306
1115.358
1111.030
1107.959
1113.914
1106.325
1093.653
1100.950
1095.235
1090.969
1096.956
1105.075
1100.422
1102.546
1098.329
1105.282
1104.340
1101.998
1098.778
1103.656
1096.218
1102.008
1098.793
1109.963
1108.957
1101.532
1100.971
1100.288
1096.808
1094.872
1093.254
1092.888
1102.975
1098.556
1106.640
1102.364
1108.573
1111.044
1104.228
1096.946
1099.559
1089.835
1088.552
1080.230
1084.680
1082.445
1090.118
1099.318
1099.824
1105.311
1101.102
1096.492
1095.532
1112.282
1116.486
1102.354
1098.941
1102.871
1109.159
1106.337
1103.448
1109.866
1110.177
1111.244
1105.616
1106.538
1096.087
1090.873
1088.956
1102.197
1094.887
1099.881
1097.853
1097.452
1107.661
1106.887
1095.021
1099.023
1086.839
1087.950
1085.731
1089.710
1090.033
1094.547
1099.969
1113.609
1106.692
1098.726
1100.928
1097.591
1091.936
1102.013
1110.416
1105.841
1103.329
1106.377
1118.198
1112.054
1101.627
1113.322
1111.311
1117.710
1110.866
1114.883
1120.522
1123.667
1110.283
1112.815
1117.901
1125.258
1138.338
1131.654
1132.424
1131.923
1132.715
1128.729
1137.309
1144.060
1140.430
1129.453
1124.182
1124.144
1124.359
1118.215
1127.980
1129.657
1121.852
1119.204
1123.899
1129.364
1128.624
1134.376
1137.947
1144.206
1145.152
1140.205
1139.177
1127.907
1124.663
1123.993
1129.924
1140.418
1136.693
1125.649
1122.770
1116.555
1113.909
1105.378
1101.233
1103.503
1106.047
1107.721
1117.827
1113.091
1115.995
1116.673
1132.204
1138.789
1134.863
1133.772
1123.550
1120.491
1116.996
1119.925
1122.883
1119.485
1121.537
1114.969
1117.980
1128.072
1126.731
1113.543
1109.928
1108.645
1112.538
1116.872
1107.068
1098.116
1101.933
1097.187
1096.966
1100.102
1099.278
1110.239
1112.256
1117.617
1118.365
1119.574
1116.969
1122.243
1132.053
1142.955
1132.919
1127.456
1122.262
1125.781
1132.131
1129.826
1132.302
1123.839
1118.775
1116.001
1120.609
1133.813
1124.386
1120.100
1111.563
1124.117
1132.296
1138.693
1133.548
1119.285
1117.285
1120.625
1112.355
1103.430
1103.033
1102.387
1097.846
1087.338
1093.402
1089.645
1084.664
1079.559
1089.432
1082.221
1072.668
1079.991
1084.151
1080.464
1075.237
1087.608
1084.692
1074.586
1076.033
1082.196
1073.086
1075.677
1074.031
1079.973
1083.413
1080.014
1072.590
1090.793
1102.947
1103.515
1099.188
1085.245
1096.440
1085.778
1082.450
1074.608
1088.587
1098.301
1097.961
1091.073
1099.470
1097.208
1102.686
1128.068
1119.862
1110.827
1112.508
1117.191
1115.620
1116.471
1118.145
1118.115
1113.456
1111.468
1115.041
1121.186
1109.862
1110.602
1109.012
1109.608
1113.903
1115.784
1112.449
1106.728
1105.707
1103.937
1099.278
1106.443
1114.360
1125.842
1126.881
1123.245
1123.350
1125.168
1131.657
1135.559
1150.807
1148.694
1147.590
1135.594
1125.762
1105.967
1102.039
1097.761
1105.516
1097.723
1102.753
1096.540
1096.849
1106.351
1110.558
1118.166
1126.402
1128.776
1125.210
1122.344
1119.348
1122.860
1125.892
1117.133
1116.679
1123.692
1122.054
1123.313
1116.161
1124.244
1129.095
1131.162
1113.078
1119.699
1121.412
1123.609
1116.719
1123.287
1124.345
1117.870
1119.290
1127.977
1126.755
1145.290
1140.302
1145.527
1143.339
1152.024
1143.100
1148.927
1143.254
1138.611
1129.713
1123.208
1127.843
1134.512
1137.224
1140.132
1139.675
1128.990
1128.714
1142.920
1140.788
1136.110
1133.578
1135.092
1143.941
1141.820
1153.956
1136.880
1122.232
1131.396
1129.966
1125.719
1134.177
1122.038
1126.346
1137.141
1135.539
1124.426
1124.930
1130.395
1132.928
1135.343
1132.281
1130.894
1139.202
1127.398
1137.547
1133.603
1135.312
1128.076
1139.463
1132.342
1127.002
1128.909
1142.177
1139.214
1142.143
1129.996
1130.236
1125.781
1111.858
1103.607
1103.851
1110.500
1089.216
1088.845
1101.159
1104.271
1106.994
1104.852
1114.190
1106.770
1109.204
1107.388
1114.470
1116.124
1111.944
1103.704
1103.503
1099.502
1102.612
1093.050
1104.875
1112.422
1111.493
1107.625
1111.650
1108.253
1116.578
1111.800
1111.769
1118.840
1113.367
1113.975
1100.586
1099.365
1098.901
1097.992
1101.057
1108.085
1106.006
1114.665
1108.141
1112.633
1098.513
1100.146
1105.105
1109.541
1113.721
1117.188
1132.190
1128.421
1120.039
1106.430
1107.032
1118.523
1132.940
1122.066
1121.364
1120.754
1123.535
1126.081
1128.952
1119.928
1115.880
1116.347
1113.549
1117.534
1125.883
1125.046
1130.277
1127.320
1131.843
1123.757
1136.338
1136.610
1131.173
1129.669
1128.083
1118.846
1103.264
1108.142
1114.686
1117.427
1115.451
1111.186
1114.367
1121.157
1122.693
1126.957
1123.676
1128.819
1124.870
1108.702
1110.943
1106.330
1116.370
1114.830
1119.080
1117.658
1123.609
1118.713
1106.849
1104.394
1113.988
1114.794
1111.907
1116.287
1124.989
1125.961
1123.536
1130.932
1124.457
1117.029
1128.033
1132.956
1133.595
1129.020
1121.278
1117.874
1132.587
1137.096
1126.216
1130.234
1132.547
1124.195
1120.359
1122.691
1123.743
1129.287
1127.836
1132.794
1125.865
1127.271
1123.316
1126.156
1112.078
1116.520
1118.444
1104.128
1102.242
1117.150
1122.097
1123.997
1121.469
1125.546
1128.655
1117.056
1117.778
1111.825
1109.438
1104.812
1117.831
1112.463
1115.477
1120.886
1128.268
1135.403
1131.646
1122.009
1121.120
1129.451
1136.417
1139.901
1142.439
1137.634
1128.539
1133.144
1133.046
1124.301
1135.067
1138.634
1135.429
1141.700
1151.283
1141.749
1137.555
1131.424
1134.792
1141.704
1142.807
1135.736
1147.242
1142.619
1152.303
1159.462
1167.110
1167.501
1169.897
1155.917
1155.244
1148.450
1146.047
1158.134
1146.488
1149.269
1134.680
1125.332
1132.615
1137.501
1122.333
1119.253
1116.384
1127.451
1129.753
1144.561
1142.218
1145.161
1164.315
1161.589
1150.661
1151.057
1148.508
1134.886
1141.112
1128.519
1113.025
1104.587
1113.349
1105.933
1113.319
1109.241
1125.219
1125.585
1114.685
1104.124
1108.944
1106.020
1098.651
1099.418
1100.446
1103.632
1100.569
1096.323
1094.981
1104.100
1106.405
1108.746
1106.812
1111.486
1110.456
1118.047
1125.385
1124.303
1122.201
1120.009
1141.065
1129.598
1134.124
1125.024
1140.743
1135.366
1134.981
1148.361
1143.157
1137.667
1146.529
1136.882
1127.817
1130.749
1118.913
1121.062
1119.759
1121.738
1116.165
1125.411
1132.784
1125.784
1121.545
1131.001
1140.939
1145.631
1134.898
1128.945
1121.770
1116.515
1121.206
1124.157
1136.718
1133.599
1146.194
1147.885
1149.860
1144.060
1139.937
1139.674
1135.817
1134.254
1124.593
1119.977
1125.188
1130.713
1139.263
1130.212
1130.773
1125.209
1129.811
1131.768
1121.331
1116.444
1122.913
1126.966
1132.937
1148.926
1144.569
1150.437
1156.566
1150.243
1160.130
1154.695
1150.924
1145.366
1147.540
1138.848
1136.275
1134.811
1135.428
1131.208
1134.837
1140.257
1144.810
1130.336
1133.705
1142.665
1148.737
1141.220
1139.573
1139.492
1142.831
1141.839
1134.414
1149.304
1150.696
1150.127
1141.972
1126.623
1119.593
1122.228
1127.528
1133.434
1137.644
1136.767
1129.618
1135.143
1132.928
1132.594
1134.940
1145.120
1143.743
1151.803
1143.041
1141.336
1139.095
1130.873
1140.340
1138.957
1144.487
1147.708
1136.877
1132.162
1130.280
1131.122
1120.891
1120.864
1120.602
1130.721
1128.150
1122.709
1124.835
1135.186
1128.623
1127.781
1134.856
1126.823
1124.030
1129.285
1143.990
1132.300
1116.732
1128.324
1135.396
1127.675
1129.062
1138.442
1142.818
1136.633
1140.363
1139.948
1135.991
1135.447
1130.483
1127.172
1129.663
1134.115
1130.386
1130.088
1118.227
1113.707
1114.440
1122.793
1132.366
1139.455
1145.428
1149.201
1146.151
1134.086
1137.289
1141.989
1147.266
1150.445
1154.571
1160.689
1158.562
1173.357
1174.274
1175.169
1172.379
1162.489
1146.031
1145.290
1143.598
1152.034
1152.442
1147.031
1146.499
1155.395
1147.339
1139.684
1148.912
1147.278
1153.944
1155.910
1157.090
1140.350
1152.538
1143.603
1150.197
1153.796
1138.573
1136.354
1137.284
1135.560
1140.963
1137.548
1138.193
1139.027
1148.730
1144.207
1144.139
1152.733
1151.852
1152.895
1153.972
1139.943
1134.581
1148.345
1150.923
1152.145
1148.348
1149.425
1160.627
1157.222
1149.969
1158.059
1160.965
1162.518
1162.095
1162.041
1157.697
1157.800
1161.432
1164.593
1147.250
1145.469
1146.173
1156.392
1148.163
1135.959
1139.803
1129.813
1123.178
1124.448
1150.246
1151.899
1164.300
1154.277
1148.419
1146.723
1147.435
1140.104
1153.002
1151.292
1138.819
1138.450
1137.132
1141.216
1134.539
1131.126
1132.855
1136.970
1143.326
1139.475
1134.884
1146.776
1138.362
1145.997
1141.768
1147.644
1147.975
1154.096
1145.949
1153.747
1155.445
1154.902
1155.045
1157.006
1163.154
1161.816
1142.245
1135.896
1126.019
1117.008
1117.160
1118.854
1120.501
1122.994
1136.838
1136.274
1134.566
1132.687
1138.458
1135.328
1125.434
1127.057
1136.539
1144.830
1144.423
1134.518
1121.278
1122.335
1122.621
1130.923
1116.716
1110.816
1118.120
1106.334
1106.953
1104.472
1111.710
1111.022
1113.976
1112.040
1105.776
1110.127
1105.616
1113.726
1108.667
1113.522
1115.416
1109.316
1107.146
1112.115
1107.531
1102.832
1099.319
1089.153
1089.349
1096.568
1092.461
1085.660
1092.216
1097.082
1109.351
1104.207
1102.404
1107.496
1103.138
1105.143
1101.353
1103.892
1091.621
1097.474
1100.615
1098.971
1101.834
1094.834
1088.603
1095.771
1093.932
1099.344
1098.365
1107.002
1106.404
1107.613
1112.261
1111.058
1113.309
1111.343
1116.721
1121.184
1119.607
1125.040
1123.413
1123.879
1116.675
1125.765
1122.529
1121.744
1130.523
1127.426
1130.998
1113.303
1113.487
1121.046
1124.056
1117.170
1117.557
1123.875
1127.570
1127.150
1131.986
1138.549
1136.918
1140.175
1139.201
1148.211
1145.807
1144.449
1142.983
1144.820
1141.935
1150.378
1151.961
1158.334
1157.687
1164.741
1159.972
1160.054
1151.870
1144.288
1150.270
1148.275
1149.105
1161.261
1161.837
1159.146
1148.162
1149.713
1155.402
1153.867
1150.860
1149.668
1145.238
1152.436
1158.744
1162.138
1160.684
1161.126
1155.357
1146.143
1141.760
1136.320
1148.177
1150.229
1151.948
1137.841
1138.237
1140.595
1130.421
1139.255
1152.172
1155.821
1146.568
1144.140
1143.248
1145.679
1149.192
1135.336
1140.584
1142.293
1143.273
1135.956
1135.687
1132.186
1140.494
1148.506
1139.446
1138.632
1134.566
1135.053
1141.809
1145.396
1137.603
1133.204
1145.552
1146.963
1140.674
1138.211
1134.315
1131.718
1139.681
1134.201
1125.994
1121.107
1121.822
1123.473
1128.268
1134.620
1147.240
1148.948
1147.242
1146.661
1154.198
1145.624
1151.674
1152.704
1148.180
1140.920
1148.334
1138.377
1143.905
1139.171
1141.909
1142.446
1143.132
1159.170
1155.492
1155.410
1153.779
1144.212
1133.099
1136.412
1144.111
1138.967
1132.330
1142.960
1146.543
1144.772
1141.114
1140.335
1132.350
1138.883
1127.377
1119.180
1131.146
1130.445
1128.914
1123.383
1116.801
1125.558
1122.045
1109.669
1121.218
1121.848
1120.230
1128.681
1141.106
1148.930
1141.996
1143.842
1140.735
1132.009
1141.233
1141.715
1146.724
1147.767
1146.709
1136.423
1137.515
1139.000
1144.384
1147.543
1163.689
1161.408
1156.947
1156.286
1157.229
1153.657
1159.678
1161.381
1158.593
1155.022
1149.529
1142.909
1146.866
1141.524
1139.349
1130.156
1136.348
1144.288
1141.545
1140.626
1147.788
1140.739
1133.833
1133.098
1145.064
1149.595
1141.650
1154.729
1154.653
1159.881
1138.309
1140.371
1139.082
1136.339
1139.341
1135.744
1124.464
1121.371
1124.783
1131.336
1136.644
1126.848
1131.173
1118.810
1122.460
1136.052
1144.086
1136.300
1134.004
1134.148
1128.445
1137.989
1141.204
1149.092
1142.433
1147.289
1161.382
1156.485
1154.065
1139.816
1142.382
1144.093
1145.423
1148.568
1145.826
1142.242
1132.528
1135.636
1133.724
1135.639
1134.679
1134.488
1125.946
1135.716
1127.720
1119.429
1118.965
1118.216
1123.362
1132.579
1128.721
1129.259
1124.959
1122.211
1122.813
1124.907
1112.057
1108.068
1113.679
1118.021
1109.363
1107.981
1101.658
1094.395
1093.986
1106.996
1113.253
1121.436
1117.982
1123.567
1116.969
1120.425
1125.137
1117.113
1130.222
1119.149
1122.233
1122.261
1130.662
1135.010
1136.535
1137.694
1125.423
1115.134
1118.025
1124.578
1124.274
1121.894
1128.472
1133.486
1124.696
1126.881
1128.591
1129.392
1128.908
1124.839
1121.301
1123.595
1128.039
1126.393
1121.262
1130.317
1131.903
1134.995
1138.094
1133.127
1127.396
1126.839
1141.042
1131.380
1122.206
1119.143
1121.637
1118.875
1113.007
1110.971
1123.280
1122.179
1128.606
1122.331
1127.524
1123.819
1126.326
1120.524
1128.499
1123.130
1115.477
1102.779
1106.412
1100.980
1094.994
1086.824
1090.347
1101.560
1092.775
1097.811
1100.839
1108.759
1108.832
1101.034
1096.214
1088.909
1090.565
1085.940
1077.888
1089.128
1089.800
1086.577
1086.566
1089.586
1079.418
1069.130
1080.784
1082.146
1094.279
1083.473
1085.327
1084.174
1081.840
1078.813
1086.195
1105.080
1092.842
1088.801
1095.305
1112.002
1120.620
1113.724
1109.579
1115.432
1112.881
1121.653
1119.997
1124.299
1128.135
1127.641
1131.793
1136.682
1131.528
1128.898
1128.560
1124.287
1118.167
1119.991
1122.172
1126.786
1135.971
1127.180
1128.003
1123.109
1129.438
1135.980
1134.087
1135.059
1140.745
1139.879
1133.149
1129.811
1143.243
1139.038
1122.141
1125.665
1133.001
1130.358
1141.722
1143.114
1152.907
1145.071
1150.107
1148.658
1150.809
1144.656
1147.885
1145.718
1153.714
1154.421
1158.751
1146.460
1146.876
1144.804
1144.942
1143.943
1140.069
1129.975
1132.368
1121.634
1125.236
1130.622
1137.737
1132.252
1139.698
1136.302
1133.601
1127.800
1133.208
1139.696
1138.496
1134.211
1121.857
1123.431
1113.897
1117.335
1109.107
1105.625
1102.612
1100.701
1104.525
1112.088
1121.315
1114.261
1114.452
1124.483
1128.655
1133.739
1139.585
1135.009
1129.413
1132.014
1131.705
1131.321
1132.724
1134.763
1135.933
1144.056
1143.539
1134.852
1138.737
1144.656
1143.919
1137.454
1134.031
1131.711
1120.819
1118.480
1112.512
1120.132
1108.703
1114.849
1127.904
1122.259
1128.619
1123.628
1114.141
1127.103
1132.872
1121.848
1116.353
1112.995
1119.258
1126.694
1127.274
1132.080
1132.785
1130.742
1137.177
1143.101
1138.299
1137.366
1136.741
1132.622
1128.741
1138.899
1131.525
1127.679
1131.775
1135.372
1138.621
1131.088
1139.243
1130.961
1123.804
1131.783
1131.237
1135.639
1128.810
1128.727
1125.632
1121.325
1119.895
1122.310
1123.544
1124.086
1115.021
1109.257
1106.450
1109.657
1108.294
1107.990
1111.415
1110.245
1114.738
1115.340
1127.896
1125.168
1111.439
1108.803
1097.460
1099.931
1109.335
1121.634
1128.638
1122.378
1131.585
1132.575
1139.199
1135.689
1132.408
1129.033
1130.770
1134.888
1143.510
1148.327
1150.298
1155.304
1162.813
1167.055
1162.490
1148.207
1152.224
1153.626
1154.669
1136.562
1137.528
1126.667
1130.210
1129.500
1133.739
1132.927
1143.981
1144.094
1136.229
1133.957
1134.971
1137.883
1138.504
1124.401
1124.202
1137.981
1130.215
1139.895
1138.212
1128.880
1146.488
1143.542
1136.264
1134.705
1128.574
1132.073
1137.503
1133.127
1130.581
1124.172
1133.649
1134.366
1134.790
1128.379
1128.755
1128.684
1136.500
1121.483
1112.442
1107.581
1114.762
1107.401
1112.539
1117.687
1118.269
1123.860
1131.218
1125.423
1139.567
1140.663
1147.516
1151.902
1136.449
1133.856
1123.536
1123.380
1113.595
1119.392
1109.932
1116.809
1117.741
1123.971
1128.002
1148.308
1132.732
1128.007
1135.631
1140.303
1137.493
1141.049
1136.640
1143.841
1143.741
1142.906
1147.961
1153.042
1152.913
1146.255
1140.684
1142.948
1142.593
1143.799
1136.762
1127.105
1132.413
1146.899
1136.391
1135.279
1135.255
1135.766
1128.351
1134.001
1135.708
1130.522
1132.761
1138.176
1134.525
1143.549
1149.341
1157.640
1152.793
1165.369
1169.194
1171.327
1165.752
1154.783
1149.195
1152.627
1153.724
1142.965
1139.161
1144.249
1139.040
1155.418
1148.155
1148.101
1155.847
1166.613
1163.519
1169.534
1167.840
1162.887
1163.515
1158.407
1163.776
1162.773
1172.524
1184.096
1175.236
1169.305
1171.069
1156.873
1154.889
1155.982
1147.994
1145.306
1147.550
1137.928
1138.559
1143.095
1137.935
1143.125
1141.900
1139.225
1136.721
1142.026
1150.081
1149.938
1144.581
1148.291
1152.891
1142.137
1150.353
1151.199
1143.995
1140.083
1134.554
1145.929
1151.830
1157.873
1146.280
1142.785
1152.021
1154.849
1159.346
1150.791
1143.857
1138.195
1143.484
1150.890
1152.944
1150.504
1132.101
1148.603
1152.384
1157.438
1170.679
1166.210
1149.577
1151.487
1148.527
1147.159
1138.915
1138.687
1133.144
1138.082
1143.208
1153.711
1154.197
1151.892
1143.571
1139.472
1145.323
1135.089
1129.239
1124.768
1128.790
1129.045
1132.477
1145.777
1150.195
1153.954
1151.166
1143.713
1138.029
1133.669
1150.960
1153.812
1155.461
1153.107
1154.868
1153.168
1166.738
1166.402
1169.823
1160.415
1165.322
1157.835
1147.129
1156.828
1157.507
1165.473
1160.919
1166.583
1174.753
1175.577
1163.396
1162.187
1158.908
1157.660
1163.605
1164.196
1160.925
1163.668
1156.150
1145.631
1147.454
1147.732
1146.545
1141.873
1134.780
1131.781
1135.755
1133.771
1114.933
1128.883
1134.728
1129.978
1131.942
1125.948
1124.068
1127.495
1133.027
1135.435
1132.182
1128.045
1121.026
1118.212
1115.712
1108.784
1109.590
1112.591
1119.272
1126.691
1112.764
1110.476
1115.578
1125.232
1131.688
1119.722
1124.947
1127.566
1120.442
1125.649
1129.339
1135.506
1135.567
1133.035
1124.448
1125.544
1125.179
1118.678
1115.212
1123.099
1121.262
1119.429
1114.342
1129.162
1134.779
1134.221
1131.778
1129.620
1116.240
1116.347
1123.117
1117.791
1121.229
1134.748
1142.241
1140.434
1144.398
1145.936
1145.711
1141.048
1135.744
1125.780
1123.530
1128.607
1120.730
1119.003
1126.968
1125.187
1129.543
1121.498
1124.481
1115.061
1115.502
1116.124
1115.757
1113.534
1114.289
1120.101
1129.436
1122.917
1111.265
1119.544
1124.426
1145.217
1154.780
1146.053
1148.962
1135.097
1129.152
1135.881
1131.716
1117.689
1117.863
1127.076
1125.190
1129.724
1134.909
1131.916
1117.127
1133.661
1138.626
1144.971
1137.737
1125.170
1131.558
1118.827
1112.784
1122.059
1124.381
1124.298
1127.010
1131.914
1122.542
1119.841
1116.616
1124.204
1132.187
1133.240
1120.002
1116.988
1116.147
1122.247
1115.275
1120.060
1125.144
1120.201
1133.757
1133.770
1127.422
1121.325
1115.821
1105.247
1099.942
1100.182
1099.847
1101.806
1086.297
1082.761
1074.119
1075.783
1084.956
1087.798
1087.966
1086.782
1080.796
1081.332
1088.808
1086.708
1082.689
1076.621
1079.560
1086.571
1077.804
1073.948
1086.466
1091.090
1091.640
1091.687
1097.449
1092.235
1098.463
1108.914
1119.317
1123.473
1114.174
1109.539
1110.720
1115.648
1118.437
1115.432
1113.297
1103.982
1115.337
1115.004
1096.652
1105.985
1099.054
1099.298
1106.115
1094.100
1102.762
1098.944
1096.599
1094.602
1103.498
1093.154
1094.814
1100.117
1099.314
1097.247
1097.045
1099.196
1093.206
1099.102
1104.666
1124.404
1130.130
1118.975
1114.277
1121.453
1116.288
1124.938
1130.201
1128.910
1146.098
1136.093
1152.276
1147.835
1138.746
1132.755
1117.775
1118.209
1113.471
1113.476
1111.002
1117.821
1117.575
1108.139
1105.625
1113.177
1113.825
1100.678
1116.986
1109.706
1111.553
1111.845
1113.655
1108.266
1119.235
1109.727
1107.440
1118.756
1124.933
1121.183
1121.450
1128.567
1118.656
1116.823
1112.741
1115.135
1113.129
1114.637
1113.914
1118.968
1114.263
1123.502
1120.753
1117.902
1121.206
1130.759
1130.253
1118.128
1118.963
1109.519
1115.823
1111.494
1115.750
1111.531
1116.323
1106.989
1116.954
1119.933
1127.110
1133.163
1119.617
1110.316
1115.083
1117.962
1113.832
1120.266
1120.384
1118.782
1122.394
1125.937
1127.483
1128.772
1131.798
1120.242
1110.901
1115.962
1116.266
1112.722
1105.982
1113.662
1109.912
1117.131
1116.002
1119.989
1114.213
1117.151
1109.532
1106.680
1101.001
1098.679
1097.976
1097.868
1098.380
1094.789
1098.419
1101.933
1112.422
1113.364
1098.517
1098.942
1090.027
1091.196
1091.076
1095.039
1101.243
1103.102
1114.375
1114.820
1115.722
1114.147
1111.328
1106.698
1102.303
1096.331
1093.156
1098.288
1100.625
1096.595
1106.309
1105.269
1110.818
1117.129
1120.847
1113.717
1120.924
1123.045
1131.030
1124.628
1114.202
1106.568
1117.133
1104.655
1102.110
1103.419
1107.157
1102.761
1106.169
1121.541
1115.896
1117.582
1107.381
1106.803
1101.187
1104.059
1111.929
1110.563
1115.492
1112.601
1113.494
1105.902
1092.104
1092.382
1092.538
1098.789
1090.365
1089.655
1095.728
1108.783
1120.025
1111.954
1107.803
1094.910
1097.499
1089.872
1075.409
1084.011
1083.431
1085.869
1084.878
1098.625
1100.570
1098.518
1090.019
1089.192
1086.503
1094.319
1084.474
1085.176
1083.325
1088.917
1083.532
1074.419
1081.191
1084.971
1091.066
1101.524
1096.738
1109.472
1090.652
1090.820
1098.701
1099.729
1093.056
1089.554
1084.070
1092.855
1089.577
1100.492
1090.607
1099.626
1100.381
1098.563
1099.671
1086.246
1091.545
1102.453
1103.011
1110.843
1107.914
1107.109
1111.001
1106.477
1111.410
1101.184
1101.814
1111.809
1115.668
1118.533
1117.245
1116.081
1114.690
1112.066
1106.464
1113.239
1102.728
1094.367
1102.592
1102.868
1096.891
1105.242
1098.901
1093.733
1087.459
1095.947
1086.738
1089.824
1093.290
1089.630
1086.853
1091.995
1103.473
1104.464
1106.027
1093.945
1098.533
1104.423
1098.872
1085.534
1082.592
1087.252
1079.675
1083.126
1085.026
1094.849
1100.878
1112.540
1116.325
1116.522
1113.372
1116.048
1104.733
1098.057
1087.178
1095.187
1095.649
1096.317
1098.018
1105.313
1109.502
1104.127
1102.783
1090.680
1093.314
1099.149
1099.041
1099.922
1089.595
1089.258
1088.482
1078.918
1088.671
1086.129
1090.110
1075.579
1070.868
1070.133
1067.394
1066.268
1080.635
1083.474
1088.481
1097.727
1101.273
1103.961
1092.277
1081.320
1076.509
1076.282
1081.291
1082.297
1082.149
1076.455
1088.980
1101.004
1109.779
1118.133
1116.696
1114.186
1122.974
1114.306
1110.323
1106.595
1114.770
1116.585
1116.871
1105.218
1101.810
1113.408
1110.708
1109.465
1113.654
1106.199
1096.994
1097.376
1081.635
1091.710
1087.750
1091.063
1093.381
1100.927
1110.529
1106.592
1097.906
1105.110
1102.160
1103.849
1106.771
1109.551
1120.811
1120.117
1124.008
1127.267
1118.191
1111.991
1113.276
1118.630
1114.065
1112.287
1096.775
1109.621
1110.060
1115.157
1123.408
1121.496
1121.879
1119.154
1123.044
1126.716
1128.135
1116.840
1109.194
1102.426
1107.688
1117.863
1111.922
1123.060
1108.646
1114.193
1115.700
1120.959
1120.035
1114.920
1112.987
1116.527
1124.046
1123.560
1115.674
1115.746
1117.350
1128.606
1136.315
1125.930
1131.431
1131.409
1134.471
1123.622
1123.759
1120.043
1127.733
1129.036
1130.348
1132.953
1131.666
1127.462
1128.058
1130.206
1129.433
1116.001
1110.639
1107.740
1101.591
1099.574
1092.322
1098.852
1104.279
1119.194
1115.220
1104.636
1111.195
1096.835
1104.821
1102.880
1097.779
1097.172
1108.559
1098.226
1102.862
1094.625
1110.170
1094.517
1101.174
1093.770
1092.913
1094.047
1084.117
1078.492
1071.783
1080.528
1080.626
1086.788
1085.016
1084.102
1086.735
1100.222
1103.740
1118.452
1109.219
1099.631
1098.128
1095.839
1086.494
1089.929
1094.792
1094.281
1099.735
1103.652
1104.212
1095.607
1094.953
1099.296
1096.380
1096.430
1091.274
1089.436
1091.021
1089.132
1083.479
1080.107
1083.260
1086.755
1083.370
1085.193
1093.336
1084.963
1079.734
1082.324
1090.732
1095.531
1100.523
1099.880
1097.938
1096.778
1093.302
1096.059
1089.420
1091.014
1083.463
1088.933
1093.203
1103.345
1111.488
1121.306
1122.611
1111.160
1102.434
1100.323
1094.313
1100.961
1106.028
1106.923
1102.207
1096.317
1098.955
1104.274
1095.611
1104.192
1108.350
1102.966
1096.045
1093.280
1097.408
1100.245
1094.999
1089.706
1088.482
1092.142
1095.319
1102.247
1098.837
1098.233
1107.582
1100.309
1098.677
1108.544
1106.370
1106.678
1113.496
1106.457
1114.048
1107.531
1114.374
1109.404
1112.096
1118.606
1122.681
1125.547
1127.824
1125.473
1126.977
1125.071
1123.824
1115.798
1105.901
1109.139
1103.031
1098.856
1103.299
1096.536
1101.689
1098.593
1093.808
1094.634
1109.553
1112.305
1106.359
1103.129
1097.204
1113.810
1108.026
1110.203
1106.045
1102.938
1097.871
1096.305
1100.306
1108.659
1115.788
1103.962
1097.523
1100.835
1106.985
1093.619
1096.992
1112.464
1109.468
1095.071
1082.286
1082.078
1076.981
1092.213
1094.206
1100.922
1092.359
1106.708
1107.367
1109.124
1096.647
1090.205
1089.547
1103.479
1106.202
1105.053
1106.738
1095.365
1105.960
1113.178
1114.093
1103.697
1108.357
1103.718
1099.547
1096.070
1098.851
1090.207
1093.812
1092.801
1091.388
1092.275
1090.004
1090.713
1095.529
1092.387
1086.799
1099.582
1095.292
1097.910
1092.659
1103.061
1104.064
1103.654
1098.428
1100.702
1095.370
1090.319
1091.451
1099.858
1107.487
1100.159
1097.945
1113.635
1099.259
1103.403
1106.804
1097.466
1097.247
1094.437
1100.447
1096.403
1092.565
1088.684
1100.255
1094.024
1093.091
1095.559
1099.011
1103.520
1105.516
1113.392
1099.923
1099.323
1097.286
1101.722
1106.164
1099.662
1112.475
1113.586
1126.455
1131.690
1120.382
1119.817
1106.766
1113.806
1125.859
1123.700
1111.806
1127.715
1123.164
1126.075
1128.112
1131.023
1145.210
1141.609
1132.294
1129.067
1136.979
1132.838
1130.602
1126.700
1129.000
1129.457
1139.875
1128.090
1127.602
1130.997
1132.995
1132.150
1118.715
1111.950
1113.052
1112.632
1106.323
1106.064
1110.156
1115.094
1130.229
1129.786
1132.409
1141.259
1140.749
1137.465
1140.458
1130.130
1126.524
1128.912
1130.822
1120.110
1111.880
1112.568
1109.006
1099.978
1101.246
1104.732
1105.301
1104.765
1107.055
1105.299
1093.601
1109.070
1111.801
1110.157
1130.553
1115.176
1115.089
1111.450
1114.181
1113.791
1107.318
1107.895
1114.004
1110.906
1104.718
1105.917
1112.347
1107.045
1115.211
1104.881
1106.324
1108.319
1109.777
1099.205
1102.335
1097.941
1098.479
1094.925
1103.809
1104.904
1103.520
1114.387
1107.174
1103.178
1106.962
1113.873
1112.934
1102.785
1104.032
1099.095
1102.753
1108.778
1104.342
1099.869
1101.038
1107.219
1107.166
1111.515
1112.793
1117.876
1105.622
1099.704
1096.773
1098.856
1100.970
1112.963
1098.112
1099.255
1099.774
1101.085
1108.269
1111.303
1116.107
1103.728
1095.457
1113.033
1105.833
1097.991
1095.563
1086.217
1087.888
1092.235
1088.973
1095.472
1087.180
1092.972
1096.273
1094.017
1098.988
1099.713
1106.658
1116.279
1128.911
1132.554
1128.035
1137.009
1135.650
1131.163
1131.515
1138.137
1124.201
1126.795
1111.449
1112.960
1108.671
1101.003
1101.617
1108.938
1117.763
1133.439
1131.499
1132.677
1124.241
1129.242
1133.082
1136.469
1135.415
1126.806
1135.233
1134.775
1130.236
1144.234
1139.753
1128.720
1145.483
1144.777
1142.659
1137.858
1143.642
1143.578
1141.705
1140.960
1136.111
1134.712
1137.411
1131.214
1132.804
1141.141
1144.919
1135.344
1122.341
1131.309
1123.006
1128.411
1125.564
1123.121
1121.468
1118.717
1126.636
1119.160
1127.370
1118.712
1125.638
1132.157
1138.144
1125.503
1126.627
1126.854
1129.962
1133.682
1132.987
1138.635
1134.638
1129.820
1134.792
1131.501
1129.193
1131.304
1127.547
1128.259
1128.974
1130.599
1139.578
1134.543
1146.238
1146.456
1133.770
1129.920
1128.573
1132.470
1123.302
1111.326
1119.152
1124.005
1123.215
1127.276
1121.144
1124.315
1127.804
1129.207
1126.744
1126.994
1132.448
1136.052
1140.969
1141.592
1148.504
1152.739
1152.945
1152.368
1147.183
1142.916
1146.377
1149.547
1151.484
1163.920
1158.283
1144.019
1133.118
1136.103
1133.124
1142.890
1137.278
1145.392
1149.013
1147.024
1142.432
1135.063
1142.960
1151.578
1156.342
1140.859
1132.985
1132.948
1134.649
1129.356
1130.811
1132.291
1139.712
1144.171
1144.761
1138.613
1138.209
1134.182
1131.873
1130.322
1143.375
1144.886
1129.697
1125.426
1123.462
1119.867
1130.369
1129.098
1131.642
1124.891
1117.706
1114.682
1116.711
1123.858
1126.715
1119.534
1108.306
1113.780
1111.543
1112.373
1111.898
1110.472
1114.647
1111.380
1123.658
1124.697
1110.872
1120.384
1127.963
1117.988
1127.032
1123.815
1123.908
1122.903
1116.543
1120.681
1123.075
1130.775
1135.457
1140.848
1142.753
1152.259
1160.188
1176.033
1163.607
1167.184
1163.616
1166.817
1166.398
1164.171
1170.277
1165.414
1168.023
1153.828
1148.153
1148.916
1155.164
1148.638
1147.476
1142.893
1129.285
1133.311
1148.164
1137.194
1136.606
1126.853
1143.428
1142.812
1133.398
1131.455
1130.542
1122.877
1120.655
1138.458
1129.188
1118.045
1121.566
1114.688
1124.851
1131.243
1140.760
1135.391
1127.290
1133.602
1141.640
1143.791
1139.995
1140.894
1143.683
1141.549
1138.510
1132.587
1129.581
1138.364
1138.890
1134.678
1140.746
1134.923
1129.978
1135.290
1130.081
1134.364
1134.223
1127.411
1121.528
1129.346
1124.798
1130.600
1134.941
1145.025
1137.514
1143.254
1134.719
1128.031
1128.142
1131.873
1131.471
1128.249
1127.183
1123.885
1121.307
1122.529
1128.037
1130.410
1121.412
1127.952
1117.778
1124.667
1129.231
1148.899
1135.554
1130.358
1133.094
1144.326
1137.827
1134.625
1143.615
1134.009
1133.855
1140.615
1144.280
1149.869
1150.653
1155.063
1160.537
1154.884
1141.107
1140.096
1142.344
1150.492
1147.414
1149.427
1148.861
1151.062
1157.852
1151.115
1155.643
1139.496
1143.521
1145.188
1145.324
1147.396
1146.448
1154.324
1156.586
1145.217
1135.325
1123.466
1118.456
1113.770
1123.164
1120.746
1119.020
1124.269
1124.921
1132.282
1133.137
1134.649
1128.164
1126.152
1128.345
1135.324
1131.905
1138.645
1131.399
1133.806
1125.767
1130.180
1126.593
1119.438
1132.589
1144.530
1143.206
1143.038
1142.673
1136.794
1132.943
1132.854
1136.345
1132.037
1133.918
1141.748
1140.547
1137.622
1143.892
1148.061
1142.833
1135.334
1133.834
1131.123
1125.063
1132.854
1132.872
1133.440
1130.725
1140.220
1138.368
1142.977
1137.345
1131.805
1123.063
1126.475
1116.312
1114.056
1119.986
1126.715
1122.154
1131.095
1132.171
1130.874
1132.003
1126.009
1128.184
1120.053
1124.301
1122.983
1129.506
1134.054
1135.387
1136.056
1143.213
1144.463
1145.442
1142.369
1141.562
1140.653
1145.323
1131.302
1139.004
1135.315
1134.134
1133.374
1138.708
1132.378
1132.699
1127.718
1124.851
1123.457
1117.625
1119.134
1118.204
1120.740
1120.054
1109.453
1114.972
1119.616
1113.155
1109.929
1105.891
1105.378
1111.207
1117.455
1114.109
1122.597
1130.116
1126.228
1123.626
1129.556
1136.409
1138.508
1134.010
1127.359
1128.665
1129.518
1125.850
1135.199
1135.684
1137.131
1138.675
1137.582
1126.886
1130.960
1137.731
1144.667
1143.279
1135.367
1136.779
1129.266
1132.100
1126.093
1131.859
1120.420
1130.171
1136.710
1129.299
1117.124
1111.578
1106.967
1100.346
1099.136
1102.121
1096.181
1087.006
1097.908
1094.496
1097.992
1091.944
1085.356
1085.136
1086.679
1086.288
1080.403
1091.845
1090.621
1091.926
1089.546
1082.777
1080.300
1078.908
1079.059
1087.498
1098.913
1104.589
1104.683
1099.880
1102.723
1097.437
1099.384
1097.277
1098.299
1091.200
1097.395
1096.290
1092.377
1093.963
1100.774
1098.697
1110.597
1099.995
1101.510
1106.441
1105.640
1101.634
1088.501
1100.095
1088.105
1089.870
1103.385
1090.428
1085.668
1090.563
1087.296
1083.741
1090.228
1091.351
1082.521
1084.582
1089.783
1088.412
1090.259
1091.309
1092.150
1097.400
1103.325
1106.207
1105.671
1096.599
1099.576
1102.093
1099.592
1100.362
1096.548
1097.065
1096.672
1094.564
1097.395
1096.282
1100.193
1101.383
1098.442
1110.709
1117.157
1115.100
1106.174
1114.172
1110.640
1114.541
1106.145
1093.635
1094.262
1094.821
1100.728
1101.895
1102.197
1109.656
1106.169
1109.216
1115.177
1112.477
1109.725
1105.485
1104.445
1108.953
1103.649
1097.291
1097.361
1095.900
1094.652
1096.487
1098.043
1092.138
1086.452
1096.021
1102.466
1091.877
1088.852
1090.843
1085.319
1089.488
1087.058
1079.479
1090.874
1098.176
1108.610
1107.721
1105.246
1109.888
1121.125
1124.719
1126.771
1132.158
1128.383
1132.131
1118.642
1102.229
1113.049
1107.101
1109.165
1102.987
1095.643
1101.169
1109.321
1109.826
1105.471
1102.988
1094.412
1099.924
1095.068
1095.814
1094.083
1089.759
1088.349
1096.310
1101.906
1093.662
1097.348
1093.731
1097.319
1086.855
1093.243
1096.570
1098.847
1094.221
1088.869
1089.002
1084.460
1085.738
1087.304
1076.703
1077.860
1082.645
1075.838
1084.140
1069.560
1077.273
1081.145
1096.393
1084.928
1088.335
1086.876
1082.231
1093.085
1101.295
1111.343
1112.869
1127.278
1112.980
1116.475
1119.319
1126.288
1129.200
1128.802
1122.389
1125.795
1133.883
1130.054
1129.804
1128.460
1124.872
1133.764
1135.970
1131.635
1125.174
1118.967
1122.391
1135.628
1139.373
1134.613
1128.002
1133.176
1123.249
1121.303
1121.349
1119.666
1128.507
1121.682
1132.351
1121.380
1112.026
1108.088
1105.782
1101.575
1090.635
1076.602
1075.631
1079.064
1089.157
1084.119
1090.792
1090.481
1090.399
1094.266
1092.811
1096.037
1094.436
1093.634
1090.209
1094.333
1082.932
1081.311
1089.338
1094.225
1100.182
1090.637
1091.306
1089.091
1100.626
1108.733
1101.952
1106.897
1107.231
1105.582
1100.844
1103.096
1104.432
1099.296
1096.253
1085.611
1091.419
1090.162
1096.804
1095.546
1104.511
1101.640
1096.676
1091.082
1085.141
1089.273
1082.858
1077.254
1082.002
1091.214
1100.649
1096.619
1103.089
1096.788
1094.482
1099.231
1095.913
1096.247
1098.408
1099.298
1095.951
1093.290
1083.332
1088.262
1091.594
1084.713
1092.964
1095.160
1084.799
1077.763
1075.838
1074.778
1072.818
1070.987
1074.706
1081.161
1075.848
1081.623
1077.821
1075.886
1078.605
1072.511
1067.590
1074.564
1065.396
1064.497
1070.420
1084.821
1080.018
1076.672
1078.954
1079.851
1083.136
1084.670
1084.687
1085.450
1083.602
1088.671
1089.233
1085.459
1084.403
1088.926
1087.673
1098.263
1099.863
1103.762
1096.856
1094.053
1105.747
1101.952
1088.084
1097.407
1097.180
1093.058
1092.769
1094.551
1096.267
1097.243
1082.535
1072.826
1088.376
1089.070
1095.577
1097.472
1107.332
1101.865
1098.742
1102.231
1098.954
1093.281
1095.170
1110.787
1109.940
1110.838
1111.053
1107.212
1110.713
1103.960
1099.647
1105.329
1112.281
1123.013
1122.414
1119.275
1122.464
1131.140
1132.032
1137.435
1137.093
1133.170
1125.164
1129.539
1139.318
1150.867
1141.302
1139.400
1143.982
1142.438
1145.671
1136.453
1137.976
1136.080
1137.481
1134.167
1135.204
1144.266
1153.104
1153.443
1151.408
1144.267
1137.771
1140.431
1141.422
1140.562
1128.907
1129.935
1134.018
1133.881
1139.325
1123.961
1130.184
1128.995
1120.300
1126.046
1122.167
1135.160
1133.556
1135.651
1128.061
1137.820
1147.089
1137.526
1126.627
1127.715
1129.232
1118.524
1119.866
1129.481
1120.282
1123.450
1118.707
1131.003
1134.856
1134.364
1126.774
1130.364
1132.444
1122.042
1127.029
1121.493
1129.244
1133.012
1130.520
1116.955
1123.705
1126.445
1130.246
1127.017
1126.130
1124.083
1131.494
1131.559
1135.242
1137.870
1134.333
1133.180
1122.643
1117.912
1119.280
1119.212
1120.050
1126.500
1122.223
1118.588
1112.363
1112.892
1122.589
1124.346
1122.294
1121.134
1120.684
1117.469
1119.501
1130.547
1135.447
1127.747
1127.086
1125.351
1139.215
1139.517
1144.401
1136.643
1140.190
1141.644
1142.873
1138.321
1130.509
1132.627
1127.737
1121.302
1122.048
1127.171
1136.370
1128.843
1135.351
1122.576
1118.499
1103.114
1107.629
1106.089
1095.916
1090.606
1103.061
1105.467
1099.394
1105.310
1102.004
1093.626
1082.466
1090.912
1097.372
1103.584
1104.809
1107.585
1104.116
1103.521
1112.143
1113.577
1113.958
1121.826
1118.098
1128.260
1130.161
1128.180
1124.620
1119.581
1134.068
1133.081
1135.971
1135.846
1145.284
1148.460
1142.645
1140.981
1136.370
1141.480
1146.651
1149.411
1150.424
1138.633
1136.884
1140.898
1123.202
1128.195
1124.259
1124.816
1128.272
1128.536
1136.627
1133.712
1144.100
1138.314
1139.293
1131.480
1139.183
1136.464
1132.499
1117.794
1124.759
1128.790
1130.248
1133.124
1130.183
1135.358
1137.696
1142.435
1139.240
1135.578
1145.445
1148.481
1144.667
1143.890
1140.497
1129.326
1135.009
1126.278
1118.661
1111.355
1115.889
1112.504
1103.694
1117.223
1126.658
1122.030
1115.302
1117.419
1119.917
1131.538
1134.748
1129.180
1124.723
1128.061
1127.848
1132.303
1130.056
1131.674
1139.532
1133.273
1137.827
1132.851
1141.192
1136.202
1139.375
1143.258
1137.689
1135.952
1140.051
1132.606
1125.515
1122.297
1118.336
1118.263
1115.598
1117.379
1122.195
1108.789
1112.104
1117.632
1115.683
1103.221
1105.603
1105.167
1103.310
1098.636
1101.555
1096.278
1093.472
1100.115
1115.177
1114.416
1119.383
1126.801
1111.981
1104.350
1119.417
1126.464
1124.178
1123.879
1118.853
1105.504
1107.912
1106.476
1109.068
1108.592
1107.896
1103.065
1100.667
1103.364
1103.233
1107.936
1099.847
1123.955
1116.807
1103.460
1090.164
1090.351
1093.171
1087.371
1076.753
1090.570
1097.359
1108.842
1118.173
1115.732
1115.902
1125.444
1129.019
1136.180
1119.578
1120.754
1100.954
1096.713
1101.903
1108.197
1097.380
1100.416
1096.360
1111.396
1122.962
1109.364
1108.345
1110.105
1112.075
1105.815
1124.737
1127.343
1126.510
1120.588
1130.005
1127.149
1123.797
1124.313
1122.867
1127.548
1118.907
1122.839
1116.834
1124.270
1110.790
1107.073
1110.294
1107.740
1105.481
1110.239
1112.101
1116.868
1126.400
1124.174
1121.485
1122.223
1123.665
1122.841
1119.885
1111.971
1109.137
1108.826
1121.447
1126.000
1120.121
1116.478
1120.768
1116.014
1118.381
1115.372
1116.630
1121.268
1118.526
1125.356
1128.792
1116.005
1110.912
1107.299
1114.194
1115.194
1118.834
1116.152
1116.736
1111.760
1110.687
1107.789
1117.862
1123.706
1133.216
1137.494
1138.562
1136.633
1124.419
1123.153
1117.464
1110.948
1124.841
1127.541
1128.075
1122.181
1133.599
1122.435
1130.218
1144.828
1136.136
1132.220
1132.556
1141.904
1143.480
1144.097
1137.655
1128.118
1128.425
1130.204
1140.461
1149.766
1142.932
1144.520
1138.301
1128.283
1127.499
1128.165
1126.165
1132.071
1135.465
1124.571
1124.625
1124.383
1127.366
1136.752
1129.297
1117.728
1115.221
1115.830
1114.722
1126.859
1124.018
1117.937
1120.838
1123.399
1119.891
1109.716
1118.335
1112.575
1111.565
1104.140
1102.383
1107.734
1118.235
1107.514
1113.476
1117.582
1106.718
1099.650
1112.886
1118.625
1125.816
1120.785
1129.181
1135.904
1132.305
1121.931
1113.817
1104.578
1114.442
1122.912
