1014.512
1012.790
1008.864
1011.864
1013.214
1013.005
1016.959
1015.530
1019.325
1013.269
1017.186
1017.308
1020.691
1019.552
1017.136
1015.787
1013.059
1013.742
1009.507
1009.454
1019.009
1020.493
1015.749
1015.798
1010.175
1012.822
1014.712
1013.348
1007.419
1007.952
1005.021
993.795
1003.379
1000.580
1003.618
1014.183
1013.895
1005.514
1012.606
1025.403
1025.537
1028.652
1026.083
1016.827
1010.349
1012.109
1010.367
1015.545
1015.570
1016.813
1014.287
1016.801
1016.405
1014.128
1010.219
1012.791
1018.485
1022.332
1009.035
1007.586
1014.174
1010.246
1007.954
1006.054
1012.455
1008.517
1001.358
1002.115
1006.350
1007.395
1011.149
1010.776
1006.829
1006.966
1005.593
1007.705
1016.844
1016.610
1017.164
1015.638
1014.164
1009.228
1012.741
1010.305
1004.315
997.637
1003.889
1007.472
1011.402
1011.314
1009.237
1011.340
1002.348
1003.468
1000.616
999.702
997.748
1004.879
1008.274
1016.721
1027.689
1017.274
1017.868
1014.244
1011.352
1006.567
1009.848
1021.296
1018.385
1019.375
1017.365
1016.483
1024.032
1017.938
1018.150
1007.988
1017.635
1027.444
1029.950
1021.619
1019.640
1018.333
1024.590
1020.998
1020.287
1016.636
1022.383
1015.149
1016.455
1012.653
1022.281
1021.896
1013.399
1016.617
1016.823
1022.894
1018.935
1023.525
1019.724
1024.046
1029.332
1028.029
1018.481
1024.098
1025.763
1029.820
1031.237
1033.342
1022.725
1028.559
1034.484
1030.363
1030.076
1027.258
1023.863
1030.994
1030.313
1031.690
1035.911
1026.640
1031.788
1032.810
1037.744
1038.062
1036.699
1038.533
1035.148
1033.743
1037.505
1035.671
1038.600
1027.865
1028.049
1021.439
1023.084
1024.244
1027.948
1036.302
1033.237
1038.918
1048.036
1056.873
1054.077
1042.344
1041.134
1042.305
1046.712
1041.770
1037.872
1039.571
1037.496
1045.092
1052.315
1059.027
1052.546
1055.582
1058.040
1043.419
1037.205
1040.125
1044.748
1040.469
1040.101
1043.622
1049.493
1045.385
1047.565
1048.821
1045.075
1052.650
1043.478
1042.302
1035.888
1028.327
1039.469
1045.023
1047.041
1051.666
1051.069
1040.234
1040.031
1046.796
1052.716
1053.579
1058.151
1056.651
1047.105
1049.630
1045.821
1048.103
1045.273
1034.840
1032.179
1026.344
1042.902
1039.433
1036.576
1030.244
1033.620
1042.981
1043.046
1047.814
1038.968
1039.201
1035.468
1039.338
1033.990
1029.052
1033.461
1031.533
1037.542
1037.443
1033.522
1038.264
1042.182
1050.666
1061.534
1058.591
1059.093
1049.754
1047.933
1049.805
1048.803
1046.839
1051.210
1057.313
1053.344
1052.403
1050.677
1040.464
1025.974
1030.163
1031.790
1025.987
1020.793
1024.461
1018.614
1011.469
1019.950
1022.748
1023.233
1025.736
1023.718
1018.215
1019.336
1025.541
1025.921
1029.142
1029.297
1027.027
1027.386
1026.282
1042.697
1044.756
1045.412
1049.430
1044.008
1051.816
1037.739
1041.087
1040.083
1042.827
1036.518
1040.672
1036.579
1037.582
1033.980
1037.148
1032.541
1040.701
1042.854
1041.560
1041.150
1048.326
1049.142
1054.566
1054.832
1063.262
1057.083
1050.757
1050.648
1047.166
1053.908
1048.347
1040.630
1039.194
1036.146
1040.316
1038.821
1026.829
1025.216
1031.390
1023.365
1026.522
1029.663
1026.645
1023.418
1022.179
1032.241
1024.163
1019.842
1025.714
1023.890
1031.274
1023.262
1023.172
1024.156
1021.266
1018.656
1012.567
1013.911
1010.286
1011.433
1012.075
1017.337
1012.303
1009.837
1011.907
1013.124
1018.006
1018.554
1015.689
1013.165
1016.076
1014.061
1013.366
1009.832
1005.918
1008.842
1009.666
1018.404
1016.709
1006.385
1002.488
1010.174
1014.047
1007.606
1004.781
1001.447
1000.088
1001.692
1007.432
1010.181
1014.822
1007.438
1003.922
1005.962
1002.209
1001.545
1000.093
1002.302
1002.154
996.887
996.789
1000.801
1007.328
1011.500
1005.710
1013.661
1016.125
1022.369
1026.246
1034.892
1040.892
1042.860
1050.461
1043.613
1040.568
1035.712
1048.226
1057.194
1052.240
1036.262
1030.336
1048.840
1049.262
1036.586
1033.160
1030.693
1028.426
1024.340
1026.992
1029.901
1017.079
1023.783
1018.182
1020.229
1025.964
1018.268
1025.000
1015.799
1016.528
1017.181
1014.296
1017.475
1014.040
1000.345
1002.575
1005.280
1007.780
1005.717
1006.921
1007.421
993.579
991.998
994.022
997.008
998.714
996.914
1008.905
1013.568
1005.512
1015.032
1005.733
1008.755
1003.955
1001.176
1014.919
1011.385
1007.498
1016.226
1019.161
1028.535
1024.393
1019.893
1028.094
1024.933
1031.072
1035.695
1035.201
1023.070
1018.275
1018.660
1011.800
1023.363
1020.785
1018.108
1015.783
1008.127
1015.175
1012.828
1006.690
1009.943
1008.419
1003.187
991.946
985.133
983.942
981.580
986.972
992.586
996.826
1001.247
1004.523
1003.917
1003.697
998.160
988.238
992.966
999.374
996.817
996.281
996.404
996.709
992.099
1001.994
1006.619
1007.654
1002.532
1000.705
1001.590
996.188
988.673
1000.283
1007.960
1007.425
1014.501
1014.348
1006.852
1011.115
1012.013
1005.107
1010.449
1007.329
1012.298
1007.659
1004.391
997.340
999.562
998.677
998.952
1005.561
1010.931
1019.561
1027.333
1029.032
1020.963
1014.438
1013.508
1012.353
1012.611
1019.887
1031.768
1034.441
1040.401
1039.749
1036.774
1031.791
1030.295
1032.245
1035.304
1027.105
1030.517
1030.190
1020.009
1029.692
1030.476
1027.471
1032.934
1032.423
1030.502
1026.336
1033.603
1034.853
1047.110
1041.089
1038.307
1034.393
1030.673
1032.589
1037.355
1036.658
1043.195
1043.946
1044.407
1036.623
1040.306
1045.129
1049.774
1046.178
1044.848
1043.212
1040.523
1042.166
1036.308
1039.239
1038.058
1039.087
1038.442
1044.208
1045.309
1046.933
1037.673
1028.426
1013.876
1007.597
1019.089
1025.875
1030.680
1035.715
1026.339
1018.504
1019.173
1016.800
1015.833
1021.625
1015.955
1014.114
1011.508
1023.157
1014.382
1014.343
1014.105
1017.885
1025.644
1030.294
1023.632
1025.804
1021.586
1011.715
1006.126
1007.425
1007.698
1005.567
1006.095
1003.546
1005.887
1008.807
1005.794
1012.702
1016.921
1003.760
1000.819
1001.065
1001.767
1002.910
999.497
1000.065
1006.020
1010.712
1003.180
1005.266
1006.092
1014.123
1000.327
1001.323
1006.684
1002.560
999.414
996.035
1004.479
1003.155
1008.637
1004.793
1001.776
1001.500
1005.916
1008.796
1004.313
997.408
998.265
994.745
995.459
999.392
1001.996
1008.002
1009.348
1011.292
1012.850
1008.806
1005.189
1005.221
1003.374
1008.324
1003.835
1010.490
1010.974
1008.225
1008.911
1013.662
1018.151
1015.670
1020.282
1017.076
1018.331
1018.102
1009.125
1010.029
1018.392
1023.280
1017.046
1016.138
1011.138
998.595
995.649
1007.899
1009.777
1018.555
1021.363
1025.910
1015.465
1003.651
998.430
1008.784
1018.225
1014.176
1002.990
1011.881
1007.805
1001.065
1000.611
1002.081
998.520
1000.221
999.071
1008.086
1005.457
1002.167
1001.414
1005.998
1005.160
1016.613
1018.530
1013.069
1022.967
1024.994
1020.273
1007.782
1008.438
1004.001
1004.665
1012.587
1018.476
1004.329
1007.044
1008.593
1011.267
1014.508
1022.618
1024.844
1013.417
1019.696
1006.173
1004.504
1005.787
1024.552
1025.786
1021.631
1019.268
1017.849
1013.763
1012.661
1022.721
1027.619
1022.185
1019.386
1006.054
1013.885
1010.528
1017.257
1017.497
1021.894
1023.308
1021.594
1022.339
1021.162
1023.854
1030.051
1024.223
1025.787
1039.195
1039.548
1040.503
1036.791
1025.402
1022.857
1030.079
1028.410
1034.716
1028.757
1027.268
1034.231
1030.377
1022.368
1025.039
1028.725
1013.053
1011.284
1015.796
1020.105
1028.340
1030.214
1036.117
1032.140
1030.004
1034.851
1045.578
1047.171
1044.922
1034.245
1024.933
1028.792
1022.621
1018.414
1016.025
1015.325
1023.126
1021.665
1020.657
1011.317
1012.829
1020.259
1024.507
1015.256
1017.592
1012.873
1017.231
1027.358
1029.700
1023.743
1026.415
1023.618
1015.884
1011.364
1014.050
1022.542
1026.315
1024.813
1012.503
1016.349
1014.845
1017.452
1022.905
1022.231
1019.138
1027.572
1031.965
1031.301
1038.458
1040.211
1040.344
1041.061
1036.218
1045.110
1044.002
1043.642
1048.886
1050.618
1043.281
1034.457
1034.887
1033.915
1033.533
1032.273
1029.686
1027.689
1026.277
1032.081
1031.684
1033.311
1031.651
1029.022
1023.537
1032.167
1037.086
1031.864
1033.938
1032.363
1037.393
1031.459
1028.352
1026.977
1016.635
1015.786
1015.333
1015.748
1018.833
1025.962
1025.053
1026.139
1026.205
1026.611
1036.362
1035.113
1020.345
1021.988
1032.546
1029.390
1032.494
1033.343
1034.904
1030.357
1027.957
1021.809
1021.882
1018.260
1011.496
1011.347
1017.200
1016.442
1019.138
1025.522
1026.298
1027.167
1024.286
1027.907
1019.597
1021.072
1020.777
1023.162
1018.398
1024.185
1022.792
1016.694
1010.684
1013.955
1020.889
1014.729
1015.557
1009.063
1006.997
1012.283
1014.263
1009.237
1009.110
996.865
1007.985
1006.960
1009.462
1021.453
1013.454
1009.610
1010.842
1011.947
1017.475
1018.232
1022.460
1017.452
1028.617
1021.591
1023.628
1031.417
1027.902
1021.977
1023.320
1024.082
1019.460
1010.210
1006.124
1007.137
1015.299
1017.532
1023.725
1019.531
1013.037
1013.284
1018.276
1012.787
1008.897
1009.027
1009.008
1009.186
1015.666
1009.083
1007.060
1009.689
1008.912
1002.842
1010.823
1010.626
1014.629
1005.212
1011.802
1012.027
1013.183
1014.082
1011.246
1000.995
1010.141
1019.167
1004.454
1003.691
1006.093
1003.748
1002.775
1003.097
1001.417
1001.817
1004.123
1000.011
1001.012
1004.440
1003.564
1006.727
1008.837
1011.159
1009.313
1002.207
1005.143
1009.967
1012.331
1009.535
1017.628
1018.649
1027.345
1028.221
1031.467
1036.466
1035.990
1030.571
1022.697
1017.667
1020.218
1024.381
1021.379
1031.816
1031.364
1031.038
1031.424
1023.170
1025.486
1022.085
1021.018
1021.576
1027.336
1022.988
1028.218
1029.473
1035.096
1027.917
1028.582
1022.236
1022.667
1022.264
1024.922
1025.654
1023.320
1029.324
1027.648
1021.752
1028.358
1028.301
1034.486
1028.780
1023.216
1013.517
1021.392
1025.876
1014.738
1022.282
1025.962
1028.276
1018.842
1009.053
1015.159
1021.233
1018.370
1023.084
1017.206
1023.636
1022.291
1017.992
1021.229
1004.945
1004.430
1007.100
1020.302
1013.634
1008.133
1012.269
1014.946
1018.559
1018.724
1022.637
1024.351
1025.360
1020.105
1017.818
1017.459
1022.377
1023.384
1029.731
1042.530
1045.220
1044.098
1031.782
1038.812
1036.013
1028.899
1031.291
1032.638
1035.850
1038.068
1033.063
1026.061
1026.426
1018.952
1022.784
1031.856
1031.982
1041.608
1048.091
1040.077
1038.465
1036.635
1039.239
1033.767
1026.654
1024.646
1020.054
1023.813
1032.908
1037.214
1036.573
1030.373
1033.318
1030.896
1024.978
1020.218
1023.326
1019.663
1026.290
1023.762
1017.138
1026.997
1027.532
1022.466
1023.828
1023.346
1024.579
1013.131
1019.020
1019.219
1017.248
1008.762
1015.302
1001.180
999.973
1000.953
1004.639
1005.823
1014.870
1017.033
1010.050
1015.724
1019.442
1018.206
999.581
999.512
1005.500
1004.433
1010.982
1010.261
1002.909
1007.969
1006.407
1005.646
1002.480
996.587
994.678
994.331
995.695
991.975
1004.118
993.849
984.820
994.922
1003.577
1008.364
1004.411
1009.692
1003.886
1011.604
1005.917
998.945
1000.787
1001.388
995.363
1006.053
1004.251
999.896
998.203
988.617
985.805
1001.086
1006.716
1000.684
1002.376
994.394
1001.023
1001.533
1005.844
1001.811
1003.469
1006.366
1008.644
998.280
1003.076
1000.011
994.937
1007.662
1011.783
1014.182
1014.424
1021.240
1014.384
1011.117
1004.919
1004.942
999.046
1000.257
998.677
1002.630
1005.903
999.530
998.032
1003.463
1003.529
993.996
1007.908
1000.706
1005.445
1003.610
1002.319
998.743
1001.017
995.468
990.542
990.007
993.935
991.856
997.872
994.387
991.456
985.749
984.513
982.251
986.593
989.628
987.076
995.185
997.859
1005.174
1001.974
1007.869
1014.400
1013.350
1016.473
1019.921
1023.405
1012.832
996.833
1005.326
1011.809
1013.446
1010.066
1002.267
1002.210
1005.514
1009.951
1013.615
1015.018
1009.188
1015.130
1022.311
1017.642
1029.041
1031.025
1022.677
1025.663
1028.610
1015.601
1026.637
1035.277
1034.213
1034.972
1040.742
1030.902
1021.213
1021.933
1024.725
1017.779
1018.085
1021.573
1016.653
1015.794
1012.499
1024.395
1006.824
1010.657
1021.574
1028.040
1032.371
1033.110
1027.459
1023.145
1018.098
1016.420
1025.387
1031.835
1017.403
1023.077
1019.354
1008.885
1009.198
1006.554
1008.044
1017.608
1009.892
1008.370
1008.750
1012.098
1013.774
1005.576
1007.157
1013.587
1017.099
1024.291
1022.702
1018.560
1016.612
1017.800
1017.319
1024.758
1026.331
1025.402
1021.483
1027.836
1020.156
1025.504
1025.825
1029.865
1034.749
1036.621
1035.328
1033.334
1038.372
1045.117
1034.628
1034.689
1037.447
1039.263
1034.274
1037.954
1041.811
1036.543
1036.240
1033.750
1037.703
1038.157
1031.888
1034.306
1030.796
1028.027
1036.124
1034.077
1044.536
1045.630
1045.388
1037.475
1033.634
1034.992
1026.307
1029.916
1031.006
1033.395
1034.671
1029.636
1027.606
1026.480
1027.974
1028.576
1027.541
1030.048
1034.453
1025.745
1030.549
1027.806
1027.307
1032.980
1032.815
1040.281
1045.366
1035.949
1037.664
1033.770
1029.845
1024.611
1036.447
1032.019
1025.013
1027.741
1023.989
1030.698
1028.716
1029.891
1026.622
1024.710
1028.038
1032.700
1026.147
1025.874
1020.893
1021.863
1016.256
1020.164
1010.508
1010.604
1000.394
1001.351
1002.279
999.666
1003.424
997.176
993.762
995.647
997.319
998.625
1003.301
1002.276
1010.942
1005.643
1005.886
1007.901
1004.662
1002.205
1002.742
1012.252
1002.626
993.191
991.191
997.159
1003.352
1006.498
1000.823
1012.062
1009.851
1006.311
996.929
999.299
997.383
993.764
995.257
999.999
995.110
994.413
996.439
1000.351
1006.616
998.157
995.838
1006.238
998.076
996.008
1002.745
1000.965
1005.491
1002.470
1008.005
1011.606
1006.588
1004.774
1009.096
1005.863
1007.778
1007.697
1003.489
1003.021
1004.044
1007.639
1003.588
1008.068
1016.436
1014.617
1012.228
1015.683
1022.993
1023.161
1020.469
1022.275
1021.568
1020.802
1022.707
1021.308
1012.825
1016.539
1012.664
1020.026
1019.154
1023.238
1029.127
1031.179
1028.966
1017.343
1030.774
1032.122
1028.042
1022.816
1027.674
1024.715
1025.229
1019.086
1020.195
1018.733
1013.399
1016.503
1016.286
1008.248
1004.865
1010.025
1010.618
1016.447
1009.064
1009.078
1017.449
1017.846
1025.633
1014.314
1010.031
1010.313
1020.178
1025.411
1021.154
1030.725
1029.972
1028.888
1032.366
1030.406
1028.949
1034.750
1041.832
1031.412
1028.968
1028.945
1036.272
1026.048
1025.003
1025.931
1031.311
1030.148
1034.254
1038.435
1033.866
1035.761
1044.730
1038.163
1047.977
1053.395
1048.632
1045.196
1048.710
1045.334
1043.802
1042.042
1041.435
1038.877
1041.676
1051.291
1044.937
1054.620
1055.032
1043.299
1039.314
1039.617
1036.493
1040.496
1034.783
1039.708
1037.690
1034.498
1032.966
1038.472
1040.570
1038.534
1031.646
1035.055
1033.292
1033.220
1024.650
1018.608
1018.821
1020.283
1022.981
1035.240
1032.370
1038.518
1047.758
1049.594
1044.204
1034.808
1034.141
1052.368
1056.265
1047.618
1040.932
1042.374
1039.272
1038.813
1038.256
1032.007
1034.635
1031.288
1034.446
1029.085
1036.038
1042.782
1043.149
1039.263
1038.204
1041.869
1048.673
1043.990
1036.350
1035.440
1028.603
1032.011
1031.523
1028.976
1035.235
1030.150
1031.210
1030.677
1036.991
1038.319
1039.566
1035.482
1032.831
1040.611
1037.812
1037.911
1035.435
1040.329
1043.706
1043.824
1050.368
1057.534
1055.896
1050.483
1046.447
1048.167
1055.745
1063.782
1058.431
1061.387
1063.736
1058.827
1049.940
1050.827
1050.954
1050.585
1046.216
1048.506
1052.778
1054.821
1056.706
1050.232
1044.243
1042.800
1043.766
1042.438
1043.345
1043.350
1039.653
1040.247
1035.505
1034.064
1033.747
1030.495
1029.751
1025.118
1025.734
1021.843
1021.169
1020.389
1019.435
1016.266
1019.025
1015.211
1006.318
996.912
1008.530
1009.984
1013.940
1011.320
1018.532
1013.840
1015.081
1013.772
1012.337
1017.601
1023.054
1024.549
1028.514
1024.834
1022.396
1019.136
1020.526
1020.293
1014.277
1010.802
1017.941
1021.371
1023.680
1024.729
1025.505
1022.417
1026.677
1019.515
1021.752
1027.550
1028.219
1024.892
1028.441
1021.117
1017.754
1013.430
1007.338
1006.274
1005.973
1011.631
1008.631
1007.374
1020.672
1011.458
1011.594
1021.657
1016.359
1024.019
1024.884
1013.376
1014.071
1016.575
1011.779
1011.114
1010.455
1008.585
1010.483
1022.135
1018.736
1018.227
1008.761
1007.936
1009.743
1020.102
1013.548
1007.540
1017.933
1016.162
1014.442
1014.637
1030.569
1029.956
1035.461
1030.466
1027.940
1020.657
1025.834
1018.168
1008.224
1015.270
1018.851
1011.272
1010.039
1017.046
1014.361
1010.147
1015.828
1020.685
1008.941
1014.864
1014.765
1013.813
1017.278
1018.838
1021.270
1026.503
1024.172
1031.645
1041.607
1051.891
1054.912
1041.254
1039.425
1031.173
1033.209
1029.926
1025.926
1032.939
1031.668
1033.506
1033.479
1034.916
1033.096
1028.772
1032.115
1031.181
1022.527
1017.353
1027.594
1031.656
1039.273
1033.422
1038.645
1035.533
1035.496
1030.334
1031.605
1025.741
1019.040
1015.002
1012.319
1014.249
1017.012
1016.343
1021.843
1017.097
1015.246
1013.069
1012.471
1014.860
1016.950
1005.826
1008.856
1008.886
1013.094
1020.692
1010.517
1009.766
1011.592
1009.186
1010.126
1014.509
1011.866
1019.955
1022.060
1021.113
1007.384
1010.793
1011.862
1012.618
1021.213
1024.478
1028.739
1030.999
1037.228
1034.906
1043.492
1039.423
1038.989
1028.645
1023.668
1018.146
1018.247
1016.871
1022.913
1028.085
1025.625
1017.646
1019.712
1019.036
1021.323
1007.224
1015.649
1019.964
1033.034
1026.420
1018.595
1019.040
1029.851
1025.132
1036.028
1031.019
1023.254
1010.205
1004.581
1007.669
1017.668
1020.726
1010.305
1018.277
1008.727
1002.725
1008.428
1017.460
1009.019
1001.880
1005.809
1002.747
1008.684
1008.728
1007.005
1003.593
1006.515
1004.523
1006.839
1012.281
1012.551
1017.098
1014.302
1012.307
1004.544
1010.052
1001.775
1009.994
1009.671
1014.775
1006.724
1012.808
1009.305
1008.452
1012.556
1014.890
1016.594
1018.096
1019.080
1015.706
1009.464
1010.427
1004.674
1009.894
1005.147
1009.602
1013.802
1014.380
1009.310
1009.707
1000.596
998.676
999.688
998.582
1004.453
1001.736
997.874
1005.860
1002.784
1001.518
1004.546
1001.097
1008.061
1006.154
1002.471
1000.648
999.344
1009.429
1015.167
1013.245
1003.956
1008.477
1003.734
1004.382
1002.637
1006.847
1000.930
998.636
1008.169
997.911
998.604
995.798
987.496
979.849
988.228
994.342
998.797
999.585
999.020
992.129
989.000
987.881
986.976
987.711
997.278
994.584
984.010
980.043
985.801
990.377
996.861
1004.484
1006.861
999.017
1000.845
990.584
991.837
988.724
988.294
994.988
996.729
999.478
1001.098
1004.618
1003.533
1002.697
1004.685
1007.911
1004.499
1014.773
1008.163
1015.875
1014.740
1020.169
1022.059
1025.896
1026.139
1031.921
1039.747
1043.776
1035.846
1046.259
1049.845
1040.618
1042.163
1048.832
1048.947
1050.669
1044.476
1047.346
1032.206
1027.868
1025.995
1024.930
1034.102
1023.952
1025.047
1030.499
1037.279
1044.316
1048.162
1048.941
1046.129
1040.317
1038.031
1037.327
1042.824
1036.201
1034.215
1032.264
1036.005
1038.289
1037.818
1033.337
1033.753
1033.530
1037.140
1034.831
1034.018
1029.251
1026.280
1021.663
1013.121
1014.734
1020.819
1019.276
1025.272
1027.188
1024.506
1038.760
1035.863
1037.229
1035.046
1038.962
1040.457
1033.089
1026.261
1027.920
1033.957
1034.284
1030.974
1028.286
1028.714
1020.499
1013.844
1009.738
1011.608
1009.423
1006.373
1007.651
1013.431
1012.886
1013.268
1006.901
1010.669
1007.523
1000.898
1005.452
1015.716
1018.809
1011.983
1007.119
999.875
1002.102
1006.172
1008.964
1020.261
1015.669
1011.394
1011.206
1014.143
1022.136
1014.887
1020.846
1025.163
1011.648
1018.073
1015.894
1005.504
1015.083
1014.780
1022.841
1028.226
1043.966
1037.451
1038.645
1047.610
1044.931
1040.518
1040.058
1043.768
1038.637
1036.342
1041.398
1040.099
1038.808
1036.747
1031.919
1030.429
1025.829
1027.108
1017.004
1013.184
1025.616
1027.200
1029.473
1015.857
1007.932
1019.328
1016.544
1027.783
1015.146
1007.628
1015.738
1021.300
1022.999
1016.810
1015.447
1022.787
1012.880
1006.964
1013.990
1015.586
1019.618
1019.291
1019.609
1020.232
1026.945
1035.439
1030.184
1019.908
1012.838
1018.940
1023.576
1023.881
1017.407
1021.499
1028.118
1028.484
1022.501
1027.801
1021.782
1020.869
1020.574
1022.012
1026.015
1022.144
1026.018
1023.716
1026.223
1031.030
1029.513
1031.001
1032.435
1026.721
1013.982
1011.193
1017.592
1021.809
1031.283
1028.360
1023.008
1030.197
1033.692
1042.038
1048.970
1048.134
1042.840
1039.834
1033.221
1042.115
1045.200
1042.633
1047.286
1050.079
1054.646
1067.116
1060.970
1059.711
1057.919
1053.302
1052.963
1055.850
1061.239
1056.674
1059.872
1055.019
1054.053
1053.005
1056.487
1059.372
1058.278
1052.837
1047.059
1055.296
1059.879
1054.256
1060.116
1060.911
1066.392
1072.831
1068.003
1068.137
1072.948
1078.094
1084.991
1079.460
1076.156
1075.837
1065.467
1064.173
1054.684
1052.895
1059.232
1055.205
1057.293
1057.482
1052.306
1049.877
1059.129
1060.937
1069.395
1079.481
1084.472
1074.131
1072.895
1061.711
1071.677
1062.840
1063.299
1049.852
1050.870
1054.365
1056.180
1054.148
1057.611
1049.730
1054.048
1052.342
1060.854
1063.776
1063.489
1059.353
1061.216
1062.395
1053.858
1064.519
1055.238
1059.795
1077.679
1067.728
1073.561
1074.966
1072.235
1067.618
1069.750
1071.263
1075.351
1075.319
1075.754
1067.463
1069.662
1070.873
1071.484
1062.641
1063.801
1060.869
1067.579
1055.385
1053.711
1056.762
1056.180
1065.205
1057.050
1060.610
1063.140
1073.115
1063.550
1054.167
1058.519
1052.831
1056.308
1053.740
1049.055
1057.836
1050.236
1057.114
1056.159
1055.260
1053.447
1047.569
1052.817
1053.579
1059.978
1055.301
1056.466
1062.063
1058.596
1056.169
1056.282
1065.017
1067.890
1063.708
1073.907
1077.757
1079.639
1083.429
1078.271
1067.474
1065.812
1061.187
1055.008
1062.944
1058.869
1050.888
1056.241
1061.035
1058.491
1066.087
1061.051
1069.906
1054.572
1045.944
1044.550
1050.131
1046.989
1050.469
1048.595
1050.981
1050.291
1059.056
1066.402
1067.286
1069.577
1074.335
1076.495
1076.025
1070.365
1071.701
1072.719
1058.057
1058.572
1066.135
1063.965
1060.926
1057.841
1048.976
1053.131
1051.867
1053.584
1054.491
1050.630
1061.565
1055.798
1054.678
1053.808
1047.629
1051.391
1060.763
1055.719
1059.866
1061.242
1068.799
1063.772
1062.595
1066.977
1060.614
1054.003
1054.440
1056.410
1058.282
1065.967
1058.094
1053.247
1054.990
1057.511
1057.410
1061.569
1060.767
1069.255
1062.797
1062.180
1055.870
1043.674
1038.518
1048.632
1062.936
1061.110
1060.820
1062.614
1059.568
1068.964
1070.593
1072.826
1079.360
1079.072
1073.983
1069.889
1074.653
1079.860
1070.986
1067.383
1067.599
1067.434
1070.268
1073.510
1080.343
1082.429
1079.715
1076.806
1071.099
1060.873
1058.323
1061.083
1061.061
1060.431
1070.837
1072.003
1063.972
1061.809
1060.359
1060.125
1068.912
1069.080
1055.159
1046.178
1046.947
1049.254
1044.033
1046.883
1058.167
1062.473
1065.522
1059.447
1065.459
1068.332
1065.109
1058.974
1065.454
1059.304
1055.971
1055.225
1048.609
1054.884
1049.814
1059.013
1058.729
1057.304
1060.239
1065.752
1057.807
1052.258
1047.140
1043.699
1043.994
1048.852
1045.401
1041.760
1028.373
1025.287
1027.573
1026.258
1027.002
1023.961
1016.886
1023.805
1010.585
1015.359
1013.984
1007.329
1015.443
1014.306
1010.875
1020.126
1029.655
1029.139
1024.245
1035.424
1034.821
1032.707
1033.988
1030.548
1033.265
1028.925
1032.735
1029.268
1028.478
1029.885
1042.142
1047.361
1052.636
1044.826
1042.062
1045.367
1045.751
1049.767
1049.640
1036.804
1038.688
1045.956
1039.854
1039.931
1039.997
1047.476
1052.603
1054.000
1053.550
1045.513
1038.094
1048.257
1047.675
1044.998
1046.135
1040.126
1042.115
1037.607
1033.917
1029.068
1032.221
1036.164
1043.034
1042.816
1038.218
1034.985
1036.660
1040.706
1047.116
1039.153
1039.509
1029.947
1036.314
1038.203
1037.777
1039.320
1043.669
1047.188
1056.947
1035.835
1039.535
1038.190
1042.673
1042.312
1039.660
1035.530
1043.227
1048.545
1053.197
1058.535
1050.709
1052.271
1051.281
1047.197
1044.386
1045.815
1043.223
1042.589
1041.034
1034.306
1043.088
1041.266
1029.796
1043.202
1043.686
1037.395
1037.965
1043.051
1042.570
1034.079
1041.421
1042.381
1042.537
1045.833
1047.016
1034.514
1033.918
1032.050
1028.528
1039.086
1031.610
1036.017
1040.963
1033.982
1023.129
1018.986
1024.904
1021.304
1024.086
1016.573
1020.676
1021.190
1030.067
1024.639
1021.339
1023.902
1019.269
1026.653
1021.414
1026.214
1036.160
1026.446
1035.797
1030.505
1037.153
1036.855
1031.994
1030.677
1034.028
1042.592
1041.451
1052.419
1045.196
1043.367
1045.670
1039.100
1039.170
1043.918
1038.373
1028.881
1033.952
1034.789
1041.873
1035.848
1024.923
1024.923
1031.797
1040.766
1035.386
1028.693
1035.916
1038.531
1047.194
1047.257
1042.293
1043.389
1038.696
1047.097
1044.014
1046.297
1046.482
1054.638
1043.191
1033.461
1040.603
1042.725
1039.904
1039.222
1035.495
1038.306
1034.633
1041.080
1033.269
1039.993
1038.503
1036.882
1035.599
1032.850
1026.249
1033.132
1044.374
1039.083
1040.747
1042.872
1048.161
1051.273
1051.131
1049.630
1043.049
1042.666
1038.304
1039.198
1033.479
1037.074
1038.265
1040.053
1040.291
1034.104
1042.356
1026.941
1032.716
1043.803
1040.606
1035.440
1032.235
1036.821
1033.780
1032.942
1034.648
1036.267
1036.861
1032.292
1028.853
1027.362
1034.001
1026.250
1036.196
1036.857
1041.845
1036.768
1038.280
1030.111
1032.586
1031.595
1035.220
1039.590
1039.036
1043.384
1044.643
1039.596
1037.143
1039.726
1044.546
1040.205
1039.873
1037.491
1028.441
1030.642
1031.766
1028.543
1030.560
1022.464
1024.081
1022.121
1021.957
1029.489
1030.795
1030.909
1026.751
1019.785
1010.171
1011.117
1010.497
1011.224
1016.245
1009.010
1006.084
1006.835
1002.641
1016.796
1019.521
1023.870
1024.166
1022.987
1022.029
1017.299
1019.345
1025.394
1027.062
1024.977
1024.175
1021.847
1029.656
1040.736
1045.373
1046.863
1054.598
1051.951
1055.243
1043.293
1055.956
1055.682
1052.421
1055.653
1049.549
1040.816
1034.979
1030.324
1037.033
1034.407
1036.724
1027.255
1017.629
1020.660
1021.459
1016.768
1017.185
1023.595
1017.575
1011.774
1019.461
1019.061
1021.246
1021.869
1024.823
1021.354
1016.140
1015.892
1018.838
1012.452
1001.658
1003.991
996.810
996.244
1004.537
1015.885
1018.667
1010.131
1005.522
996.914
1005.138
1014.582
1010.239
1016.026
1008.555
1007.311
1011.401
999.474
1015.337
1012.685
1017.588
1008.677
1026.410
1019.454
1017.407
1015.380
1025.848
1013.139
1012.216
1003.136
1009.050
1002.167
999.384
1005.407
1014.296
1017.385
1020.432
1026.267
1017.942
1020.976
1019.059
1018.765
1016.196
1018.226
1015.492
1021.593
1020.468
1019.070
1019.174
1021.162
1023.738
1021.782
1015.570
1015.686
1013.461
1019.860
1006.532
1005.639
1007.055
1017.213
1020.972
1014.919
1010.539
1009.966
1008.462
1012.207
1011.285
1007.585
1011.448
1004.176
1013.246
1005.430
1010.491
1013.522
1005.993
1009.886
1023.364
1030.455
1034.143
1030.463
1020.519
1024.434
1028.923
1037.919
1038.853
1034.511
1035.966
1038.910
1041.948
1044.993
1048.601
1050.785
1046.559
1037.179
1038.154
1029.939
1027.700
1023.516
1016.087
1027.512
1022.532
1026.280
1032.376
1027.164
1030.744
1023.132
1027.062
1041.097
1046.283
1047.894
1041.593
1054.933
1058.118
1063.074
1056.861
1056.573
1064.485
1058.205
1058.579
1057.013
1053.452
1046.193
1044.668
1044.948
1040.145
1045.594
1044.332
1039.211
1038.347
1028.253
1033.080
1035.689
1023.087
1027.661
1018.118
1038.278
1039.100
1044.099
1041.665
1044.696
1040.031
1048.387
1045.516
1046.175
1047.846
1046.580
1037.464
1039.012
1034.772
1036.354
1030.939
1033.926
1018.972
1006.597
1006.998
1011.819
1008.298
1005.831
1006.417
1008.834
1020.928
1025.934
1028.670
1027.187
1033.156
1021.126
1014.563
1007.267
1010.018
1010.603
1008.902
1007.539
1007.738
1002.757
1010.065
1013.848
1009.541
1005.535
1013.847
1012.409
1009.591
1018.426
1016.135
1016.543
1013.433
1017.895
1016.781
1022.864
1018.898
1023.132
1019.831
1023.735
1020.640
1023.284
1019.441
1018.669
1022.493
1023.781
1028.509
1033.236
1032.546
1025.001
1027.661
1016.789
1011.144
1017.297
1024.285
1026.053
1029.097
1029.415
1026.427
1016.728
1014.300
1019.904
1014.646
1011.929
1011.013
1004.387
1005.778
1007.599
1018.686
1017.130
1010.968
1012.302
1016.168
1017.750
1015.938
1015.413
1009.394
1010.849
1015.607
1015.109
1017.955
1019.942
1027.221
1021.844
1018.671
1016.278
1006.094
1010.852
1012.835
1014.376
1019.123
1020.564
1024.023
1025.376
1024.157
1024.794
1015.709
1011.770
1012.767
1013.247
1015.653
1008.781
1009.652
1014.228
1019.821
1017.492
1014.217
1021.687
1018.665
1025.126
1021.101
1027.317
1023.910
1025.303
1022.681
1019.872
1022.233
1015.143
1013.407
1022.501
1025.636
1020.297
1021.531
1013.781
1014.944
1025.295
1025.424
1025.125
1025.413
1037.526
1038.478
1034.912
1038.167
1047.021
1047.114
1036.953
1031.678
1032.109
1026.530
1020.621
1030.707
1041.284
1038.210
1036.004
1039.745
1023.379
1032.251
1027.813
1027.607
1025.090
1031.322
1038.363
1031.684
1025.852
1024.960
1017.592
1019.108
1010.613
1016.075
1018.773
1017.349
1017.669
1012.314
1008.848
1005.155
1006.736
1020.181
1018.559
1025.211
1013.307
1007.118
1014.656
1013.810
1007.904
1005.000
1007.726
1006.073
1004.084
994.252
1004.077
1000.915
1002.721
1007.655
1003.648
999.756
1007.470
1004.458
1004.360
1001.084
998.265
1000.852
1000.488
1006.656
1016.151
1014.172
1015.649
1024.525
1023.300
1022.626
1019.943
1010.156
1016.908
1022.385
1024.642
1025.261
1022.661
1025.934
1026.324
1025.332
1035.765
1041.137
1047.262
1045.409
1042.889
1040.376
1037.692
1034.478
1030.974
1025.938
1028.329
1030.139
1029.028
1035.789
1044.490
1042.579
1041.156
1033.010
1024.168
1024.698
1025.419
1024.465
1018.171
1022.245
1018.669
1005.174
1001.857
1002.913
1010.662
1009.524
1010.530
1014.055
1008.429
1011.288
1008.727
1006.564
1000.412
1014.945
1013.311
1008.780
1011.384
1008.377
1003.381
1009.069
1011.849
1022.884
1021.404
1020.637
1009.761
1011.444
1020.344
1020.907
1033.154
1029.730
1020.743
1014.230
1020.304
1022.625
1019.883
1020.174
1029.246
1024.087
1020.859
1022.402
1028.347
1036.590
1039.810
1038.984
1025.693
1032.793
1034.355
1032.765
1027.802
1033.497
1027.366
1022.045
1022.038
1031.214
1027.950
1019.685
1023.814
1017.697
1034.770
1040.048
1046.746
1046.179
1049.286
1055.379
1051.164
1049.152
1041.487
1039.746
1041.504
1036.450
1029.661
1032.982
1027.997
1028.750
1027.556
1037.783
1033.567
1035.540
1030.566
1029.799
1041.467
1054.108
1049.007
1054.357
1054.902
1053.834
1050.304
1036.715
1033.904
1026.872
1042.417
1042.827
1039.335
1042.688
1036.591
1048.786
1045.878
1045.443
1048.001
1053.769
1054.082
1058.550
1054.764
1056.614
1051.570
1045.509
1049.330
1045.282
1047.203
1050.402
1038.939
1043.442
1031.622
1034.101
1032.196
1031.433
1038.597
1035.567
1029.482
1033.512
1044.460
1044.386
1046.121
1046.681
1043.384
1036.758
1029.776
1039.656
1039.156
1034.450
1038.098
1042.630
1047.534
1037.788
1036.230
1034.259
1033.400
1035.644
1039.634
1040.620
1038.066
1026.490
1027.116
1029.375
1027.250
1022.369
1015.999
1025.564
1033.076
1024.218
1027.015
1030.081
1038.642
1038.209
1038.416
1032.375
1028.844
1027.863
1020.693
1023.446
1026.977
1023.901
1029.775
1026.039
1017.045
1012.593
1015.916
1021.605
1021.379
1018.636
1029.085
1014.805
1014.020
1000.485
1003.166
1003.458
1006.419
1002.667
1004.516
1008.549
1005.276
1010.149
1003.251
1009.921
1014.822
1025.849
1020.636
1023.366
1025.460
1031.331
1032.724
1021.364
1031.045
1031.907
1027.193
1015.943
1014.948
1014.370
1023.901
1028.915
1027.760
1034.699
1029.460
1033.987
1038.017
1032.830
1029.957
1031.835
1033.932
1040.903
1043.525
1034.043
1030.873
1030.494
1034.321
1034.052
1031.165
1024.031
1020.569
1017.058
1016.216
1023.811
1030.615
1031.714
1031.521
1039.494
1040.334
1053.368
1056.059
1046.541
1047.080
1040.601
1034.373
1045.813
1046.500
1046.881
1049.147
1049.338
1049.396
1047.475
1040.047
1042.808
1038.843
1033.318
1034.762
1030.762
1033.954
1027.770
1019.743
1027.520
1024.837
1015.152
1010.997
1014.737
1011.683
1011.428
1003.459
1005.862
1009.447
1009.231
1019.238
1019.399
1021.043
1026.959
1025.731
1021.777
1023.104
1018.001
1018.092
1027.777
1024.111
1028.188
1013.090
1008.082
1012.788
1014.757
1018.369
1016.971
1020.755
1025.641
1020.911
1021.999
1022.240
1022.328
1026.059
1024.295
1026.799
1014.670
1015.060
1007.662
1006.738
1007.962
1011.327
1018.241
1017.264
1030.402
1030.899
1030.161
1011.888
1024.610
1022.923
1022.496
1019.997
1022.300
1021.820
1017.631
1023.726
1028.303
1027.360
1028.538
1035.565
1033.553
1028.245
1034.855
1033.510
1039.635
1042.764
1049.241
1049.115
1055.658
1049.189
1052.772
1053.836
1052.775
1047.071
1049.467
1048.028
1046.228
1057.415
1053.271
1041.102
1033.429
1050.151
1044.186
1044.319
1056.801
1057.107
1049.436
1053.553
1062.579
1056.530
1049.678
1057.351
1048.744
1047.154
1052.501
1045.019
1052.598
1052.872
1047.500
1042.661
1045.556
1048.097
1049.889
1049.692
1048.595
1044.938
1050.896
1055.277
1052.562
1059.190
1061.289
1063.978
1065.979
1063.410
1058.973
1060.795
1067.155
1063.612
1066.279
1059.845
1066.943
1072.395
1067.243
1070.830
1071.059
1065.251
1058.067
1060.328
1058.856
1053.157
1050.446
1065.267
1049.780
1048.829
1041.922
1046.599
1051.956
1048.535
1045.122
1048.319
1058.181
1053.933
1049.546
1057.200
1044.130
1040.077
1044.848
1036.869
1034.731
1036.511
1027.890
1031.436
1047.597
1064.652
1056.401
1052.844
1051.172
1044.308
1039.781
1045.527
1039.842
1040.391
1025.094
1028.884
1023.484
1025.933
1019.811
1035.466
1033.250
1029.737
1025.186
1037.667
1036.579
1035.151
1031.808
1028.302
1028.373
1024.226
1036.855
1044.209
1042.587
1048.222
1032.568
1032.400
1033.267
1037.904
1039.517
1046.690
1050.460
1057.043
1053.643
1056.488
1044.089
1047.762
1049.954
1047.308
1039.282
1040.570
1041.626
1050.443
1046.675
1048.705
1053.432
1058.421
1058.311
1053.374
1054.480
1065.359
1061.562
1062.514
1060.612
1044.479
1049.424
1050.326
1048.163
1055.282
1061.597
1067.432
1059.107
1066.403
1061.073
1067.851
1082.024
1072.213
1066.367
1072.759
1067.629
1067.100
1063.592
1067.306
1069.403
1075.895
1068.420
1070.856
1067.792
1059.982
1052.845
1062.067
1064.780
1069.237
1057.559
1058.109
1048.237
1052.496
1051.039
1048.779
1042.861
1050.981
1059.732
1053.337
1057.750
1055.576
1056.211
1046.036
1042.273
1042.809
1046.728
1044.899
1046.503
1046.256
1036.514
1033.698
1041.445
1049.777
1054.592
1059.125
1050.041
1037.243
1046.093
1049.943
1050.951
1047.904
1046.716
1037.807
1040.663
1042.329
1042.268
1035.843
1028.724
1012.020
1021.923
1022.880
1023.403
1025.922
1019.231
1027.635
1028.424
1018.656
1018.298
1022.236
1015.811
1011.071
1014.158
1009.171
1013.668
1013.617
1016.724
1012.989
1013.732
1008.873
1007.382
1003.308
1014.431
1015.424
1013.568
1014.982
1008.890
1015.793
1015.252
1019.688
1020.044
1025.488
1023.392
1013.232
1018.231
1012.586
1013.686
1019.883
1020.996
1012.428
1004.368
1012.595
1016.172
1015.474
1020.513
1021.897
1016.182
1015.667
1018.216
1019.434
1020.053
1019.397
1017.503
1014.036
1002.371
993.231
1004.661
1003.572
1001.359
1003.830
1003.549
991.166
993.496
1002.058
1000.577
992.143
992.768
1004.203
1003.233
995.363
997.197
987.982
989.102
992.230
995.000
993.515
986.954
986.282
995.892
992.079
994.326
994.877
1011.872
1007.069
1007.960
1016.217
1011.419
1013.747
1015.534
1012.064
1017.637
1016.695
1024.412
1021.554
1016.691
1023.634
1018.926
1023.446
1026.730
1025.208
1025.084
1023.548
1029.323
1034.202
1028.485
1028.302
1028.094
1023.239
1023.491
1022.491
1025.676
1017.822
1017.793
1025.607
1037.511
1034.479
1032.210
1029.219
1034.841
1031.223
1039.249
1043.957
1040.306
1032.924
1037.785
1034.773
1038.554
1052.202
1053.889
1047.129
1042.532
1043.322
1051.296
1046.330
1034.406
1033.252
1033.755
1037.002
1025.456
1018.301
1019.581
1029.437
1032.319
1027.010
1032.009
1030.086
1028.485
1025.390
1023.928
1025.859
1031.662
1037.652
1044.423
1047.054
1050.998
1047.078
1052.816
1045.800
1052.350
1046.736
1048.702
1046.790
1050.877
1050.340
1047.850
1044.543
1050.405
1057.326
1048.853
1058.454
1058.014
1045.422
1040.811
1042.103
1042.804
1044.392
1047.608
1054.893
1048.417
1062.387
1062.640
1053.347
1049.509
1045.932
1044.494
1039.612
1039.514
1038.234
1050.222
1048.645
1038.906
1036.891
1044.412
1044.750
1040.599
1044.219
1044.128
1044.972
1051.556
1056.906
1056.287
1050.841
1054.879
1050.015
1050.882
1051.714
1047.228
1052.872
1060.022
1057.391
1053.963
1063.443
1056.937
1055.109
1056.997
1070.149
1061.940
1057.556
1052.341
1057.109
1060.287
1056.178
1056.936
1066.109
1060.717
1061.153
1056.311
1062.470
1057.707
1051.408
1051.564
1045.479
1053.275
1058.639
1064.585
1064.072
1052.195
1055.437
1053.973
1048.517
1047.268
1045.179
1045.437
1046.083
1042.886
1044.541
1040.465
1036.649
1034.652
1036.410
1036.981
1042.364
1034.252
1026.315
1029.625
1030.241
1031.587
1034.495
1032.324
1037.288
1047.692
1044.460
1038.486
1032.341
1028.843
1023.577
1024.129
1021.029
1023.051
1035.659
1028.937
1023.648
1024.609
1028.362
1039.609
1040.933
1038.723
1042.782
1049.787
1041.151
1040.723
1032.125
1026.540
1030.283
1037.280
1042.733
1030.256
1035.353
1036.005
1032.857
1026.467
1029.541
1028.319
1029.393
1037.834
1029.766
1033.041
1026.752
1042.609
1047.525
1044.857
1044.515
1050.654
1056.688
1055.379
1055.068
1057.937
1067.974
1067.219
1069.299
1068.980
1070.706
1076.377
1071.570
1064.486
1063.238
1057.408
1054.024
1048.989
1038.612
1035.596
1045.586
1040.424
1041.851
1042.761
1048.767
1049.776
1052.288
1051.923
1044.043
1044.191
1049.695
1041.742
1053.236
1062.203
1056.957
1048.687
1042.472
1042.397
1049.645
1057.927
1051.492
1049.476
1052.699
1042.954
1036.959
1037.333
1037.183
1031.521
1030.783
1034.573
1029.047
1035.672
1035.784
1031.862
1040.834
1035.185
1037.259
1051.029
1047.467
1037.435
1031.028
1042.796
1047.162
1056.233
1046.645
1039.968
1043.975
1040.381
1034.140
1036.477
1039.358
1039.927
1037.140
1047.428
1048.229
1046.505
1048.661
1040.088
1042.393
1041.806
1043.559
1045.009
1034.836
1029.034
1025.108
1029.116
1030.543
1036.250
1037.994
1036.434
1037.248
1033.652
1045.657
1043.809
1037.666
1039.842
1049.018
1027.451
1040.401
1038.578
1025.948
1025.600
1020.470
1015.062
1018.498
1018.260
1006.336
1015.069
1012.102
1014.640
1014.876
1017.400
1027.357
1022.100
1022.213
1009.045
1008.879
1012.839
1019.956
1030.018
1032.743
1031.642
1032.826
1025.978
1029.535
1028.065
1025.478
1031.662
1028.574
1026.884
1021.220
1017.563
1016.524
1021.485
1027.655
1019.169
1028.162
1033.858
1032.321
1035.662
1039.668
1032.951
1032.853
1029.540
1036.594
1038.873
1043.120
1027.427
1039.388
1034.619
1037.457
1038.652
1035.335
1029.883
1018.489
1033.402
1037.023
1041.549
1036.840
1036.957
1040.137
1044.277
1041.714
1038.115
1037.293
1043.489
1046.150
1046.964
1052.929
1053.862
1053.686
1042.309
1043.800
1051.914
1048.116
1049.608
1055.735
1050.571
1047.230
1050.259
1047.337
1049.380
1049.875
1054.763
1043.889
1037.045
1032.552
1039.421
1037.466
1039.163
1045.353
1042.149
1036.554
1040.969
1044.780
1045.192
1034.048
1024.485
1018.879
1022.038
1026.970
1014.309
1014.548
1013.204
1009.769
1016.358
1016.875
1020.390
1020.658
1032.840
1026.336
1021.950
1026.229
1021.996
1016.564
1020.025
1030.220
1031.097
1026.942
1033.518
1032.577
1028.933
1034.531
1028.543
1022.687
1031.054
1026.890
1032.903
1032.141
1026.282
1027.750
1025.757
1028.820
1035.403
1036.125
1032.940
1024.220
1023.396
1029.301
1028.953
1018.061
1019.141
1013.752
1020.872
1020.754
1018.065
1021.795
1018.897
1009.045
1008.253
1014.518
1005.651
1005.641
1004.420
1004.867
1003.045
997.706
1000.868
1008.014
1014.771
1013.676
1009.650
1014.788
1016.875
1024.359
1020.708
1020.690
1016.071
1020.305
1010.103
1016.839
1022.587
1025.105
1027.721
1032.729
1033.124
1031.043
1025.179
1014.257
1016.225
1015.985
1025.717
1030.450
1033.459
1024.976
1020.047
1013.937
1017.381
1018.490
1021.719
1023.410
1013.049
1013.095
1006.888
1006.961
1008.393
1012.536
1011.923
1013.361
1024.789
1027.814
1030.127
1023.706
1031.761
1025.905
1040.804
1041.269
1032.372
1037.316
1034.364
1028.187
1028.171
1018.859
1019.250
1010.616
1015.330
1004.894
1005.118
1012.020
1015.713
1013.446
1007.547
1006.386
1008.712
1009.007
1007.647
1001.061
1002.933
1009.132
1003.839
1013.216
1010.861
1016.891
1018.464
1022.098
1015.955
1005.390
1003.855
1007.931
1012.601
1010.305
1012.130
1014.532
1020.257
1024.339
1014.372
1014.461
1018.358
1020.869
1029.683
1025.245
1027.656
1025.446
1023.965
1021.238
1008.535
1017.698
1019.484
1022.839
1018.293
1015.422
1017.977
1018.000
1026.602
1024.458
1017.066
1020.238
1020.687
1015.358
1022.751
1026.159
1030.234
1026.802
1023.700
1024.584
1021.244
1021.427
1028.507
1023.385
1016.047
1018.643
1007.426
1013.231
1015.415
1016.925
1008.829
1018.325
1006.964
1017.857
1016.618
1014.823
1017.746
1012.476
1005.869
1011.558
1016.171
1007.527
1003.077
999.761
998.227
1013.196
1012.268
1008.856
1010.828
1009.014
1010.586
1006.578
992.627
1003.965
1005.483
1007.791
1003.319
1002.362
1000.620
1007.210
1005.951
1005.109
998.453
1005.770
984.433
986.431
1005.070
1001.984
991.419
992.828
998.219
997.754
1004.339
997.318
1004.050
1011.148
1012.950
1016.737
1010.788
1015.365
1016.041
1012.529
1017.274
1006.540
1008.476
1008.474
1009.216
1004.568
1009.048
1010.300
1005.478
1016.337
1016.330
1016.931
1021.210
1018.079
1015.425
1017.024
1008.309
1004.746
1012.920
1008.124
1008.620
1015.856
1015.077
1013.918
1013.416
1018.193
1028.031
1024.198
1024.701
1029.684
1030.705
1028.896
1023.898
1021.945
1028.084
1031.212
1041.864
1042.855
1037.463
1038.938
1044.196
1037.231
1032.575
1033.157
1035.140
1034.331
1026.423
1033.353
1034.190
1035.534
1038.836
1048.331
1049.466
1037.713
1030.545
1025.373
1022.577
1011.987
1019.765
1024.095
1024.268
1019.293
1019.866
1036.924
1033.815
1033.310
1031.596
1034.084
1033.260
1040.672
1047.024
1042.356
1037.495
1027.882
1027.226
1040.487
1040.442
1035.319
1034.537
1031.387
1029.982
1035.397
1035.959
1033.137
1027.853
1036.433
1035.185
1024.314
1018.936
1007.820
1006.050
1002.996
1000.542
1003.716
1006.017
1007.931
1017.801
1022.883
1021.663
1014.764
1010.502
1014.726
1013.819
1008.353
1009.925
1009.923
1009.347
1003.594
1006.853
1005.009
1012.303
1006.624
1010.457
1012.611
1020.458
1023.554
1026.177
1031.504
1022.887
1030.078
1019.410
1021.710
1015.721
1013.896
1017.369
1015.198
1021.500
1019.993
1017.785
1016.228
1022.408
1022.764
1029.874
1034.833
1024.563
1019.982
1009.644
1007.266
1007.436
1005.411
1014.357
1016.731
1019.561
1024.070
1028.638
1032.486
1031.453
1024.445
1018.379
1018.643
1016.774
1006.249
1007.407
1004.422
1005.560
1014.667
1023.536
1020.324
1014.626
1017.760
1017.836
1024.923
1009.444
1011.019
1021.632
1023.738
1022.826
1018.572
1013.533
1014.388
1020.328
1033.751
1033.120
1034.967
1032.315
1032.966
1040.952
1037.729
1033.191
1038.779
1034.955
1032.200
1026.735
1029.536
1031.411
1029.298
1028.462
1036.876
1043.359
1048.036
1051.736
1047.586
1055.539
1055.307
1048.995
1047.453
1048.249
1049.385
1050.910
1039.950
1032.782
1032.007
1033.787
1027.869
1027.535
1032.290
1021.717
1021.544
1027.657
1032.238
1028.225
1024.560
1024.241
1025.795
1026.992
1034.428
1035.602
1030.664
1031.547
1022.308
1031.466
1028.858
1016.489
1015.409
1023.338
1026.124
1030.232
1027.377
1018.581
1021.108
1015.858
1014.973
1024.526
1029.415
1040.801
1039.586
1037.274
1028.541
1020.688
1023.253
1026.787
1034.500
1038.268
1035.408
1033.204
1028.478
1018.267
1020.328
1022.652
1022.362
1017.627
1017.737
1012.369
1010.232
1019.800
1010.868
1005.607
1009.602
1012.320
1016.542
1019.843
1019.501
1026.254
1029.557
1028.258
1029.332
1028.075
1026.388
1023.657
1016.488
1019.272
1021.793
1022.727
1034.166
1022.584
1023.052
1020.141
1015.502
1018.433
1023.857
1021.954
1025.254
1028.992
1027.505
1033.634
1044.858
1027.055
1034.444
1041.653
1044.394
1033.675
1026.988
1026.000
1028.270
1030.174
1036.628
1021.896
1023.391
1026.698
1033.632
1038.122
1034.603
1035.307
1027.464
1025.773
1035.922
1029.036
1030.446
1029.834
1027.023
1030.278
1031.573
1030.598
1034.484
1029.799
1030.682
1030.870
1032.229
1030.093
1031.045
1024.952
1031.030
1027.698
1026.551
1030.291
1024.546
1026.684
1027.839
1020.951
1025.589
1028.733
1027.157
1035.529
1026.253
1016.598
1020.240
1016.522
1010.734
1014.350
1014.152
1015.329
1019.608
1026.269
1016.447
1020.891
1015.799
1006.730
1012.041
1018.209
1009.990
1012.453
1022.907
1024.054
1021.451
1015.419
1008.815
1017.609
1027.692
1024.264
1019.278
1026.450
1029.408
1030.275
1022.386
1024.811
1028.280
1029.775
1020.231
1021.306
1018.644
1014.106
1004.218
1006.227
1010.730
1014.889
1017.656
1015.843
1016.074
1015.597
1011.739
1009.141
1006.590
1012.793
992.912
998.185
991.535
991.236
985.111
981.412
977.787
989.170
988.406
990.485
993.267
994.830
993.946
986.879
984.963
979.030
981.126
987.180
993.851
986.626
985.101
990.705
995.692
997.637
996.613
1007.388
1007.317
1008.054
1010.909
1010.875
1013.843
1014.879
1013.128
999.004
997.506
1008.834
1017.106
1014.211
1011.301
1015.171
1008.547
999.246
992.708
999.199
1013.742
1003.603
1004.028
1004.112
1008.378
1012.507
1018.488
1019.492
1018.643
1018.077
1023.648
1021.138
1023.574
1010.694
1011.705
1013.886
1016.571
1023.397
1020.157
1019.980
1016.240
1014.417
1014.521
1016.982
1014.757
1015.442
1017.278
1019.493
1023.779
1018.771
1016.296
1023.670
1022.771
1021.424
1026.507
1033.966
1024.881
1018.975
1017.298
1025.888
1022.748
1021.803
1017.378
1026.871
1023.889
1020.055
1010.638
1019.452
1017.147
1017.537
1006.121
1015.772
1009.340
1007.705
1007.222
1009.983
1006.294
1007.563
1011.222
1013.453
1004.176
1004.442
989.376
989.787
997.275
1001.990
999.083
999.787
998.563
998.420
996.382
1000.181
1000.078
1001.624
997.713
996.441
999.535
1000.966
1004.625
1001.723
1006.126
1000.086
1001.535
1011.427
1007.483
1000.812
1003.340
1011.710
1004.693
1005.262
1009.169
1003.785
1008.951
1005.962
1012.867
1013.843
1014.376
1016.814
1016.970
1007.769
1007.143
1018.900
1014.758
1009.611
1011.136
1011.176
