714.125
711.866
709.678
711.201
711.277
712.076
711.835
715.626
716.698
712.820
716.101
715.854
706.751
712.760
715.367
713.682
711.942
715.584
712.974
715.399
712.162
714.230
712.606
712.290
712.784
709.708
712.825
708.747
712.122
711.228
712.334
710.286
708.635
710.221
711.402
715.486
714.309
714.568
713.790
714.344
715.604
709.234
713.121
714.288
712.376
714.098
713.882
713.064
715.059
716.976
714.085
716.021
714.684
713.313
713.357
712.723
712.836
715.455
716.818
710.359
716.332
711.901
714.957
713.944
714.563
713.322
712.798
713.796
712.113
712.368
712.447
711.218
710.809
712.128
712.843
715.355
712.309
708.467
713.481
709.718
712.244
710.852
714.858
711.028
713.115
709.928
713.189
714.446
714.489
712.797
712.405
717.010
712.731
714.550
715.211
711.820
710.909
711.184
709.796
715.894
715.079
712.831
714.599
711.907
715.024
710.319
709.512
711.263
712.989
713.862
710.347
711.377
707.967
711.097
711.425
709.614
712.682
715.497
711.931
714.772
715.608
712.276
712.787
710.959
710.729
712.316
711.636
718.088
715.959
715.005
712.898
718.676
715.773
717.646
715.861
717.212
715.365
712.217
714.184
714.159
714.768
715.927
717.079
713.391
715.875
714.068
718.235
715.683
709.096
716.123
715.868
713.931
713.085
712.111
713.412
715.541
710.731
709.395
713.509
712.850
712.888
712.181
711.870
711.414
714.654
710.873
706.019
709.011
711.570
710.745
710.432
711.992
710.697
709.299
715.102
711.064
712.200
716.431
713.747
712.531
709.252
711.946
710.795
713.967
711.521
709.176
711.819
706.770
709.629
711.928
710.248
708.245
713.878
707.934
711.185
709.522
710.278
707.487
705.539
711.719
711.824
707.498
710.538
705.993
707.882
708.886
708.391
710.084
708.866
709.679
710.542
711.958
710.726
707.453
712.948
707.347
707.578
711.540
709.293
708.902
708.600
707.111
706.732
706.882
712.459
708.720
708.485
707.643
707.063
708.243
709.939
709.106
708.679
707.957
708.031
707.080
708.342
708.249
707.881
708.967
711.278
713.735
711.296
708.310
708.046
710.028
705.852
704.365
706.291
704.474
709.706
708.209
708.531
712.563
705.884
706.679
712.888
712.503
709.792
708.005
709.147
709.139
709.221
708.357
709.590
710.564
710.468
711.617
712.132
711.340
708.078
707.887
707.712
707.529
709.566
708.999
710.712
710.669
710.481
706.751
709.519
706.976
705.875
706.467
706.840
711.373
709.395
710.133
711.735
711.474
710.858
707.463
711.780
710.480
711.935
713.210
709.938
712.881
711.312
707.580
713.265
718.062
709.699
711.383
709.311
714.036
710.082
706.793
706.981
709.509
711.951
709.500
711.740
711.565
710.381
712.404
708.059
710.861
712.983
715.322
708.954
711.578
718.693
711.152
712.210
712.473
714.050
711.943
718.039
713.284
711.113
713.079
713.241
710.858
712.936
711.124
709.402
707.134
710.354
712.608
713.581
714.573
717.891
714.445
715.156
712.112
714.659
713.149
712.611
711.598
709.649
710.919
710.642
712.632
712.706
712.908
714.718
712.024
715.427
712.787
710.682
714.311
709.754
711.424
714.696
709.491
711.883
710.860
711.781
715.613
716.961
716.802
712.463
712.617
716.874
714.019
714.632
710.704
714.124
709.292
714.994
715.043
716.362
715.664
716.682
715.916
714.112
716.712
714.649
717.462
714.718
713.053
713.389
716.668
718.642
716.276
714.928
708.306
714.969
715.891
717.262
716.501
715.556
714.253
713.437
715.399
715.039
714.371
713.933
713.727
717.656
718.856
720.505
717.552
720.941
719.455
715.380
716.234
715.297
716.088
718.796
715.592
716.010
713.332
718.432
715.928
719.405
720.461
720.126
720.047
717.393
718.264
719.046
719.705
717.927
716.270
715.685
714.967
716.055
716.221
714.450
712.184
713.270
711.434
714.436
713.161
717.269
712.019
712.275
714.254
714.897
712.497
717.988
712.626
715.231
717.853
712.862
715.962
714.504
713.777
717.196
710.614
710.318
713.026
712.294
712.218
714.186
715.576
714.192
714.180
716.571
714.662
715.952
712.907
716.113
713.276
712.847
715.454
715.770
719.881
718.928
717.356
718.565
716.985
720.615
720.043
719.972
718.550
714.512
713.663
712.353
715.904
718.185
716.231
720.026
716.705
712.938
716.926
715.167
717.069
710.635
713.435
714.442
714.663
710.676
712.227
713.480
714.145
713.303
711.000
712.308
709.849
713.721
713.556
712.313
711.404
712.662
710.986
713.053
713.368
710.644
711.382
710.115
709.396
712.477
711.436
712.923
712.525
711.726
713.960
712.769
711.104
714.829
715.403
715.845
715.244
713.093
711.859
714.894
714.586
716.863
717.693
715.267
716.863
716.566
714.675
714.005
714.513
713.518
715.880
716.119
715.281
714.018
714.256
712.292
714.794
712.564
716.792
714.420
713.605
714.175
717.394
717.167
717.644
716.890
713.467
717.747
713.969
716.227
715.103
717.164
715.025
714.318
715.660
710.381
710.820
715.693
713.031
716.317
715.874
713.155
715.687
711.868
715.139
711.443
714.037
712.435
710.509
714.425
716.670
712.455
716.089
716.667
714.599
713.939
712.109
706.365
717.403
716.613
712.832
710.647
715.504
711.760
710.762
711.141
711.653
711.004
711.368
712.694
712.962
710.032
709.334
708.553
713.553
712.908
711.392
715.122
710.185
708.719
709.986
715.839
708.222
708.818
708.465
705.984
710.187
715.363
710.018
709.659
708.693
710.483
706.704
707.089
706.837
705.578
708.004
712.591
710.654
713.040
709.859
707.436
709.471
710.433
710.794
705.807
712.078
714.428
711.113
708.186
706.733
707.644
708.925
712.254
711.813
708.807
707.252
710.429
712.498
711.163
706.197
709.811
707.270
704.829
705.602
704.250
708.342
704.908
706.341
707.789
708.516
706.964
712.128
709.622
711.325
709.137
709.066
708.635
708.857
707.088
710.250
711.753
707.131
710.538
703.495
713.076
709.888
708.461
710.651
712.785
712.450
712.617
713.102
710.037
713.174
708.083
711.501
711.697
709.862
710.098
711.960
711.888
710.851
709.533
711.016
710.922
712.922
712.092
712.438
710.538
709.129
710.136
711.592
709.327
713.286
716.348
717.068
717.511
715.738
713.399
714.577
711.416
715.700
710.805
709.501
713.836
714.141
718.913
710.490
711.772
715.278
712.512
711.470
715.189
716.436
711.138
716.249
715.783
714.366
717.541
716.717
711.853
713.538
712.707
715.472
716.358
720.035
717.062
713.490
716.241
714.993
715.125
716.980
718.048
717.562
716.472
716.548
714.697
722.137
718.837
717.137
716.748
711.940
714.181
715.328
717.979
716.873
719.582
721.370
719.878
713.628
716.972
715.358
719.272
720.323
715.194
715.737
716.325
718.038
720.843
719.358
715.714
717.771
717.427
716.770
714.021
717.722
717.055
717.398
718.273
720.507
723.402
718.734
718.756
716.129
717.675
715.891
718.422
719.889
714.168
714.551
713.403
720.175
720.049
715.100
717.308
716.311
720.232
718.495
715.167
716.374
716.593
713.674
715.527
716.753
717.673
718.303
718.081
719.878
718.144
715.618
721.016
717.693
716.094
714.657
714.895
723.365
719.016
717.526
716.377
715.659
713.155
713.643
714.228
713.738
715.723
716.652
716.864
716.942
716.589
716.878
715.357
715.917
713.283
716.526
716.797
716.541
714.529
715.205
715.915
716.121
711.287
715.311
719.366
716.773
716.651
718.166
717.756
716.230
718.429
719.290
717.040
717.298
716.806
718.362
715.858
715.900
718.021
715.839
714.545
716.861
714.679
716.836
716.002
719.450
717.143
716.523
718.996
717.587
714.369
717.985
715.433
715.552
718.681
717.582
713.813
717.745
717.094
717.744
713.734
714.205
715.714
715.093
714.209
713.393
714.586
714.987
717.115
717.889
713.896
716.670
716.410
715.921
713.335
718.445
714.112
717.932
714.676
713.974
715.475
717.256
714.051
718.304
716.191
717.279
716.736
717.732
715.413
714.761
717.166
716.581
714.713
716.677
718.808
717.772
716.056
720.280
718.500
719.528
718.648
721.585
721.785
722.634
719.260
724.843
719.449
723.717
724.243
721.131
720.621
718.626
718.742
722.912
723.643
720.898
720.040
719.661
716.176
719.446
723.858
719.463
722.231
720.577
723.271
720.749
719.637
720.078
720.944
722.110
720.015
721.964
719.791
718.448
721.278
718.259
719.904
719.062
718.532
717.894
718.829
715.842
722.431
717.458
721.676
722.187
713.555
717.189
718.923
717.628
721.901
721.560
723.087
726.769
721.738
721.171
716.969
720.447
719.514
720.145
721.831
722.365
722.155
721.506
720.743
719.082
720.068
723.157
721.041
716.623
719.192
718.100
714.930
713.840
715.832
716.653
716.107
715.294
714.556
713.145
716.949
718.761
712.692
717.676
716.092
712.832
714.405
716.271
716.046
714.083
721.301
714.728
719.050
712.778
720.011
712.348
715.153
716.818
715.849
718.443
715.747
714.662
717.221
715.013
718.033
713.638
712.663
711.805
712.446
713.521
715.805
713.132
715.086
717.523
710.386
709.692
714.800
710.233
712.069
712.745
710.005
712.100
713.987
714.904
717.269
713.259
716.213
719.199
718.912
716.021
712.511
719.118
718.358
713.792
714.100
715.285
714.759
713.340
718.606
717.629
712.304
715.019
718.041
716.611
721.118
717.194
715.674
714.683
716.414
716.070
714.441
718.081
715.775
718.055
722.078
720.342
720.757
717.074
718.988
715.143
717.760
714.798
717.249
714.673
713.909
715.629
716.572
719.515
716.566
717.211
719.569
718.024
716.657
717.908
716.479
715.706
715.833
716.480
714.371
715.578
713.588
715.147
716.856
716.812
715.721
713.849
714.295
716.725
717.415
714.490
713.292
714.787
714.843
713.686
717.165
711.272
714.154
715.758
716.183
713.983
711.277
718.132
715.892
717.952
715.515
710.426
713.177
714.495
713.300
717.674
717.410
717.154
720.843
721.563
716.237
718.061
718.020
712.036
716.908
710.696
715.368
718.621
718.686
717.505
712.809
714.177
716.093
720.548
715.071
715.432
714.436
714.593
710.936
714.931
714.979
720.717
714.875
717.565
718.369
714.945
716.486
716.915
717.471
716.755
718.826
717.772
713.974
713.585
719.982
719.790
719.271
718.590
719.546
716.256
715.542
713.566
721.779
716.843
721.039
718.470
715.137
716.657
716.812
718.576
714.994
717.585
717.705
718.227
714.711
717.480
713.802
712.510
718.321
721.769
719.483
715.790
723.940
715.630
716.539
716.613
721.437
718.284
721.246
716.149
719.494
718.021
719.335
717.988
717.570
718.266
716.114
718.981
720.369
723.628
718.396
723.222
721.757
722.449
718.612
717.389
717.092
720.947
722.738
719.015
718.195
718.536
719.132
717.745
718.984
717.844
720.443
715.351
716.083
714.790
720.659
716.718
718.090
717.578
719.723
716.504
719.086
714.637
720.345
716.997
720.636
713.809
714.692
714.296
711.670
714.668
712.905
717.754
716.640
714.980
714.697
712.118
715.238
713.787
709.009
715.400
716.413
717.149
719.800
716.230
717.599
712.727
712.172
715.161
717.914
715.400
717.498
713.803
717.400
712.824
715.876
717.262
716.970
718.719
715.642
718.607
715.198
717.494
716.212
718.452
715.827
719.445
719.842
720.944
717.519
717.097
715.927
720.000
715.806
718.732
720.504
715.941
717.161
713.148
712.203
716.632
718.235
716.622
718.138
718.759
717.654
720.293
718.058
722.960
717.856
721.238
722.120
721.701
718.317
718.989
718.633
718.525
716.810
716.383
721.536
718.783
720.073
717.149
717.698
719.791
714.870
717.639
721.683
715.570
719.628
716.861
717.011
719.569
719.514
719.605
718.577
716.593
719.994
716.499
715.521
713.653
712.267
716.534
714.772
710.296
713.248
715.219
717.705
715.547
716.127
713.141
718.343
713.446
711.216
713.550
716.620
715.221
718.629
713.560
715.876
715.384
716.746
710.092
717.586
716.438
716.966
715.927
717.160
711.904
714.372
714.355
716.696
716.952
716.813
718.515
716.116
715.168
715.729
720.295
718.942
715.477
717.366
718.233
720.031
720.144
718.528
718.288
712.752
715.508
716.515
717.531
716.922
714.766
714.541
719.080
716.128
719.867
717.971
718.869
709.748
713.417
713.728
712.275
708.093
710.056
716.129
718.175
718.007
711.838
714.090
716.425
716.674
713.185
712.523
713.139
714.129
715.153
715.292
712.351
711.874
720.218
714.097
717.183
710.728
711.153
716.713
714.529
713.420
714.518
714.770
715.205
712.563
716.700
713.761
712.542
713.832
717.240
713.930
713.470
712.951
708.147
713.345
715.007
713.425
712.290
710.135
709.676
708.349
708.554
710.343
708.107
711.523
711.821
708.386
711.782
707.223
712.013
715.866
712.834
711.635
709.026
709.181
710.713
707.303
709.983
708.705
710.505
705.920
707.292
709.680
707.942
711.175
707.687
710.402
711.898
715.994
711.551
709.615
709.367
704.158
711.150
707.957
707.337
709.370
711.128
710.615
712.426
709.400
711.784
712.843
714.877
709.314
710.250
709.335
712.468
708.747
709.179
712.114
711.524
711.243
713.369
710.724
713.686
713.456
711.075
711.088
707.164
710.609
712.117
715.551
714.737
713.305
712.511
708.870
713.405
712.611
709.491
710.977
713.400
712.693
708.350
706.469
710.517
713.370
710.144
708.084
712.757
707.561
708.872
714.455
712.087
711.812
711.345
714.408
711.010
713.622
712.196
716.189
710.471
708.085
709.390
708.320
709.356
708.220
708.154
705.899
707.379
704.959
710.188
709.430
714.094
711.438
709.603
708.027
709.326
709.567
708.018
713.926
708.644
709.783
709.916
708.326
710.437
709.489
710.956
710.744
707.536
706.686
706.720
709.935
710.748
709.871
706.116
707.536
709.541
710.156
712.123
710.330
711.116
713.467
710.114
712.600
711.788
707.207
710.093
706.950
707.228
705.627
707.704
710.363
709.516
711.648
709.628
709.027
709.774
710.115
709.632
704.604
709.971
707.204
707.569
707.746
702.592
705.641
706.002
708.426
709.053
708.298
708.604
709.472
711.791
707.846
708.692
706.300
711.876
709.872
710.463
709.041
710.417
708.863
715.574
710.983
710.443
713.648
713.901
712.128
713.429
711.546
711.497
713.936
713.313
712.916
712.130
709.721
713.729
715.849
714.916
716.009
721.867
714.007
712.800
714.136
713.661
712.975
715.508
715.009
718.672
714.204
716.954
716.078
717.787
716.267
714.737
711.986
713.724
711.916
714.293
715.653
714.718
713.403
714.037
717.590
716.650
713.055
714.264
715.670
713.988
718.654
715.635
714.541
709.660
712.869
705.315
709.158
710.697
712.251
712.049
710.890
712.642
711.243
712.932
712.616
713.655
711.358
710.241
712.522
707.729
708.204
712.221
711.035
709.949
711.692
711.966
716.481
710.313
710.664
710.490
708.953
712.328
708.993
707.518
708.673
707.582
712.307
713.530
714.870
707.757
708.058
708.551
710.479
712.378
708.005
706.570
710.334
709.700
709.239
708.409
708.074
708.022
710.073
711.733
710.969
709.047
709.608
708.736
707.966
713.852
707.061
711.684
707.449
708.110
709.297
708.986
708.497
708.948
709.705
708.318
713.124
708.525
711.120
706.200
711.369
710.310
706.610
717.596
712.022
710.285
711.128
708.389
709.939
712.643
710.367
713.048
716.010
714.631
708.819
714.860
711.090
709.840
711.478
714.353
710.700
712.601
712.008
712.401
712.748
711.493
711.680
712.642
712.884
714.885
712.740
712.101
716.922
712.933
713.088
714.536
713.347
713.414
712.442
715.773
711.174
714.492
712.982
712.476
713.130
713.452
711.689
716.869
714.333
713.547
715.077
717.998
713.548
718.730
714.875
717.436
716.633
720.293
718.711
714.898
717.271
714.661
717.146
714.367
713.919
718.085
718.480
719.516
714.015
715.937
717.893
716.178
719.727
713.093
712.598
715.297
715.365
717.187
719.007
717.893
713.945
718.521
718.032
719.337
717.983
719.540
723.185
718.472
719.202
722.472
718.937
718.406
717.951
714.276
717.824
714.943
714.712
716.723
717.102
716.611
714.912
716.114
715.782
716.370
718.234
713.976
715.494
710.570
714.598
717.688
718.443
716.211
719.771
716.173
718.113
716.052
720.738
722.449
718.729
717.113
717.777
717.800
717.363
718.239
718.774
715.128
718.955
714.376
720.966
720.574
716.525
721.316
718.615
715.470
715.162
718.524
716.752
713.672
715.541
710.819
716.182
716.771
718.953
723.040
718.433
718.021
716.222
716.566
715.605
716.007
719.207
723.751
720.003
719.980
718.452
723.718
718.944
721.263
717.989
723.174
722.229
721.031
719.998
719.319
720.098
717.681
718.679
721.515
717.197
716.843
715.428
712.242
714.101
715.683
718.051
714.779
716.994
718.312
718.424
718.668
720.137
716.576
717.442
718.546
714.598
720.561
720.172
717.525
721.369
719.570
723.110
717.816
719.653
715.894
710.286
713.879
716.537
719.571
713.833
717.459
719.291
718.959
718.432
719.664
718.377
722.331
723.379
718.926
721.880
717.379
719.186
717.108
719.511
718.319
719.270
723.214
718.905
719.730
720.890
721.318
721.470
717.241
720.485
717.946
711.966
714.085
717.546
715.814
712.901
718.450
719.515
718.421
720.771
718.858
718.976
721.977
715.833
719.494
713.487
716.005
716.635
723.138
716.592
715.598
714.532
715.412
717.269
719.975
719.780
718.208
717.691
720.042
719.316
719.634
715.052
714.128
714.327
716.765
716.831
716.713
715.907
716.001
716.180
720.290
720.047
716.728
717.641
720.462
717.397
717.982
716.098
718.194
721.612
717.437
717.874
715.830
718.651
714.924
714.708
719.460
715.720
718.819
716.204
718.804
716.312
712.638
717.350
718.266
713.112
713.942
715.120
714.614
718.976
718.872
718.751
716.135
715.842
712.775
717.994
718.448
716.141
718.430
717.218
715.330
716.585
713.102
717.104
715.335
715.127
712.284
710.297
709.605
716.891
713.465
712.687
715.270
711.691
710.147
711.427
714.259
712.942
714.808
710.615
716.179
716.735
712.008
712.809
709.835
714.281
709.831
712.673
712.587
710.616
710.915
709.601
712.545
711.690
713.034
712.951
715.090
710.625
711.495
709.575
711.535
709.379
705.393
706.043
710.245
709.690
712.868
709.248
709.842
714.489
715.215
712.891
714.706
713.567
710.866
706.356
714.426
710.140
708.332
711.249
713.196
709.471
712.220
708.325
709.221
711.069
710.640
712.878
710.557
709.629
710.474
706.702
707.993
709.859
711.541
707.788
707.600
707.159
709.939
711.254
712.825
711.001
709.546
711.469
711.373
708.914
710.998
713.792
708.905
713.424
709.773
713.382
706.380
710.958
706.464
709.610
710.021
710.485
711.857
711.669
710.073
710.475
711.241
711.956
713.834
710.947
710.482
707.915
707.441
707.337
708.444
714.424
711.441
708.638
709.114
709.931
712.310
710.320
709.590
708.467
708.263
704.871
707.898
710.612
707.132
710.716
709.580
709.482
708.187
709.068
712.532
708.311
709.485
710.617
715.543
712.979
711.870
708.811
710.637
709.330
713.119
709.304
710.669
711.953
711.378
712.281
712.830
706.475
710.292
713.457
715.331
716.770
715.082
709.231
709.625
711.617
709.191
711.335
710.242
712.451
715.053
706.507
709.461
707.347
713.655
710.003
710.818
710.742
707.438
712.619
709.007
707.663
709.236
707.824
712.415
712.682
709.867
711.851
707.369
707.742
712.161
705.808
706.525
710.658
706.217
711.236
709.285
714.458
708.050
705.803
714.974
713.598
709.487
709.043
705.022
707.882
709.431
710.894
711.678
710.722
709.663
710.256
712.762
710.380
706.971
709.033
708.500
706.952
707.537
706.183
711.278
708.701
708.062
709.075
711.291
708.133
704.614
710.802
707.579
707.399
708.030
707.708
707.693
707.628
713.108
711.080
711.996
707.820
706.898
708.606
708.508
705.969
708.926
710.508
710.872
711.376
713.575
709.512
709.838
708.975
711.137
706.571
707.956
705.735
708.636
712.837
711.289
712.866
706.130
710.075
711.216
712.458
709.634
712.355
713.008
711.700
707.992
707.586
710.047
708.168
710.803
709.573
710.154
709.327
710.732
709.929
711.323
715.112
712.231
708.768
711.379
714.388
711.927
710.737
712.847
712.811
710.905
712.494
707.192
710.851
711.879
712.152
712.166
713.342
713.296
711.824
710.352
708.865
713.521
711.222
711.605
710.495
711.419
713.855
713.239
712.261
712.067
706.969
710.925
709.254
708.067
710.382
713.244
709.253
712.460
711.250
708.656
710.219
711.044
707.393
710.391
708.737
713.668
710.342
708.869
711.000
716.124
717.669
716.271
710.148
712.523
709.490
709.255
711.767
713.372
711.833
709.774
709.575
710.392
710.786
706.794
709.103
709.338
710.656
711.854
712.387
713.024
709.302
709.893
709.961
713.123
711.854
714.817
713.347
713.774
714.923
712.760
708.797
712.951
711.116
710.544
710.180
713.291
712.133
716.794
712.977
713.401
715.641
711.449
710.268
711.712
712.917
711.962
710.986
715.613
709.735
710.147
708.255
712.433
710.441
712.204
711.061
708.659
709.128
706.296
706.539
710.463
710.956
712.635
710.760
711.915
712.199
713.638
708.140
710.296
712.688
708.413
711.402
709.200
707.736
708.641
709.438
713.841
711.443
714.470
711.027
713.297
717.445
712.812
706.959
704.452
709.682
711.916
711.491
709.639
713.469
713.881
710.529
711.437
712.694
711.325
711.530
708.540
711.719
710.671
710.716
710.211
710.820
707.382
712.008
713.663
710.281
709.180
708.126
707.851
706.245
708.930
708.532
710.876
709.738
707.842
710.616
710.499
709.550
707.538
707.510
705.662
710.067
708.799
709.072
713.069
710.285
711.234
707.947
711.173
709.652
712.119
711.795
711.642
714.437
714.830
712.747
715.179
716.201
713.176
708.721
709.560
710.898
709.620
710.562
710.156
708.925
707.506
710.686
710.806
715.851
709.958
708.213
710.611
707.358
710.554
709.651
705.916
708.032
708.318
709.633
705.710
704.519
709.792
711.335
712.758
708.305
709.323
706.248
708.685
705.507
706.040
709.902
707.612
709.940
708.698
706.414
707.128
707.128
711.167
711.507
712.474
708.670
709.735
709.168
707.373
708.238
707.707
708.687
708.019
712.389
710.273
709.755
705.385
708.256
706.495
709.669
703.023
706.257
708.523
707.317
706.900
701.324
707.098
710.310
703.190
703.203
707.351
705.975
708.413
703.348
703.453
703.978
708.718
707.086
708.609
705.731
704.247
707.771
706.209
704.298
707.111
703.884
704.129
707.107
705.181
703.858
702.257
709.585
705.651
705.956
711.211
708.673
706.522
706.357
707.920
706.079
709.341
707.513
707.497
709.248
706.059
708.925
703.578
708.900
706.322
708.534
702.899
704.999
704.820
710.438
706.006
706.081
707.290
709.133
706.022
704.257
707.939
707.255
705.058
708.293
706.613
705.228
711.616
708.608
705.557
708.422
708.982
710.331
713.711
709.077
707.000
708.774
704.853
710.302
710.151
705.353
706.488
705.810
707.854
708.884
707.601
705.295
707.501
705.089
707.758
705.962
707.458
705.032
701.909
704.755
702.590
702.831
705.445
701.455
703.292
708.045
705.658
703.131
702.657
703.920
701.673
703.010
706.636
705.020
702.231
700.565
704.230
707.723
706.634
707.803
701.968
702.555
705.817
703.655
705.100
701.502
704.998
704.724
703.600
706.366
700.304
704.373
706.378
708.112
702.902
702.905
706.073
703.837
706.615
709.499
708.250
706.628
704.338
707.103
704.155
705.858
702.422
705.976
701.650
703.468
705.056
706.390
707.071
707.201
706.284
702.650
704.173
705.515
705.863
705.454
706.337
706.361
708.563
703.747
702.439
706.333
706.948
705.948
703.194
705.603
702.368
702.768
703.845
706.338
705.642
705.933
705.364
704.947
704.214
704.040
704.290
706.278
707.890
701.552
702.692
703.624
705.066
709.714
708.633
710.813
706.870
709.592
710.203
709.911
710.836
705.473
705.020
706.249
708.729
702.487
703.814
705.867
704.369
705.497
705.275
705.891
703.704
704.931
704.728
705.385
706.222
705.157
707.556
708.079
705.750
707.098
707.878
708.972
706.049
703.915
705.154
705.347
709.001
708.920
707.436
710.150
705.220
706.706
710.172
709.390
705.294
705.442
707.023
705.346
705.000
704.595
705.477
707.059
706.280
702.086
705.501
703.941
705.456
703.873
707.810
708.207
704.420
701.505
705.966
706.937
708.847
705.517
706.606
705.872
701.105
708.433
703.359
706.119
706.272
705.841
704.041
700.891
705.753
705.999
703.935
702.075
701.391
703.254
707.560
708.356
706.834
704.669
710.527
707.115
701.219
702.508
701.672
704.160
705.127
706.442
704.518
702.664
707.006
706.277
701.749
706.549
702.215
703.216
702.481
701.228
704.285
701.503
699.709
707.755
708.414
708.702
705.681
707.021
706.575
700.602
703.584
702.071
705.657
703.908
703.741
699.814
704.550
707.284
704.152
709.338
707.347
704.798
710.228
707.303
705.713
703.013
708.245
708.943
705.583
706.029
704.138
708.332
709.117
707.609
706.619
705.248
705.746
705.900
705.826
705.437
706.475
704.406
705.431
706.715
707.139
704.229
707.187
702.331
703.884
700.080
706.697
701.416
704.110
702.618
704.278
704.847
703.599
704.930
703.709
707.474
704.532
706.819
703.947
704.337
704.523
702.137
703.622
704.887
705.626
706.480
705.742
709.378
704.740
703.293
705.092
708.387
704.836
702.292
704.713
703.033
707.616
697.522
701.808
701.852
706.978
701.222
707.275
705.401
706.166
705.977
710.915
708.523
713.234
705.479
704.482
703.374
702.926
706.201
707.022
707.892
710.433
710.442
712.470
708.505
711.037
708.734
709.557
705.648
706.718
705.125
705.408
707.735
708.487
705.816
706.124
707.186
710.251
703.856
704.593
705.195
704.112
705.405
703.020
700.851
701.103
704.194
704.024
707.695
707.745
710.115
703.889
704.655
705.007
701.330
704.316
702.391
703.913
705.267
706.983
706.865
705.680
704.905
703.668
704.355
704.392
706.059
706.622
704.716
702.984
704.969
707.103
704.582
704.922
706.630
706.570
702.530
704.941
704.812
704.175
700.385
709.895
707.872
704.206
703.123
704.320
705.964
706.496
709.331
700.311
706.900
707.479
703.311
707.388
706.947
705.555
705.943
706.356
705.991
703.184
705.361
703.284
703.665
706.395
707.439
704.220
702.001
703.600
702.715
701.798
702.102
704.965
705.926
706.930
704.473
702.102
703.831
703.635
706.308
705.445
706.014
704.646
703.581
703.579
707.325
703.872
704.472
709.299
706.407
707.869
709.520
708.552
707.278
703.878
707.650
706.243
707.917
709.728
706.465
707.230
707.103
708.779
708.376
706.882
710.114
707.210
709.484
709.031
705.255
706.377
704.370
707.295
702.736
711.646
707.802
706.472
705.787
705.058
709.424
709.218
710.805
706.942
703.181
706.331
704.210
708.105
702.504
703.486
706.751
706.597
709.244
705.596
709.589
713.214
709.771
707.026
706.826
706.220
705.803
709.928
714.701
713.335
707.977
709.076
706.575
708.823
707.362
706.995
708.839
707.942
708.132
703.133
708.902
705.703
708.275
713.251
713.260
709.203
708.106
711.134
706.764
707.171
707.209
707.831
708.641
707.802
708.965
707.002
707.811
705.779
708.492
713.752
712.499
712.651
709.900
708.994
709.629
707.307
707.249
709.923
707.058
707.393
707.402
707.579
706.217
708.314
710.002
707.065
710.906
709.019
708.416
707.489
713.848
709.860
706.953
708.491
710.903
710.103
708.660
709.626
706.715
706.185
708.211
705.562
706.866
702.205
704.598
710.796
709.199
706.087
707.347
706.508
707.209
708.589
708.511
706.070
708.741
708.172
706.997
708.986
703.543
705.989
708.036
708.768
704.314
708.129
706.704
706.851
706.921
709.255
708.530
706.413
709.403
704.305
704.591
709.051
708.623
710.832
709.083
709.099
704.487
707.199
701.562
706.408
705.301
705.605
707.230
710.670
710.785
709.557
706.104
710.887
706.725
711.749
705.695
710.154
709.902
708.329
708.123
711.090
704.242
713.366
706.146
706.841
709.788
709.519
714.565
710.496
709.634
711.999
711.124
711.796
709.379
707.828
713.994
714.090
708.022
708.360
710.736
712.914
708.285
707.518
710.964
708.793
714.663
709.815
711.787
709.190
709.533
711.753
711.691
711.952
709.815
712.981
708.868
708.170
707.739
709.143
709.406
712.841
715.101
710.605
709.940
709.464
706.348
707.836
707.818
712.702
709.548
711.182
707.977
709.733
710.130
708.395
712.169
711.739
710.473
713.592
712.323
710.880
711.540
710.531
709.325
712.341
714.251
714.445
712.278
711.369
714.103
714.231
716.253
709.690
711.144
716.318
710.325
710.611
710.546
710.964
714.463
712.272
709.738
714.679
714.002
712.147
714.168
711.107
717.732
713.133
714.583
711.114
714.605
708.150
709.295
709.450
715.999
714.087
713.303
713.061
710.390
712.981
717.379
714.351
712.138
715.569
712.417
713.076
709.734
711.780
708.189
714.283
712.384
717.504
714.975
708.042
710.527
714.874
716.631
714.581
713.154
713.093
712.775
715.600
710.609
713.341
714.000
713.846
714.610
713.985
718.071
718.152
713.280
714.033
713.774
714.674
711.493
718.609
717.482
713.698
716.742
718.823
718.936
720.699
720.834
718.652
718.012
717.849
714.902
718.394
718.146
718.787
714.939
717.073
717.719
716.469
722.152
716.056
720.662
717.535
715.655
713.212
712.727
714.475
718.666
720.619
712.501
711.164
711.141
711.499
712.777
709.691
709.051
716.601
714.369
716.632
714.873
713.204
713.836
717.572
717.314
717.464
716.948
717.096
717.157
714.732
714.896
718.540
719.074
714.709
719.297
715.452
714.172
713.495
712.216
713.297
717.704
716.612
717.087
712.843
713.798
714.758
719.576
719.027
713.801
713.460
713.278
715.554
719.150
713.943
714.192
714.459
714.484
716.391
716.126
719.109
718.019
719.125
714.433
719.552
715.267
716.235
714.142
715.498
716.863
716.365
717.693
710.686
715.517
714.491
710.911
714.598
712.940
714.401
711.028
712.086
714.215
712.667
716.939
716.845
712.263
717.172
715.675
717.584
716.245
717.048
716.473
713.619
709.931
713.196
711.435
711.015
710.949
716.506
712.252
710.954
711.694
715.230
717.924
717.918
711.278
715.461
711.093
716.691
711.559
707.126
706.724
711.018
711.388
712.554
713.173
711.129
712.320
711.947
711.215
709.090
712.371
713.002
712.560
709.443
710.653
712.765
715.114
716.137
715.486
715.532
715.764
713.320
712.934
712.598
713.111
714.097
715.012
717.761
712.267
711.824
718.509
719.394
721.845
713.590
715.498
716.898
716.162
717.646
715.275
714.891
713.783
717.258
715.433
717.492
712.751
714.705
711.299
711.036
710.379
710.104
713.294
715.438
715.637
713.962
719.655
716.183
711.083
709.440
709.180
706.699
707.352
712.597
716.676
709.738
711.558
710.137
713.431
710.615
710.794
712.602
711.089
713.954
709.190
708.849
709.752
709.222
714.234
712.711
715.702
714.237
717.339
713.191
713.217
709.862
714.540
712.098
713.322
712.277
709.290
712.072
712.861
714.303
712.465
710.990
714.552
711.734
714.639
711.723
710.423
715.670
713.946
712.668
712.685
712.421
711.630
704.742
710.657
708.469
711.126
710.919
714.184
704.381
711.990
713.180
712.871
716.543
712.850
712.361
711.019
711.783
708.633
717.020
709.087
714.996
713.431
713.082
710.508
714.980
713.258
718.454
713.471
713.853
711.925
709.409
709.190
715.771
711.535
705.938
712.122
709.667
712.296
711.165
709.221
714.368
714.515
717.079
713.463
714.828
717.794
710.043
717.474
717.588
714.651
712.199
716.991
713.165
716.315
708.931
712.307
715.865
712.142
714.665
710.078
714.320
714.302
713.446
715.060
719.136
710.306
710.341
709.457
712.414
711.938
711.627
709.151
717.084
711.124
717.578
715.171
712.915
710.502
713.773
715.995
718.128
715.410
717.324
713.699
717.376
718.176
720.446
710.145
712.272
714.362
712.542
715.968
713.408
712.520
713.294
715.771
714.075
713.084
715.369
715.366
714.325
719.421
717.685
717.409
719.879
718.606
714.056
720.538
714.719
720.463
714.502
712.649
711.350
712.290
713.775
715.486
713.348
711.932
712.644
715.443
715.929
713.501
712.233
712.376
711.680
714.585
716.988
715.095
718.671
717.853
712.449
714.601
713.068
712.388
714.877
711.296
713.350
716.250
712.405
712.462
713.678
709.977
714.233
719.139
712.674
717.098
718.861
716.626
715.004
714.888
713.954
714.819
715.114
715.960
719.201
714.478
710.416
710.998
712.816
712.341
714.279
717.339
713.231
710.005
711.777
711.696
710.114
712.399
714.582
713.362
710.553
713.785
716.178
713.146
716.501
711.337
713.074
714.846
712.631
712.382
712.381
714.719
711.809
714.376
715.125
715.727
712.336
713.928
719.584
714.302
711.149
715.307
711.565
715.433
711.233
710.915
711.238
712.162
707.349
710.215
710.949
710.369
710.594
709.148
713.613
710.124
710.395
709.947
707.621
709.762
710.141
706.664
710.953
711.664
715.203
710.853
709.823
710.730
709.556
715.574
709.207
709.130
706.850
710.666
709.415
712.289
706.205
704.290
707.391
714.688
709.985
705.160
707.607
708.511
706.974
707.922
709.688
711.863
707.504
709.141
712.154
709.815
708.967
711.539
707.470
710.564
709.617
710.272
706.150
705.736
710.573
710.930
717.455
714.174
710.088
713.527
713.008
710.561
710.195
708.355
710.494
711.039
710.798
712.137
713.534
710.181
709.726
708.009
708.420
708.084
712.610
709.571
708.479
706.552
709.870
709.299
712.957
711.486
710.847
714.034
713.659
710.555
711.759
711.265
711.664
712.180
711.955
712.908
710.520
711.948
709.246
713.957
710.206
711.622
709.087
708.541
709.399
712.056
710.613
709.918
715.744
711.466
712.644
710.847
712.995
713.345
716.136
713.220
709.047
709.210
707.334
709.171
707.046
709.311
712.507
706.184
711.242
706.586
708.354
708.323
708.556
710.838
710.104
709.366
705.901
712.234
710.010
710.276
707.437
712.418
709.036
711.625
711.974
715.124
713.607
711.282
711.074
711.064
710.771
711.025
710.007
708.285
710.130
708.156
710.541
709.596
704.694
709.659
710.189
706.740
707.002
706.718
709.087
707.789
709.187
707.077
709.218
710.040
708.478
710.512
714.848
709.285
712.023
709.315
712.073
712.149
713.295
709.796
709.948
709.029
711.814
710.670
711.014
711.387
707.298
708.443
709.498
705.698
708.226
711.552
713.029
711.940
710.972
708.638
711.560
717.120
713.239
714.316
711.292
712.826
712.543
717.258
713.738
713.802
715.516
714.037
708.888
713.462
713.848
714.788
708.234
714.528
710.991
712.896
711.865
713.650
711.936
710.829
712.566
714.396
712.970
715.494
712.934
710.583
714.190
716.874
711.550
709.741
708.108
710.225
713.168
709.743
712.378
708.039
712.943
711.486
709.493
708.687
711.155
711.560
714.298
713.056
713.415
708.517
708.960
711.491
710.296
715.265
711.121
711.832
712.752
712.555
713.143
718.453
717.076
714.808
715.791
713.282
715.659
714.755
713.139
711.398
712.623
717.934
711.651
712.057
716.227
711.989
716.811
708.839
713.898
710.975
713.541
714.256
710.223
708.768
711.877
712.529
709.218
711.787
711.176
714.789
711.845
713.769
717.161
711.128
714.807
710.314
714.018
711.924
713.158
709.288
709.414
708.685
710.889
711.855
711.016
714.845
713.855
710.536
717.220
711.680
713.946
709.780
711.532
719.691
714.223
713.049
711.984
712.895
713.162
715.921
710.588
711.402
712.184
711.982
711.115
715.992
715.823
712.078
712.682
715.120
711.427
715.836
715.154
713.365
714.914
714.362
714.758
716.020
713.570
712.745
713.266
716.113
712.295
711.565
717.182
714.588
718.028
715.576
717.275
708.847
713.693
711.096
712.620
709.969
710.352
711.044
710.743
711.125
712.438
714.969
710.692
715.380
709.228
712.085
715.546
714.081
708.358
708.207
706.903
709.591
713.957
712.905
711.370
706.890
710.765
709.763
710.105
711.131
714.093
712.368
709.715
710.297
711.446
712.069
709.187
710.728
707.087
706.532
713.128
711.737
708.629
712.229
713.173
715.282
711.960
709.349
712.071
709.476
709.420
709.438
714.208
715.252
716.828
711.595
715.309
713.344
712.366
717.189
716.339
715.361
712.042
713.784
713.630
715.632
713.025
716.856
716.226
717.429
711.399
711.268
710.979
709.386
710.496
713.004
713.243
710.786
712.837
712.305
708.461
708.258
711.773
712.694
713.714
711.975
713.761
711.816
711.748
714.253
710.061
709.991
708.803
712.220
705.287
705.470
713.069
713.674
709.040
708.951
709.205
712.873
709.209
715.846
712.822
710.118
711.200
710.170
714.057
708.323
712.149
708.645
707.038
714.069
709.397
714.832
708.868
710.736
710.182
711.041
716.046
708.608
710.038
713.352
712.204
710.086
710.968
712.291
711.035
713.091
717.560
716.509
710.511
714.632
716.484
714.866
714.218
714.895
712.385
713.183
714.352
716.380
713.581
713.374
713.240
712.909
718.755
716.405
716.140
713.422
713.963
716.491
717.135
717.662
714.736
717.168
714.240
713.506
713.888
712.879
716.292
715.645
716.145
714.292
715.953
714.044
711.899
718.063
716.394
714.733
713.262
711.537
713.311
709.615
715.266
711.122
711.880
711.276
714.312
713.935
709.402
712.932
710.670
709.890
713.177
710.607
707.890
708.294
710.562
715.701
714.760
714.018
712.500
710.005
711.381
714.335
715.277
715.479
715.252
706.424
708.951
711.846
712.396
711.875
712.145
708.458
708.989
711.319
714.645
715.119
714.483
717.913
711.559
713.714
710.322
715.199
715.537
711.835
714.939
712.586
713.594
710.986
709.469
713.821
712.339
712.273
713.502
715.408
716.016
712.307
714.337
710.089
713.632
712.213
712.331
712.643
712.571
709.518
713.425
708.937
713.574
712.161
715.294
712.440
712.950
711.696
711.200
714.422
716.333
715.454
713.498
715.122
711.241
716.695
716.398
718.516
716.991
718.225
716.270
715.234
716.719
715.890
713.613
714.837
713.362
714.084
714.908
717.232
714.366
718.595
711.467
716.555
719.721
716.425
719.897
716.670
710.777
716.174
714.649
715.464
719.179
715.455
717.650
715.362
717.298
718.792
715.657
716.352
716.783
711.545
714.253
718.317
721.280
716.808
718.052
716.773
712.810
713.941
716.098
716.239
715.241
713.246
715.623
716.569
714.812
716.140
715.534
710.380
713.299
713.509
717.646
718.551
715.268
716.147
713.838
713.073
716.759
717.300
718.849
720.400
713.165
717.074
722.056
715.011
716.999
712.619
718.491
712.941
714.157
714.766
712.822
715.598
714.466
719.986
721.772
716.898
713.131
716.659
717.892
718.930
717.238
714.203
715.269
716.494
715.474
715.315
712.710
716.950
712.860
717.583
719.117
716.257
720.039
716.065
716.751
719.148
715.128
715.406
718.350
714.869
716.816
715.162
715.453
720.362
715.196
717.225
715.583
716.832
714.146
719.765
714.161
717.342
713.516
714.612
714.991
717.106
713.753
715.824
715.977
717.792
717.860
716.425
714.017
712.361
712.592
713.661
715.312
714.283
713.528
713.844
716.579
714.736
711.584
714.752
715.537
714.161
717.448
715.532
716.116
715.055
719.105
716.058
717.909
719.402
716.805
717.265
718.624
714.027
720.448
714.231
719.939
721.495
720.845
719.321
718.588
720.518
720.642
719.795
715.985
717.970
719.461
718.241
715.837
716.793
716.535
717.431
717.640
716.207
715.434
714.507
713.796
717.323
715.171
720.698
718.162
720.870
719.767
714.675
717.089
719.019
720.102
719.438
718.033
716.999
717.434
716.788
710.550
717.277
718.558
716.780
719.063
719.585
719.957
720.411
720.125
720.531
723.968
719.564
718.397
715.470
716.129
720.369
715.054
715.878
717.699
717.622
720.329
718.744
715.329
715.673
714.930
714.786
715.299
719.981
718.211
720.420
716.622
719.921
722.670
717.395
720.976
718.559
719.612
715.172
716.918
720.108
719.836
718.647
719.808
718.047
718.334
720.154
719.005
716.708
717.849
719.321
715.625
713.373
717.349
716.117
719.792
720.550
715.012
716.855
717.509
719.175
718.437
715.392
719.767
715.614
716.575
716.932
716.947
718.766
718.389
718.491
720.710
716.538
711.911
715.940
717.246
721.810
715.877
710.604
717.206
720.573
717.678
717.523
717.647
718.693
714.671
714.470
723.502
721.483
723.197
719.169
723.793
717.101
714.787
714.284
717.721
717.460
715.120
716.810
717.312
716.408
720.044
718.257
715.983
717.307
718.959
717.634
720.965
716.485
718.900
715.730
714.415
717.687
711.994
717.998
719.855
720.327
714.667
714.488
714.241
716.112
714.133
715.984
716.281
720.093
711.290
715.405
714.185
720.344
722.253
720.359
716.751
718.328
711.890
717.546
715.806
716.786
714.624
715.269
715.530
718.078
715.763
718.348
716.176
712.802
712.894
713.623
715.306
714.418
713.930
713.499
714.605
712.419
716.149
717.507
713.069
712.750
714.768
712.715
714.772
712.893
715.089
715.190
713.315
715.680
717.681
710.943
711.043
707.442
713.714
711.276
711.517
716.058
716.337
716.311
711.851
713.621
708.945
712.354
714.644
712.605
710.285
715.411
715.469
715.404
715.823
713.281
715.790
715.205
719.337
718.205
714.980
715.341
711.871
715.806
712.130
714.135
715.990
717.570
714.208
716.331
715.090
714.606
715.821
714.417
716.582
714.409
714.384
713.201
715.340
714.423
716.117
715.498
715.863
713.672
710.561
716.719
715.631
711.968
715.547
712.029
715.228
712.211
710.502
712.681
716.360
714.507
713.013
712.878
714.903
714.191
714.609
712.966
714.546
713.597
715.775
713.981
715.725
715.972
717.299
711.492
715.849
715.327
719.030
715.369
713.188
715.006
717.793
719.302
716.584
714.991
717.810
714.578
710.243
714.144
711.559
713.966
714.918
713.472
712.855
714.808
715.842
715.931
711.571
718.473
712.343
713.754
711.529
717.043
716.465
712.330
715.146
717.802
715.257
717.390
718.165
716.522
713.243
715.660
717.147
719.076
712.705
712.815
713.171
714.437
717.571
716.766
713.085
715.076
715.887
718.344
716.224
715.281
715.714
717.082
719.109
716.403
715.902
715.414
713.759
715.478
717.193
713.100
714.518
714.850
714.171
714.289
715.860
717.376
718.551
712.702
712.762
715.920
711.855
712.704
711.408
712.759
713.251
714.934
717.373
714.662
716.350
714.973
717.630
718.731
713.543
711.953
716.992
709.916
716.296
717.050
720.402
718.822
715.556
713.711
719.609
716.477
717.844
716.253
716.308
712.752
717.689
717.334
713.217
720.186
718.173
714.612
713.101
715.899
715.300
716.781
716.795
714.752
715.581
712.602
712.125
713.781
712.286
714.869
710.601
717.056
717.083
716.082
714.773
716.259
713.302
716.589
716.634
710.486
710.041
714.255
712.313
711.917
711.026
711.810
713.534
713.679
713.514
713.343
711.711
711.504
710.363
709.491
712.853
711.696
711.272
710.828
709.769
713.048
709.783
711.667
713.441
712.467
715.635
713.393
718.027
714.539
711.539
714.301
712.035
708.881
711.913
714.450
712.804
714.622
713.941
714.503
714.702
714.320
713.907
716.285
714.595
711.984
713.565
716.706
714.191
712.818
717.273
718.446
715.101
718.051
716.063
713.752
717.253
716.879
721.472
719.228
721.074
718.464
717.344
719.078
722.538
716.809
