692.587
685.942
687.481
686.845
689.836
687.114
690.904
691.895
693.215
693.190
692.467
691.997
687.052
688.703
691.206
689.348
689.093
692.212
692.210
687.857
689.365
688.780
685.900
689.926
687.707
688.593
686.238
684.898
688.276
690.828
689.774
684.671
685.099
687.047
686.977
688.731
689.005
684.564
689.829
689.802
689.737
688.652
688.806
689.437
688.730
689.516
688.704
687.959
687.598
691.032
690.116
693.565
688.804
691.100
687.692
689.343
689.218
688.078
688.356
684.409
686.051
684.936
687.614
689.248
691.762
689.738
688.007
690.658
691.716
688.896
691.970
685.844
686.565
688.274
687.509
686.450
685.777
683.965
685.139
685.276
687.731
685.749
686.466
687.177
687.590
688.335
689.471
689.333
687.625
689.035
685.595
693.516
687.206
689.556
690.606
687.714
686.982
689.652
688.230
687.177
692.336
690.422
691.035
688.208
689.201
686.469
687.101
688.630
689.312
689.515
687.012
689.636
687.947
686.815
689.417
686.327
687.495
687.908
686.950
688.364
688.598
686.975
685.387
684.278
685.111
686.155
688.272
691.769
691.098
688.532
690.336
688.761
689.823
690.097
687.932
687.421
684.025
684.393
684.867
688.799
687.200
687.848
687.666
688.632
690.506
691.627
690.030
687.138
688.919
691.538
689.033
690.374
689.848
686.339
691.540
692.858
687.290
688.164
689.133
686.841
687.742
686.906
687.500
687.263
687.028
687.703
689.007
687.024
683.673
687.605
684.501
686.177
685.614
687.173
686.509
689.500
686.894
689.066
689.148
686.181
687.923
685.336
687.794
688.507
689.277
687.056
686.113
686.864
686.468
688.119
688.866
689.409
688.678
686.953
686.485
687.782
691.083
683.085
685.600
688.212
689.334
683.049
686.602
685.101
689.900
689.425
687.125
685.226
685.614
681.301
687.252
683.715
689.651
686.946
693.014
690.060
686.262
688.140
685.298
684.770
686.563
684.006
683.568
686.605
688.098
687.764
683.903
685.746
684.881
688.835
690.374
687.394
688.506
685.856
684.030
686.951
685.445
685.512
681.588
683.566
684.838
686.179
685.017
684.233
684.698
688.933
685.727
681.571
682.569
681.024
686.222
681.706
683.641
686.958
686.646
682.971
686.899
686.187
685.101
686.202
686.365
688.616
686.074
685.997
688.884
688.176
688.117
684.236
686.640
685.777
688.777
689.523
687.940
688.856
689.399
688.429
687.956
683.536
687.301
685.936
687.390
688.505
687.518
683.891
685.140
688.837
685.917
685.795
688.964
689.487
689.504
685.209
686.639
683.807
686.100
686.442
685.877
687.376
688.660
683.726
685.001
686.143
684.351
686.599
688.606
686.031
689.400
683.255
681.607
682.499
683.856
684.970
686.570
685.239
683.201
684.853
682.213
682.672
687.595
690.044
687.789
687.079
687.516
684.498
687.684
685.870
685.449
686.185
688.922
686.601
686.172
687.965
687.803
684.869
685.904
684.326
683.434
683.467
687.778
690.567
688.251
687.991
689.438
690.020
687.453
687.338
686.143
687.429
690.767
687.241
686.584
686.303
685.976
686.235
687.825
687.389
688.227
689.380
684.824
686.702
691.299
688.468
687.220
685.466
689.307
691.025
689.203
684.557
686.853
687.830
691.220
687.409
684.827
684.435
687.867
683.828
685.834
685.207
683.837
688.161
685.512
687.141
690.047
687.062
687.914
687.551
687.254
689.784
686.908
687.201
687.268
688.096
684.990
688.515
691.525
688.542
684.075
685.617
687.058
690.607
692.194
692.643
690.231
688.177
686.121
686.769
687.843
686.213
685.848
686.633
689.740
690.295
690.623
689.588
691.487
688.631
687.917
685.401
691.342
686.477
687.124
688.034
685.815
685.147
686.529
687.302
687.153
690.758
689.880
690.057
687.967
688.684
691.564
686.885
686.884
687.892
687.557
685.140
686.495
690.165
689.498
686.793
687.110
685.727
686.467
682.794
686.309
686.722
685.278
683.986
685.827
684.245
685.692
683.466
682.975
684.576
685.531
687.178
685.812
683.367
687.925
684.944
685.791
684.967
683.437
688.430
685.273
686.727
687.597
685.842
689.011
686.165
685.484
680.062
685.584
687.458
683.766
683.698
684.838
686.259
686.303
684.385
685.694
686.384
687.891
687.006
687.176
687.482
683.449
684.401
684.828
686.546
686.810
687.256
688.514
687.209
686.276
687.939
686.594
687.217
686.150
686.122
689.934
687.770
684.473
688.060
687.823
688.996
686.441
687.124
690.201
687.827
687.489
688.945
690.490
690.882
689.747
690.006
688.671
688.284
689.866
690.377
686.241
688.218
687.785
690.093
694.022
691.960
690.894
691.427
690.500
690.544
691.389
690.609
688.710
688.682
686.968
688.072
691.397
688.605
688.981
691.956
689.110
691.749
689.834
689.260
689.503
689.303
688.391
690.872
687.835
688.313
689.468
688.958
688.743
690.922
689.136
690.287
689.136
688.067
692.452
689.760
691.454
689.734
693.245
691.441
688.402
687.578
689.498
688.852
691.257
690.466
690.176
688.780
683.593
685.164
687.860
688.693
689.708
688.278
685.735
686.182
686.763
688.655
688.972
686.461
691.318
686.372
688.747
688.928
687.805
687.965
686.486
686.134
687.206
684.204
680.004
685.183
689.132
685.822
683.839
687.790
686.690
685.565
684.082
686.161
683.191
688.221
689.533
686.325
685.251
684.711
685.813
691.656
687.865
687.251
686.343
684.434
686.801
683.682
686.948
687.062
687.772
689.869
687.289
686.795
689.938
689.448
688.473
689.696
690.446
688.853
687.082
686.919
689.709
689.323
691.471
689.976
689.043
688.325
688.510
690.956
689.187
689.697
687.375
691.900
688.944
689.383
688.581
689.470
688.902
688.472
689.827
689.800
689.854
688.825
690.556
692.430
690.089
688.557
689.812
685.417
687.728
692.184
689.154
690.814
686.142
691.714
691.185
691.207
689.667
691.594
688.963
689.925
690.190
686.520
688.221
687.325
687.521
689.704
693.394
691.908
693.375
685.933
691.032
688.177
689.223
690.602
692.666
695.256
691.414
695.963
692.632
693.369
693.514
693.139
693.570
694.427
689.426
693.607
694.354
691.105
692.538
694.538
697.832
694.100
693.339
694.862
695.623
693.050
694.140
694.602
692.646
697.994
694.344
694.811
693.262
694.514
696.230
695.079
696.300
696.890
695.179
693.303
700.640
701.647
704.090
697.667
695.813
699.505
696.459
695.121
696.727
694.532
693.642
694.842
694.696
693.977
695.776
697.500
691.789
694.361
691.130
690.863
694.752
694.667
694.963
693.212
692.803
692.789
694.375
691.583
697.210
697.145
695.891
692.854
691.328
698.601
691.010
693.278
693.254
690.522
692.187
693.375
693.690
695.626
698.159
695.229
695.432
695.371
695.495
693.323
694.782
696.279
695.939
696.832
700.718
696.156
697.997
694.599
697.258
699.021
698.897
692.765
692.491
695.308
694.209
694.914
700.626
695.809
697.716
695.414
694.789
694.081
692.109
694.948
693.472
693.303
691.727
695.480
694.135
700.202
698.320
695.821
701.011
698.074
697.869
697.514
694.433
697.021
696.740
694.551
694.605
694.285
694.932
695.643
692.792
696.747
696.601
696.872
698.744
695.528
694.089
693.375
696.921
701.130
700.592
694.839
691.776
695.673
693.902
700.601
697.506
695.653
697.474
695.903
697.546
698.044
700.742
697.839
699.694
699.274
696.918
698.766
692.652
693.021
694.945
697.612
695.791
697.457
696.037
698.375
696.119
696.545
693.398
695.417
691.758
693.832
694.684
697.965
694.411
695.959
696.410
697.157
698.572
695.451
696.378
695.894
696.631
694.203
695.813
699.130
696.279
694.395
697.752
695.551
694.397
694.225
696.775
695.942
695.981
695.756
694.778
698.441
697.468
695.573
699.183
697.858
695.921
698.448
698.917
697.807
696.482
695.389
695.048
695.224
694.138
695.573
696.634
693.806
699.106
695.506
696.310
698.283
698.943
701.002
698.465
700.778
699.748
700.064
697.133
699.976
698.624
703.523
696.277
698.230
698.772
698.434
698.870
699.179
694.961
699.925
700.805
699.401
697.892
697.058
696.894
700.125
698.038
696.074
698.253
701.020
696.621
697.030
699.229
697.593
697.164
697.702
697.430
694.200
697.120
697.254
700.940
697.517
698.328
699.130
695.002
699.854
699.671
694.230
695.520
696.048
699.963
696.773
698.087
698.634
700.998
701.157
700.801
699.049
698.617
695.562
700.584
696.675
696.125
695.959
696.689
695.743
696.958
697.441
696.998
695.124
697.670
695.054
698.187
696.934
696.612
694.165
700.008
698.867
697.101
700.243
696.912
696.621
694.137
698.160
699.145
701.086
699.749
703.373
701.237
701.189
701.606
702.481
706.698
707.024
702.372
700.197
700.915
701.213
696.377
696.646
699.410
700.648
703.074
702.443
701.229
699.193
699.840
703.189
704.442
700.333
700.552
699.828
702.174
700.145
701.000
700.470
699.418
696.769
699.633
698.634
700.870
701.392
701.913
704.917
702.245
702.530
702.326
699.852
701.060
700.105
701.691
699.445
700.598
698.266
699.927
698.847
697.901
694.744
697.864
698.375
696.946
694.832
696.228
694.594
691.931
693.044
693.003
696.788
695.567
695.825
695.690
694.492
696.382
696.414
692.844
694.489
693.841
693.604
695.185
691.303
689.993
691.821
688.875
690.589
693.233
693.005
691.022
692.195
694.148
693.078
695.360
697.200
697.160
695.258
696.459
691.176
694.215
694.018
696.184
697.666
697.270
694.960
693.892
691.758
690.742
687.325
691.689
690.869
695.684
691.114
693.810
690.216
688.065
689.588
691.220
692.066
693.625
695.065
689.352
692.228
688.082
689.703
692.752
693.620
691.580
692.320
692.904
691.986
694.026
693.168
690.735
691.036
692.985
692.305
693.516
690.758
691.822
691.436
692.916
692.396
691.145
692.505
697.451
694.852
695.373
692.000
691.109
693.554
691.680
694.139
689.641
691.673
691.959
695.547
691.029
691.747
692.350
691.895
696.244
695.113
692.392
692.033
690.741
689.564
692.037
689.753
692.377
691.679
694.355
697.537
690.416
692.225
691.967
692.797
692.642
693.332
690.148
694.404
691.087
690.697
690.074
693.403
689.374
690.519
693.523
693.629
692.944
690.446
690.020
689.671
692.759
691.793
691.386
690.550
692.280
693.081
691.311
694.182
693.072
693.401
691.881
689.605
693.191
693.771
691.231
693.370
691.476
694.525
695.888
694.252
692.389
690.361
694.210
693.092
692.343
695.402
694.448
698.315
698.362
697.731
696.920
695.152
700.098
694.665
693.325
693.609
696.957
695.068
694.506
694.758
695.649
695.034
698.894
697.043
696.675
694.551
695.146
699.034
700.089
698.717
693.907
696.069
696.349
696.674
695.376
693.224
694.238
691.999
693.701
692.822
693.592
690.845
692.028
691.015
692.983
693.458
693.789
694.492
693.248
694.184
690.812
693.588
693.480
692.319
691.142
692.539
693.421
694.940
695.210
692.059
695.120
691.853
692.731
692.397
691.896
692.777
692.887
695.968
697.278
698.123
695.536
694.991
694.961
690.674
691.122
695.662
696.389
694.591
699.400
693.872
692.482
694.061
694.752
696.005
697.209
692.107
694.502
695.061
692.250
690.552
691.928
691.607
693.263
692.714
693.814
696.685
693.722
694.896
693.781
696.906
692.391
693.348
695.199
695.216
691.005
688.668
691.397
692.471
693.270
697.184
692.842
688.874
691.798
690.856
688.948
695.203
692.973
692.457
692.978
693.565
690.066
691.189
692.265
693.286
691.856
693.280
695.521
695.035
690.621
692.217
693.987
691.554
692.046
689.530
696.472
694.869
693.695
692.792
689.535
693.283
689.735
696.670
693.971
692.922
693.150
694.758
690.506
690.669
690.533
690.747
687.311
693.542
694.883
697.015
692.223
693.921
692.000
693.235
694.787
693.109
693.744
697.375
695.203
692.378
692.386
691.421
690.605
692.383
691.844
692.516
692.960
692.168
692.489
686.675
688.859
689.375
690.248
690.888
690.472
691.511
690.319
691.930
689.854
688.063
690.772
693.341
690.448
689.818
690.601
692.485
691.904
689.619
691.015
693.537
690.319
690.496
693.423
691.262
695.290
694.862
692.869
692.566
691.407
692.377
696.975
695.296
693.227
693.678
693.267
693.075
692.180
696.044
699.673
696.977
696.366
697.266
695.033
694.033
693.218
691.254
691.450
693.493
694.402
692.065
696.452
695.781
696.556
697.435
698.181
694.525
692.214
696.372
697.550
696.004
692.861
699.113
694.632
695.126
695.093
697.174
695.129
693.241
690.344
695.756
693.581
694.827
691.855
693.953
691.506
692.906
690.852
694.136
692.176
692.662
695.573
690.867
691.666
694.188
692.156
690.983
693.479
693.646
690.067
696.417
693.197
691.616
692.220
694.041
693.019
695.751
694.320
693.474
696.314
697.260
693.724
692.836
691.845
692.983
689.974
693.807
694.674
694.000
691.491
690.185
695.588
695.002
694.370
695.732
693.645
696.959
697.870
694.988
693.902
691.372
690.512
691.955
690.325
691.744
692.670
693.711
694.985
694.882
693.483
690.653
690.977
695.023
697.997
690.892
693.498
695.503
693.688
690.632
692.348
692.843
696.967
692.574
692.669
694.166
689.619
692.647
691.851
696.069
693.753
694.718
693.604
696.272
694.388
692.230
692.761
691.894
693.418
694.684
696.187
694.801
693.275
691.405
695.235
692.773
693.041
694.638
693.955
692.746
694.338
690.396
691.167
690.912
693.415
693.576
695.292
691.857
696.464
697.254
696.608
689.557
694.292
688.995
692.206
692.580
689.315
696.373
694.938
693.703
693.266
693.769
695.573
696.218
693.596
692.494
692.593
694.378
691.982
689.966
692.030
690.521
689.833
690.889
692.009
692.080
690.609
692.108
692.459
694.419
693.308
693.653
697.849
697.206
694.403
695.744
694.544
697.510
697.059
694.628
700.391
694.035
695.314
695.425
693.478
689.828
690.186
693.614
693.823
691.762
692.361
694.389
694.224
692.774
694.618
694.869
696.351
695.043
696.099
697.758
692.460
696.009
692.779
693.365
696.580
691.317
692.723
692.834
694.609
695.537
694.511
695.912
697.158
693.694
693.637
691.656
691.664
697.806
692.100
693.122
693.841
696.124
696.026
694.124
691.547
693.839
694.881
695.886
696.616
693.014
695.946
693.585
693.502
694.177
693.703
691.668
694.999
692.975
693.350
696.342
695.613
696.905
696.308
694.888
694.352
693.449
693.892
694.214
694.510
695.250
695.842
694.467
692.994
695.949
695.617
695.596
694.300
691.540
690.275
690.869
691.212
688.113
693.672
691.972
692.459
692.834
690.949
690.307
692.135
694.008
695.881
694.019
694.998
691.226
692.456
688.581
692.691
690.716
690.866
690.949
693.533
695.749
693.321
692.530
691.561
693.317
690.414
693.646
695.948
693.681
694.140
694.707
691.067
692.426
691.508
695.341
696.221
692.690
687.192
692.974
693.950
691.746
693.390
691.159
692.155
694.085
693.337
695.112
694.379
692.417
690.925
691.760
693.610
694.278
694.004
692.352
691.093
692.725
696.884
696.693
695.515
692.851
693.822
693.620
696.409
697.015
695.018
693.719
690.721
692.519
690.284
696.039
694.628
695.300
691.467
694.334
694.021
694.543
692.791
695.801
692.811
691.455
691.651
691.455
693.378
694.455
689.199
693.520
693.444
691.812
693.440
691.574
693.684
695.195
693.298
693.778
694.632
695.163
692.167
695.525
695.153
696.163
691.725
697.851
694.763
693.782
692.546
691.664
693.229
689.115
692.156
694.220
691.724
692.729
691.634
693.021
694.508
690.400
692.981
691.332
690.457
692.962
690.732
693.363
692.366
690.192
694.207
687.134
691.418
692.963
692.657
693.896
694.189
691.635
695.280
697.594
695.035
695.963
692.899
691.003
695.370
697.297
697.889
693.137
691.561
690.987
694.237
692.951
692.489
695.895
695.114
696.889
693.708
690.431
696.590
697.116
695.562
693.290
693.137
695.753
694.293
696.103
695.015
697.450
692.270
692.980
692.230
690.386
691.726
692.498
695.711
694.660
691.130
694.107
695.208
694.121
696.462
692.886
695.168
691.763
691.029
691.702
691.980
692.944
690.811
694.425
694.499
693.321
693.852
690.548
692.291
689.670
691.853
695.238
691.522
697.022
693.241
690.374
692.550
693.011
695.502
696.530
693.664
693.160
691.279
690.750
692.994
695.932
694.239
693.317
693.511
691.564
696.797
695.204
689.603
694.543
694.126
695.121
692.145
696.974
692.920
693.741
692.299
693.169
695.528
693.946
694.887
696.047
698.609
694.859
693.912
695.111
698.012
696.827
700.118
693.990
696.902
696.076
695.654
697.252
697.075
695.651
694.597
695.478
696.397
693.386
697.213
697.908
698.372
696.622
696.093
694.722
693.434
697.211
695.180
695.278
694.786
692.401
698.980
695.363
693.745
698.995
696.596
691.434
694.619
695.090
693.802
696.536
694.578
698.174
693.615
695.033
695.144
694.114
697.175
693.014
691.971
693.134
689.886
692.007
693.218
693.613
694.405
693.053
694.272
698.725
693.005
699.432
693.050
695.721
697.668
699.492
698.455
693.213
689.517
689.276
692.257
697.025
691.864
697.703
696.523
696.054
698.081
694.009
696.263
693.857
694.743
692.763
691.976
693.046
694.323
695.123
696.445
697.021
697.770
697.394
698.654
696.683
696.830
697.010
692.438
691.418
691.941
689.854
694.087
697.392
695.117
692.718
690.610
690.799
691.886
693.753
695.083
695.528
695.668
696.421
693.262
697.573
694.752
692.711
693.218
695.491
693.120
693.379
694.507
697.129
697.738
696.992
695.157
693.488
697.216
696.226
693.089
694.742
694.007
696.102
697.096
692.044
696.908
694.045
695.427
694.644
695.730
696.928
695.779
695.436
694.259
695.415
695.953
695.797
696.537
694.342
692.741
693.552
696.394
695.997
697.936
699.077
697.363
699.106
696.240
694.820
699.275
701.106
697.040
699.817
699.269
697.839
696.120
695.139
695.575
700.760
697.111
697.397
699.913
696.626
700.191
701.287
700.906
704.122
700.171
699.627
700.026
699.469
697.304
698.869
698.691
699.280
699.611
696.770
699.425
696.303
699.406
702.618
699.769
697.023
696.619
696.636
693.163
695.588
695.868
697.663
697.079
697.384
696.345
696.802
699.836
696.507
697.842
697.099
699.316
693.784
697.199
695.923
697.305
694.253
699.594
697.269
696.454
696.466
695.439
695.992
693.993
698.642
697.242
698.548
698.632
696.504
695.362
695.491
698.478
696.122
696.894
699.034
699.462
699.939
697.508
698.077
695.144
699.232
696.783
697.468
693.764
696.123
694.201
695.055
698.121
700.715
695.231
699.874
696.424
696.017
697.794
698.207
697.397
697.259
698.576
698.429
701.307
701.301
702.338
699.447
698.669
700.518
700.690
702.364
701.508
699.826
699.360
699.494
701.665
699.046
701.166
696.191
698.157
698.841
700.661
697.848
697.986
702.040
698.239
700.822
701.648
700.436
699.004
698.447
698.674
698.981
696.533
699.684
700.577
697.963
698.791
699.748
699.951
698.834
701.113
700.309
697.701
697.428
696.748
699.723
699.075
698.329
698.847
699.875
695.903
698.087
696.883
696.821
695.889
699.477
701.774
698.828
694.209
696.453
697.254
699.088
700.220
696.404
698.545
700.660
696.391
697.159
697.044
698.463
698.976
698.489
696.902
695.156
698.153
696.309
696.577
697.029
696.714
692.979
697.695
695.287
699.619
697.918
698.478
699.971
701.307
698.336
699.264
696.719
697.942
698.035
693.062
693.454
700.479
695.090
700.366
696.554
700.892
698.293
695.578
699.524
698.798
696.603
694.989
693.485
693.329
698.022
696.725
695.722
693.717
696.191
694.363
696.962
695.074
696.111
692.827
694.891
695.176
695.322
696.152
698.186
696.457
698.025
697.228
701.204
700.687
697.313
697.302
697.860
698.631
698.069
699.409
699.204
695.936
698.252
698.530
701.476
700.564
700.094
697.631
700.335
697.866
698.602
700.686
700.606
702.292
703.325
702.680
699.338
698.913
700.613
697.817
695.494
698.605
696.722
696.366
694.217
698.022
692.957
696.580
695.979
698.254
698.177
697.670
695.812
696.536
698.439
700.654
699.938
700.702
697.215
700.193
694.112
699.824
696.685
696.908
698.239
699.784
701.172
695.303
697.275
696.433
696.579
696.718
696.296
695.783
693.651
697.609
694.875
692.572
700.287
701.034
697.195
693.604
697.420
699.521
701.563
700.665
700.633
698.260
698.373
699.623
696.602
699.399
697.527
698.455
693.887
694.138
698.777
697.434
697.526
701.076
699.078
697.162
696.591
696.493
696.730
693.984
694.835
697.346
696.303
695.602
696.236
698.664
700.615
699.860
699.456
701.101
701.437
698.151
701.649
697.373
699.063
696.551
697.494
696.353
696.380
695.234
694.420
696.816
694.324
695.896
696.400
697.424
694.935
696.497
696.268
695.769
696.355
694.632
696.753
694.945
695.750
697.677
700.578
700.485
698.791
696.250
697.630
697.766
698.504
696.398
696.909
694.026
698.770
697.727
696.749
699.684
697.095
692.613
700.066
700.329
696.327
694.265
699.951
699.687
701.260
697.354
699.401
696.305
699.096
696.329
696.612
697.794
695.473
693.909
696.737
700.274
698.871
699.551
702.322
701.039
702.097
698.478
701.275
703.329
700.658
700.708
701.724
700.808
699.020
699.602
704.898
701.156
699.990
700.065
701.507
700.675
700.508
697.099
695.059
697.047
699.417
699.140
700.775
703.042
698.327
699.204
699.748
698.594
698.949
697.781
695.949
697.747
697.868
700.992
701.593
696.792
697.017
697.438
699.884
701.607
700.089
699.287
700.960
698.130
698.271
695.308
699.115
699.011
701.575
704.264
704.193
704.539
700.664
699.837
703.345
702.532
702.388
699.999
700.945
700.789
700.667
699.628
698.615
697.514
704.857
700.138
698.952
700.844
700.295
697.730
697.500
700.012
700.258
698.362
697.441
700.179
699.727
698.422
700.858
699.352
697.713
703.132
700.973
701.090
699.545
698.752
702.489
701.511
703.200
704.116
699.973
700.992
703.783
700.886
699.660
703.061
705.710
706.343
702.042
703.213
704.932
696.231
701.669
700.505
699.555
701.801
697.100
704.525
699.499
700.197
697.978
702.176
703.465
703.421
705.292
702.594
705.908
705.988
705.246
706.377
701.144
700.610
701.411
704.340
702.939
702.400
695.875
700.252
700.871
703.628
698.079
700.326
697.845
701.986
701.090
701.010
700.298
704.052
703.389
702.810
700.892
705.006
704.029
701.253
702.562
702.305
704.386
705.110
702.733
703.611
700.633
702.495
700.687
700.744
700.683
703.160
701.555
702.954
701.096
700.435
701.638
702.997
699.409
700.683
704.221
704.051
700.877
699.758
699.273
700.647
701.169
698.105
698.075
699.018
699.692
699.348
697.001
697.828
693.101
701.489
695.903
694.933
694.941
697.683
697.618
699.334
696.588
700.220
702.180
696.650
697.079
698.928
696.993
700.793
700.273
701.373
703.727
694.198
696.088
698.047
698.353
698.252
699.447
699.341
700.440
699.993
700.689
700.371
700.516
699.871
698.964
700.750
697.159
697.183
699.218
700.869
696.099
694.644
697.999
695.639
698.706
699.160
697.350
701.953
699.434
696.405
700.288
696.734
700.253
697.019
699.099
697.212
698.349
700.763
699.451
700.651
701.219
699.809
697.771
698.147
696.786
696.189
697.238
698.663
692.448
699.195
698.358
697.060
696.511
695.854
694.041
696.412
694.544
698.553
696.829
697.419
697.266
699.300
699.670
697.943
697.252
698.275
700.400
697.390
701.216
699.592
698.748
702.703
699.181
699.623
697.930
697.587
701.043
699.264
694.353
697.009
693.700
698.964
698.620
699.753
700.396
702.957
699.708
703.587
700.514
699.293
700.339
694.533
695.240
699.357
697.648
699.491
697.602
696.006
697.438
696.038
697.874
695.424
696.912
698.286
699.634
697.545
698.167
699.176
694.621
696.081
697.430
691.516
693.953
696.354
697.141
697.005
697.701
696.830
698.667
698.162
698.682
698.420
698.737
697.698
697.660
695.825
697.895
699.775
698.981
698.330
696.316
698.019
696.125
693.645
693.415
694.683
696.126
697.688
698.615
695.680
697.990
696.704
697.476
696.164
697.319
699.413
696.059
693.168
695.853
693.120
696.592
694.148
694.153
699.114
696.955
695.446
697.185
698.586
695.721
694.395
696.555
696.079
692.740
698.328
695.877
699.382
694.805
695.271
697.541
695.020
698.156
696.510
696.086
696.027
695.385
693.690
694.747
696.938
697.015
700.307
699.241
694.492
696.336
695.200
698.803
697.369
700.155
696.166
694.115
696.788
696.846
697.405
694.426
698.639
693.753
699.599
697.521
701.907
699.284
698.039
698.547
699.404
694.021
698.966
696.288
696.262
700.828
700.081
697.137
695.295
698.031
699.137
698.478
703.278
698.322
699.232
695.840
694.392
697.332
696.480
695.283
698.686
703.583
699.655
697.531
698.552
697.133
698.301
697.259
695.682
697.179
699.840
697.445
697.399
700.250
699.639
698.657
697.660
698.797
698.545
703.872
700.694
700.441
696.400
698.103
697.358
698.209
695.881
698.159
697.349
699.980
699.890
698.849
700.003
696.643
696.710
695.329
693.379
695.964
694.291
695.393
698.522
697.855
699.523
698.790
699.274
698.966
696.403
703.133
698.749
698.961
698.792
699.011
698.220
697.504
698.652
697.567
694.748
693.663
692.287
692.451
692.744
695.471
694.667
698.570
695.477
691.137
693.879
693.498
695.611
691.723
693.087
691.930
696.625
691.433
693.405
695.075
693.980
695.620
691.728
693.872
696.457
695.002
694.592
695.964
696.113
697.827
697.395
694.946
696.552
700.691
694.947
694.551
698.612
696.823
696.792
700.248
699.813
698.529
700.071
698.797
696.555
697.265
699.424
699.519
696.089
700.257
697.593
697.623
699.576
699.349
701.560
699.998
700.954
702.844
696.094
699.565
697.991
698.962
697.306
699.207
697.487
699.005
695.793
698.762
697.912
699.560
700.438
696.104
699.417
695.432
694.878
697.655
697.046
695.344
699.918
700.483
698.872
695.007
700.551
700.015
694.915
697.428
699.096
698.727
696.462
694.987
697.792
702.858
702.215
700.642
701.347
699.585
696.111
697.207
694.458
695.511
697.179
698.321
696.554
695.639
693.701
698.028
697.223
702.343
697.568
695.651
697.715
696.838
695.634
693.589
697.487
696.443
697.381
696.421
693.688
694.250
696.776
697.302
694.903
696.930
697.551
696.960
696.257
698.753
695.089
695.952
697.090
698.182
700.062
699.242
694.044
694.328
695.904
693.987
699.963
697.550
700.677
700.882
699.652
698.261
698.099
693.984
696.169
701.833
698.076
695.506
695.787
697.344
697.508
693.462
694.398
696.614
696.781
697.330
699.145
697.597
697.366
699.569
697.137
697.077
697.627
693.782
699.959
701.832
697.539
698.153
694.242
698.251
698.699
701.872
697.582
699.116
698.301
698.758
698.758
696.869
702.252
697.635
695.168
695.770
695.226
697.888
694.291
692.397
694.614
692.894
697.103
694.849
695.710
698.248
695.021
694.944
695.430
694.562
694.126
691.774
701.916
700.669
699.064
699.242
697.638
699.176
699.308
700.394
697.205
693.967
698.993
696.592
697.692
695.139
697.979
696.822
697.373
696.090
696.189
697.273
697.427
697.990
696.548
696.073
695.332
694.832
698.003
693.245
696.760
693.084
693.862
699.566
699.671
699.978
696.604
696.997
695.962
695.052
695.263
697.785
698.689
696.042
696.457
698.473
699.082
700.597
699.677
697.496
694.936
696.475
699.079
694.397
697.845
694.308
698.029
699.040
696.933
699.520
700.383
697.261
699.120
701.652
697.520
701.641
702.475
697.980
699.279
703.859
699.495
701.478
701.356
703.370
701.585
703.118
700.333
698.470
702.212
705.914
702.650
701.604
699.031
699.644
701.573
701.816
701.572
703.157
704.568
702.592
700.615
704.308
701.985
702.568
702.292
698.322
701.000
700.308
701.104
704.173
698.092
699.431
701.179
698.428
698.495
698.039
701.473
700.620
702.374
701.267
699.754
700.268
701.099
698.292
698.777
703.467
702.604
701.433
699.358
699.391
699.339
700.056
696.085
700.938
701.310
696.792
701.871
700.539
701.419
698.893
698.051
699.690
696.063
696.176
701.185
695.807
701.990
701.511
699.852
697.476
699.328
698.013
697.653
695.993
698.613
699.657
696.283
697.467
700.633
699.152
702.816
700.680
701.552
705.638
702.400
701.850
700.088
699.792
699.155
694.392
693.256
696.030
698.370
696.663
698.070
697.340
698.440
698.049
698.525
694.570
696.827
698.881
697.715
700.427
697.476
695.854
697.290
695.652
699.628
701.537
698.407
698.265
694.453
697.805
697.162
698.050
696.982
694.649
699.680
695.258
699.058
695.891
697.657
692.979
694.686
697.618
695.313
692.176
697.604
695.150
700.901
699.149
696.519
698.163
699.674
699.696
703.482
696.684
700.803
700.064
695.797
698.929
702.099
698.282
698.268
699.548
697.543
700.429
699.637
701.495
697.951
698.576
696.977
696.726
693.862
698.405
696.045
698.397
693.079
692.735
691.655
698.362
693.198
699.549
692.597
695.517
694.565
698.203
697.825
700.932
697.905
696.470
697.910
699.105
697.257
696.743
696.019
700.262
702.302
697.362
694.512
695.222
696.687
700.136
695.385
701.522
698.636
699.114
702.461
697.604
699.384
697.987
697.429
697.586
699.653
697.506
693.157
698.272
697.396
698.010
698.074
696.595
698.454
697.764
700.348
699.858
704.566
700.703
701.830
700.849
700.947
696.517
698.855
699.755
699.936
699.472
698.527
697.261
696.663
695.875
696.268
694.854
695.105
698.668
699.384
701.481
700.222
699.529
698.519
699.324
700.430
700.425
696.331
698.602
698.000
696.678
696.123
701.229
701.031
696.293
701.410
705.588
701.681
701.005
702.813
699.712
700.927
701.918
701.902
696.971
701.236
699.776
701.761
702.170
698.301
699.171
698.474
699.992
702.801
698.261
701.209
699.888
701.785
703.988
698.228
700.304
697.819
697.535
699.287
701.485
701.251
697.117
696.865
700.737
702.919
701.755
702.227
698.462
697.669
701.996
700.827
701.831
698.938
699.154
702.910
700.384
704.254
700.582
702.746
702.618
699.284
701.390
703.474
700.173
700.682
704.148
700.517
702.052
700.571
701.422
698.934
698.006
698.027
699.924
698.750
699.522
700.931
698.327
701.180
703.251
697.884
697.268
696.720
703.273
703.358
703.021
696.530
698.290
700.112
699.292
698.844
699.667
699.287
696.249
698.507
698.476
699.583
697.903
696.877
696.377
699.094
697.579
698.690
702.781
699.805
702.387
699.564
696.268
696.289
695.754
696.098
696.216
694.357
695.940
698.742
696.786
702.681
699.058
699.957
693.754
696.912
695.549
697.088
697.938
696.696
695.067
696.066
699.282
692.992
697.576
697.104
701.512
697.046
696.361
697.234
697.684
697.718
695.150
695.476
696.272
699.740
698.000
695.635
694.664
696.934
694.371
695.110
699.284
701.673
698.540
698.953
693.410
697.066
698.191
697.488
699.111
698.933
700.396
695.786
699.303
701.076
694.439
695.223
696.705
697.321
697.623
698.429
698.112
696.614
698.460
698.650
697.639
702.721
700.532
699.919
698.020
700.587
697.278
699.768
699.780
695.796
695.594
697.980
695.905
696.511
694.273
693.708
699.765
695.112
695.097
695.878
695.790
697.209
695.570
699.755
698.921
697.414
694.106
699.385
700.627
701.427
701.918
698.785
699.516
696.065
698.716
697.223
700.619
696.406
697.702
696.434
695.884
695.006
698.111
698.036
699.592
698.511
698.155
699.110
696.362
696.471
697.742
695.855
695.520
694.494
695.124
695.742
696.958
695.419
696.406
696.266
699.057
697.076
699.495
699.160
697.055
694.288
700.069
698.352
696.435
698.149
698.794
695.819
698.430
698.606
699.790
695.411
699.428
699.195
696.884
698.600
698.703
699.367
700.733
694.969
693.748
696.519
694.077
694.689
692.942
691.715
695.417
694.451
696.313
696.061
695.221
691.338
694.492
695.414
694.740
695.544
696.415
692.211
695.485
697.784
695.294
692.861
692.786
693.370
691.586
698.435
695.139
693.852
693.951
695.940
698.931
696.878
694.034
697.150
693.256
694.569
692.876
691.211
695.730
697.802
695.172
696.234
697.822
699.895
696.495
697.984
696.020
695.617
696.856
695.409
698.881
696.195
697.000
693.967
695.472
694.250
695.839
695.775
695.763
700.285
697.841
697.942
697.333
697.081
695.546
696.911
696.382
694.250
699.022
693.279
693.379
697.108
697.239
694.701
696.871
694.998
697.223
698.185
692.888
697.367
696.505
693.008
694.811
694.768
694.816
698.386
695.719
697.071
699.430
696.082
694.322
696.440
692.746
693.065
695.044
697.831
699.701
695.626
694.882
695.008
694.536
693.270
697.466
692.848
694.076
695.064
698.000
696.867
696.063
693.828
692.760
694.096
694.456
692.686
696.659
697.918
699.872
697.927
694.740
697.587
695.451
696.414
696.846
697.563
695.665
699.958
691.543
694.748
696.230
692.258
696.389
694.973
697.078
695.032
698.074
695.269
694.482
694.613
696.152
694.736
698.190
698.164
693.517
698.015
695.177
693.289
694.488
699.029
695.931
695.314
698.207
700.406
695.889
699.598
697.702
694.115
696.195
698.534
699.738
695.441
694.866
693.663
698.792
698.446
695.088
696.746
698.482
693.090
698.261
693.529
697.763
698.529
699.167
699.744
699.673
699.279
693.983
694.344
697.029
697.019
693.876
693.239
692.234
694.461
695.047
695.103
696.006
698.932
697.280
694.394
697.347
693.403
693.524
694.968
694.465
694.094
699.266
696.795
699.549
700.388
695.707
695.555
694.284
697.907
697.409
694.989
690.678
690.375
697.245
694.729
697.688
697.931
698.763
699.100
697.244
695.929
699.469
699.763
696.931
698.484
696.031
698.057
697.162
696.065
698.233
697.988
701.285
697.735
695.057
696.681
699.038
696.741
697.730
695.309
698.942
696.541
694.512
691.957
697.926
695.932
698.771
699.316
698.773
699.134
696.999
699.406
694.928
697.950
697.860
696.170
699.088
694.107
694.362
695.507
694.642
693.747
693.659
699.007
698.493
697.862
699.724
697.279
694.622
699.697
695.723
696.689
694.053
696.410
696.736
694.768
696.983
697.005
699.214
698.854
696.167
698.892
696.595
699.948
697.147
700.119
695.143
697.172
697.560
695.972
693.328
693.324
697.565
694.563
693.860
692.339
695.398
692.525
694.486
695.057
696.634
690.958
694.165
695.036
696.805
695.890
694.619
697.690
695.940
693.568
693.843
694.321
696.249
693.035
694.126
689.413
690.055
695.136
692.951
695.322
696.908
694.397
696.723
696.013
698.146
697.687
694.844
696.800
694.678
695.046
695.949
694.445
696.347
699.842
697.624
699.268
697.259
694.068
694.720
697.396
693.859
698.468
693.423
697.764
694.316
693.425
695.121
693.799
696.698
695.665
694.188
698.283
695.294
694.358
695.956
697.039
695.069
690.825
695.073
692.473
693.714
693.330
695.170
695.552
696.594
696.448
696.330
693.759
694.400
690.334
696.053
697.553
698.269
695.697
697.189
699.278
698.725
697.466
694.409
696.599
697.204
694.849
697.454
696.116
699.201
699.210
699.554
698.520
694.222
698.454
694.141
694.436
697.486
696.550
697.039
692.598
696.974
697.680
699.007
696.684
697.155
697.822
699.004
699.691
695.660
694.360
695.100
695.638
693.398
691.161
692.795
697.824
696.013
696.279
694.876
696.992
691.418
692.149
697.477
695.343
694.476
695.592
694.173
696.224
693.536
695.981
696.696
696.868
694.562
692.840
697.328
694.851
697.762
694.170
695.172
698.308
694.443
694.528
694.036
698.087
694.425
697.396
695.845
695.070
694.914
693.683
694.486
696.776
697.910
695.000
696.390
697.446
696.930
696.360
697.385
695.502
694.242
694.597
697.161
697.036
692.816
694.817
696.410
697.263
694.877
695.559
698.608
695.388
695.468
698.966
698.376
695.138
695.705
696.022
697.557
695.979
694.965
697.475
698.160
698.034
695.798
697.052
694.255
699.354
695.065
695.554
699.170
698.496
695.526
694.860
695.911
695.816
702.579
698.791
696.759
691.908
695.420
694.645
699.789
698.634
696.869
696.850
695.922
693.111
700.509
699.137
696.186
693.837
692.981
692.502
694.793
696.911
694.094
693.728
695.724
696.321
694.195
697.153
697.123
693.419
694.259
692.396
696.581
697.566
695.170
692.519
695.577
701.103
695.733
695.670
697.999
698.358
697.632
697.839
698.496
701.938
701.082
699.720
702.254
701.215
698.546
695.150
698.625
700.065
698.855
702.626
700.197
698.261
701.703
700.127
700.564
700.373
699.946
701.941
700.270
697.807
697.404
702.726
703.048
703.579
701.570
699.498
699.190
699.984
699.845
700.708
700.539
700.725
701.244
701.391
701.721
702.668
699.947
701.322
702.949
698.468
698.482
696.285
703.083
699.324
701.224
697.021
700.602
703.434
702.007
704.226
701.442
698.932
702.938
700.091
698.029
696.408
696.564
699.972
700.931
700.995
701.284
700.885
702.088
698.569
701.187
699.804
701.519
699.073
699.570
699.543
700.446
700.047
699.601
698.885
697.485
698.504
698.404
695.514
696.570
697.646
698.537
695.966
695.848
697.494
694.775
699.704
696.542
698.288
696.850
699.192
696.928
695.354
695.888
694.943
696.825
698.271
696.262
694.527
698.119
695.945
694.611
695.210
696.643
698.619
697.170
693.473
696.166
695.878
692.701
693.155
693.848
695.778
696.719
694.799
694.101
694.800
693.958
694.960
694.747
695.716
695.609
695.904
697.779
700.678
695.929
699.155
700.508
699.892
695.062
693.483
694.755
695.944
695.685
695.107
693.890
698.221
697.074
694.856
696.925
693.168
695.350
695.192
696.805
698.520
700.081
699.538
697.879
699.110
695.472
694.938
698.300
693.779
696.185
696.567
697.817
698.876
694.782
700.496
696.157
698.282
698.095
698.681
698.661
701.797
696.782
698.986
699.097
698.100
694.232
692.777
695.883
694.811
700.579
695.107
696.752
696.603
701.090
697.219
698.295
698.432
696.836
695.673
696.265
699.650
695.541
701.894
699.848
697.897
697.980
699.144
698.988
701.680
695.850
698.942
697.705
698.865
695.583
701.069
693.132
697.110
697.151
698.100
696.850
695.707
696.519
697.632
699.823
696.509
697.524
697.559
696.093
697.309
696.232
696.813
699.358
695.235
697.042
697.111
695.483
695.833
696.736
697.548
700.186
696.657
695.052
699.260
699.123
696.407
696.415
694.161
697.225
698.736
695.203
696.178
697.918
696.224
697.586
697.596
695.364
698.281
696.026
694.964
694.959
696.682
697.356
699.603
695.477
695.928
696.638
694.054
699.745
697.565
699.677
699.751
696.065
700.535
701.515
697.407
701.144
699.223
699.926
698.006
698.273
697.188
696.652
696.752
698.113
698.521
699.008
696.078
695.877
694.246
696.201
695.527
696.541
695.417
696.772
697.782
694.543
694.997
693.741
696.352
695.620
697.342
696.411
694.346
698.197
694.454
694.215
699.797
696.896
697.844
697.862
699.979
696.845
694.049
697.372
697.571
695.004
697.504
698.435
695.916
696.462
695.637
697.223
700.969
695.096
698.447
698.130
695.490
697.786
696.794
700.408
703.180
697.901
697.016
696.160
696.951
695.968
694.128
694.904
696.548
693.848
698.940
701.673
697.686
697.536
703.569
699.938
697.782
699.524
700.696
698.125
697.970
700.444
698.732
697.309
697.139
696.221
700.068
698.601
696.348
700.098
694.766
697.842
698.132
699.227
697.173
695.439
699.867
698.844
699.009
693.449
696.656
699.297
698.380
697.941
698.543
699.972
699.425
696.969
699.809
700.521
697.410
698.641
699.876
698.166
699.869
698.021
698.701
702.018
699.507
695.980
695.439
698.757
701.145
699.536
702.054
702.904
696.251
699.415
700.605
698.585
701.221
699.616
698.721
697.914
696.253
695.685
695.201
698.652
696.562
697.266
696.728
697.378
696.113
698.363
697.452
699.525
698.169
698.095
697.615
696.619
694.227
694.894
695.967
695.541
699.688
698.255
699.140
696.443
694.281
697.532
695.439
699.478
696.050
695.014
695.189
697.667
698.817
697.723
698.735
697.441
694.674
701.007
699.772
697.161
700.037
702.183
698.908
696.362
694.957
696.291
695.449
694.244
696.727
698.600
700.089
697.609
699.036
698.759
694.850
697.572
699.809
698.336
701.065
697.893
701.361
701.551
700.840
702.182
698.895
698.431
697.197
697.139
701.107
701.000
696.880
702.042
701.255
698.861
696.692
698.822
699.614
697.561
697.519
700.144
703.418
701.895
703.557
705.609
700.847
698.148
697.244
698.466
697.839
700.888
702.868
698.740
698.993
696.221
698.196
699.892
699.325
700.754
700.243
703.188
705.042
707.781
702.883
700.063
701.430
699.926
702.586
703.903
700.442
699.683
699.326
698.299
700.121
697.936
699.653
700.057
700.396
698.684
700.625
702.957
704.915
704.227
701.801
696.724
704.528
702.821
701.994
704.110
700.617
704.450
701.501
700.592
704.487
704.102
705.963
703.120
705.133
705.977
703.243
705.252
705.595
705.660
705.352
709.297
706.879
707.746
705.933
701.724
704.051
704.184
707.110
702.155
702.106
703.108
707.278
705.187
703.597
704.395
703.340
701.789
701.832
703.115
700.852
702.226
705.279
705.976
706.428
704.454
703.356
699.480
702.974
704.900
701.633
700.642
701.679
702.325
705.257
701.575
701.408
702.627
702.046
703.949
701.158
706.293
704.913
703.965
704.498
704.159
703.466
703.969
701.246
702.202
700.462
702.367
699.171
696.928
702.008
705.049
704.618
703.863
699.433
703.925
704.318
702.240
701.301
704.667
700.888
700.537
704.390
707.055
703.251
703.524
700.622
703.758
702.685
701.935
704.353
704.332
704.287
705.161
701.737
705.105
703.369
702.125
705.046
701.286
704.924
703.540
700.424
700.769
704.622
704.570
703.149
701.843
703.980
702.316
699.301
703.851
704.495
707.463
704.246
700.351
704.759
705.111
704.120
701.649
706.126
704.338
705.024
704.737
705.240
707.058
707.523
704.938
707.445
702.909
707.469
704.404
703.214
704.612
702.313
702.594
705.025
706.295
702.254
703.520
705.304
702.991
702.290
701.914
701.066
703.309
701.989
702.489
703.036
696.400
699.565
698.982
699.219
696.674
696.658
697.039
700.592
698.555
696.688
700.238
698.085
699.771
700.759
697.937
698.843
697.673
696.535
700.615
698.336
699.002
700.386
701.197
701.005
698.764
701.189
702.691
700.074
699.205
701.519
699.670
698.053
699.031
700.153
698.563
700.499
702.038
697.448
697.459
698.069
698.205
700.465
698.325
701.807
705.582
698.209
701.784
700.536
701.932
705.347
702.114
700.250
704.799
700.577
706.825
702.019
701.389
703.534
703.925
703.818
701.596
702.409
700.136
701.070
699.627
703.840
704.601
704.218
704.347
704.163
703.088
705.226
702.392
703.635
700.597
701.523
699.285
700.202
704.194
702.775
698.690
701.830
699.098
702.241
700.697
698.510
699.571
704.141
705.094
702.318
698.158
703.480
704.447
706.211
703.414
700.116
703.734
701.822
701.532
698.107
700.946
701.396
700.020
702.069
696.796
698.865
696.530
701.149
700.854
700.717
699.984
695.523
697.154
696.718
695.753
697.158
701.119
695.693
695.388
695.651
694.635
696.114
699.713
699.035
698.992
694.123
694.735
693.213
694.254
695.611
697.923
697.821
696.651
694.583
695.801
697.827
698.060
697.307
696.259
693.974
694.554
697.684
700.936
698.216
696.676
697.091
697.846
696.899
697.895
694.514
