694.343
692.685
691.178
692.085
691.435
693.034
694.084
695.017
701.250
695.368
697.997
698.058
696.303
698.899
696.358
695.877
695.739
698.013
699.621
695.679
692.501
698.057
694.011
695.255
693.743
696.116
693.886
694.591
694.638
690.629
694.424
694.279
693.760
696.211
696.511
696.598
694.927
694.207
694.102
699.595
697.257
696.685
698.953
697.449
697.167
698.739
697.753
697.486
696.440
698.904
696.648
699.558
699.156
698.742
693.519
696.842
697.750
699.714
695.800
696.627
695.217
692.825
696.586
701.075
697.297
693.340
696.044
698.247
700.788
699.108
696.488
695.096
696.582
695.719
701.635
700.339
699.784
695.338
697.028
693.933
697.720
694.736
693.593
697.748
698.913
692.915
692.660
697.496
697.583
697.010
696.604
699.124
698.393
700.637
701.059
694.969
695.642
697.730
694.566
696.562
697.427
694.106
701.467
698.980
699.611
695.971
696.692
699.021
696.597
697.882
695.752
697.907
696.293
695.384
697.695
696.103
695.798
694.823
696.759
692.821
696.992
696.033
694.639
693.160
691.554
691.519
695.475
696.696
697.956
696.654
696.729
699.252
699.364
699.127
698.640
698.582
694.249
697.327
697.279
696.189
698.576
698.101
696.697
698.592
698.715
695.972
697.111
699.652
697.917
701.653
699.747
698.042
696.733
695.921
696.535
700.346
696.763
693.435
699.340
695.326
695.047
696.682
698.585
697.629
693.587
697.546
694.764
692.835
696.830
696.158
696.679
694.525
697.216
693.121
698.762
697.025
699.784
695.747
697.939
697.086
696.523
701.356
695.902
695.345
695.729
695.743
694.065
694.923
695.348
694.992
696.125
698.088
702.334
698.088
700.255
696.997
699.487
692.891
695.413
696.087
698.360
696.090
698.910
695.030
699.915
698.221
698.863
692.973
693.726
695.226
697.009
694.737
696.944
695.791
700.120
696.124
699.008
700.957
697.563
698.110
695.659
696.443
694.372
694.639
699.405
696.745
694.849
694.583
694.230
699.100
697.962
698.378
695.838
695.369
695.925
699.536
695.959
699.097
699.075
699.951
697.000
701.759
699.811
699.152
697.789
704.649
697.347
697.375
697.774
694.271
701.256
695.004
697.379
703.578
700.351
696.679
699.090
700.017
698.882
696.652
696.458
695.585
696.510
694.818
697.801
696.511
695.964
697.231
696.077
700.292
698.917
701.534
699.341
700.963
699.574
698.954
697.444
694.791
697.365
695.008
696.849
697.822
697.821
693.517
693.431
700.465
698.104
696.452
696.473
701.577
699.841
696.806
700.980
700.868
700.553
699.479
698.487
697.681
696.939
697.113
698.115
697.886
693.890
698.775
697.481
699.635
696.277
694.435
697.068
697.283
693.702
695.611
695.121
696.248
696.014
696.533
694.867
696.717
697.896
701.834
695.641
697.685
700.437
694.817
693.985
695.006
694.858
695.910
702.693
701.068
701.134
701.055
698.518
696.670
697.577
695.171
693.197
698.238
700.148
699.882
694.971
698.738
699.264
699.602
697.799
695.795
695.284
694.427
695.222
698.163
697.330
695.534
697.163
698.298
700.522
693.841
697.940
699.058
696.352
699.228
700.792
699.771
696.220
694.835
696.942
700.244
696.054
694.045
698.944
698.950
698.100
698.641
697.524
698.890
698.739
698.905
695.835
696.555
696.071
694.482
696.780
700.684
700.266
696.567
698.382
696.280
695.386
693.479
693.441
694.953
691.260
694.607
695.895
697.963
698.009
695.610
696.336
692.819
696.870
697.210
698.804
696.393
701.876
695.322
693.837
696.107
693.492
694.598
694.720
697.334
699.357
697.368
699.760
700.170
701.741
696.722
693.609
697.501
696.298
699.161
701.097
696.669
699.102
697.597
695.790
692.914
695.380
698.137
694.702
694.451
694.007
698.609
701.671
697.744
697.726
695.798
698.278
697.251
694.341
697.489
699.574
695.044
695.552
695.608
693.448
694.032
694.796
692.982
693.716
697.234
696.524
695.277
699.201
697.032
694.703
697.222
695.978
695.814
693.987
694.018
697.593
693.035
692.297
692.764
692.999
696.058
694.512
694.821
695.862
695.841
697.500
694.685
700.935
693.885
699.027
697.213
695.971
696.239
699.626
695.255
695.936
695.797
698.434
699.379
694.767
693.032
696.327
696.132
691.295
692.991
693.670
698.318
696.081
698.635
700.619
696.633
690.753
695.982
694.677
697.147
697.156
696.795
694.685
694.810
695.433
698.649
699.075
700.028
698.116
695.203
693.989
699.673
699.297
698.913
699.765
696.847
700.267
694.824
693.582
695.711
695.776
698.394
696.536
696.853
698.104
697.035
696.315
698.874
694.225
697.586
700.230
699.966
700.126
696.535
697.918
696.561
696.832
693.620
697.095
694.932
697.505
697.295
699.164
697.759
697.927
696.306
696.340
700.176
697.406
699.412
695.716
698.623
697.804
697.112
698.036
696.172
699.734
703.528
702.863
697.217
705.637
701.226
701.122
698.290
700.596
700.765
702.932
700.299
699.934
699.228
698.218
703.229
698.022
701.420
693.848
696.175
698.858
698.866
700.114
701.982
701.101
699.580
697.336
700.634
701.056
701.682
699.868
692.944
699.865
699.802
700.869
700.071
698.870
697.669
697.848
696.415
690.349
695.950
698.558
694.425
696.745
698.304
696.274
693.457
694.909
698.329
694.084
696.946
701.640
701.597
693.187
697.674
696.593
698.884
697.589
692.823
695.982
695.112
697.312
694.374
696.579
697.852
700.316
701.506
695.569
695.973
698.288
696.644
696.380
693.107
694.917
695.977
693.492
698.694
696.543
698.168
695.840
693.615
697.400
698.792
695.324
695.318
696.116
696.785
694.302
696.595
696.403
695.427
695.646
695.908
696.617
696.144
699.827
696.216
699.661
694.137
699.028
701.052
694.568
696.221
697.083
694.210
696.154
699.887
694.907
697.205
691.035
694.289
696.422
694.146
693.533
699.919
693.683
697.476
691.178
697.346
697.914
695.980
694.608
697.155
697.504
694.973
696.693
693.892
694.958
691.819
695.775
693.899
694.277
696.261
695.827
697.506
696.860
696.567
694.476
695.516
700.314
695.792
694.763
700.231
695.407
697.301
695.452
694.767
700.888
697.810
696.658
694.250
696.885
694.182
696.568
697.168
693.661
695.665
690.852
698.056
697.006
700.022
696.554
696.675
696.477
699.456
697.796
696.313
702.395
697.400
701.226
698.045
693.792
696.328
690.758
695.679
692.464
695.858
693.356
694.741
693.618
694.483
698.010
699.954
696.212
699.008
696.131
694.792
698.853
697.405
702.148
696.121
694.654
695.610
694.072
698.095
695.753
699.824
698.407
696.639
696.919
696.383
695.949
694.716
695.313
692.194
697.439
700.094
698.861
698.105
695.572
697.527
697.574
696.144
694.887
693.374
697.003
693.191
693.036
691.054
695.970
695.163
697.712
695.305
696.328
694.896
695.811
695.790
696.985
698.539
695.403
694.641
697.660
697.750
699.592
693.885
697.518
695.590
694.382
696.046
694.893
696.814
693.801
695.091
695.114
698.546
697.116
694.940
698.368
693.374
697.120
694.140
695.434
695.770
695.597
695.046
696.064
693.920
696.055
693.124
692.744
694.994
698.035
696.227
696.069
697.753
697.748
694.343
697.299
698.867
700.045
698.011
692.459
696.302
693.389
696.062
694.849
697.067
694.902
695.367
695.901
696.885
694.804
696.800
698.606
696.045
696.910
698.226
695.162
691.977
695.366
696.004
693.392
693.257
692.479
690.594
693.500
695.256
691.238
695.238
690.982
693.484
693.795
693.405
694.830
696.300
692.200
696.887
696.019
694.210
695.834
699.428
697.255
693.039
694.500
697.790
695.470
696.297
699.932
696.263
696.405
694.679
697.824
697.847
698.780
696.882
696.037
700.121
692.564
693.803
697.803
698.130
694.643
697.880
696.934
696.224
696.159
694.889
692.697
692.984
695.459
696.325
698.060
698.278
698.651
697.198
696.988
698.574
700.935
698.124
699.339
697.613
699.540
702.526
697.614
700.022
698.171
700.989
697.503
697.603
696.499
697.758
700.893
694.224
690.897
692.913
696.116
696.025
695.853
691.609
693.831
692.726
691.496
693.459
695.495
695.383
695.710
697.261
697.212
693.748
696.793
700.723
694.646
697.377
699.036
697.647
698.399
702.590
697.542
702.712
698.758
699.691
697.739
693.625
698.269
692.661
697.818
694.846
694.703
698.768
699.775
698.448
697.956
698.674
696.473
698.760
702.576
697.488
696.270
695.918
698.515
696.447
698.336
695.366
695.067
695.198
700.529
699.484
695.157
696.013
696.043
696.806
697.957
699.395
697.091
698.166
698.164
695.413
694.476
698.173
697.758
701.279
699.535
700.404
699.131
698.283
695.913
698.442
697.157
700.814
699.512
695.952
696.552
698.383
697.817
696.332
696.383
694.388
698.244
696.635
696.608
699.709
698.201
698.984
698.775
696.635
693.067
695.651
694.837
695.421
698.283
697.848
704.564
699.448
696.334
694.243
701.090
700.545
700.412
697.817
696.730
699.013
700.436
697.059
697.282
699.258
699.850
695.741
694.801
694.303
692.811
695.214
700.543
693.796
696.858
695.843
694.056
694.838
694.853
693.104
695.614
696.905
695.188
697.644
694.866
694.434
697.925
692.949
694.472
694.565
694.160
695.084
694.548
694.523
694.899
693.560
693.757
693.761
696.945
696.150
697.913
694.854
692.717
694.660
696.341
698.361
698.893
700.049
696.911
696.729
698.874
697.667
695.021
698.572
700.622
699.496
701.042
697.546
696.321
698.639
693.178
693.934
694.982
696.523
698.491
697.714
699.443
694.683
697.236
695.344
692.895
697.267
696.564
698.223
693.117
695.560
694.972
694.924
696.979
697.724
693.885
696.652
696.775
694.331
697.879
699.130
695.708
694.741
693.034
697.027
695.498
695.422
693.845
693.285
693.929
693.727
694.274
693.337
699.313
696.425
695.976
694.624
694.358
697.463
695.392
697.528
697.177
694.890
691.746
700.241
696.208
697.625
696.815
698.340
698.834
701.050
698.909
700.337
696.949
696.377
701.328
695.743
698.284
698.177
701.252
698.832
696.522
695.985
697.853
698.413
697.284
695.379
696.915
696.004
692.918
695.446
694.797
698.550
694.695
697.758
695.988
697.355
696.432
696.181
696.075
693.896
698.153
697.423
697.008
695.000
698.878
698.113
696.417
694.181
700.184
698.322
696.717
692.918
696.773
699.722
697.523
700.946
695.358
699.744
696.557
699.706
699.138
696.858
697.814
700.663
695.089
701.502
696.352
696.505
699.857
701.012
698.581
698.529
703.668
700.062
697.609
699.909
699.876
698.935
696.669
696.614
698.159
695.741
699.325
698.309
699.468
702.341
696.084
701.850
699.963
700.003
699.477
696.778
701.936
701.939
701.249
702.383
700.203
701.187
700.446
701.106
703.496
701.386
701.126
698.061
700.712
701.111
702.236
696.202
695.322
700.065
703.837
700.857
701.235
701.866
698.343
698.673
702.974
700.728
699.003
699.775
700.544
702.121
700.219
701.035
700.361
700.648
700.859
703.381
701.980
700.708
698.968
700.838
701.280
698.442
693.916
698.910
698.191
695.427
695.296
699.743
699.606
701.269
697.162
700.550
700.110
697.626
698.324
700.229
699.938
694.090
697.509
697.748
697.820
699.386
697.058
699.836
701.227
698.467
697.550
698.699
698.302
701.802
703.903
700.451
698.342
698.245
696.604
706.110
702.012
707.590
702.300
694.754
698.849
696.833
694.765
698.027
699.108
698.160
701.150
698.609
699.321
699.387
696.549
699.146
699.609
700.068
698.402
700.465
695.340
699.056
699.916
700.365
696.584
698.998
700.931
701.050
701.140
698.564
697.724
699.081
698.771
702.057
707.283
696.075
700.848
700.659
698.695
701.069
700.611
700.254
697.441
695.083
697.617
701.846
698.800
699.188
698.701
701.807
698.242
699.069
699.348
704.982
706.657
702.557
701.816
700.430
704.225
702.434
701.850
700.823
699.395
703.073
701.494
699.630
699.215
702.551
703.263
693.480
703.473
700.806
702.115
702.014
699.763
699.426
697.902
701.273
698.387
696.155
698.017
700.124
696.781
699.231
699.263
703.250
698.755
696.485
697.490
699.072
698.117
698.387
699.736
702.554
696.868
700.305
698.766
700.322
697.380
696.417
695.665
698.825
697.331
701.011
697.994
699.990
698.476
694.826
693.531
697.501
697.653
694.853
695.704
699.198
698.570
693.562
699.382
698.719
695.076
696.474
699.692
696.502
697.965
699.978
700.083
700.334
697.457
701.109
699.318
699.679
696.333
696.713
699.995
696.961
696.224
697.302
697.000
698.290
699.082
697.966
696.539
694.686
695.342
696.230
699.016
699.398
699.674
692.869
697.802
695.665
698.941
695.857
697.662
699.676
697.223
697.021
698.914
692.475
698.609
699.378
692.847
696.591
695.562
693.872
697.674
699.327
699.038
693.802
694.409
694.625
695.579
700.249
698.668
696.371
693.275
694.591
697.362
693.362
694.319
696.963
698.678
698.584
698.563
697.284
694.052
697.494
692.174
696.355
695.872
694.387
697.916
696.720
693.838
695.159
698.397
695.470
696.816
694.298
695.961
694.785
694.021
694.971
691.983
694.944
695.592
693.937
696.571
695.538
695.869
695.676
693.888
696.549
692.586
696.811
694.731
695.733
696.771
699.659
696.438
695.526
693.340
694.527
691.922
696.381
692.637
696.412
695.180
697.252
695.940
696.158
698.761
696.742
694.632
696.270
695.631
692.971
694.075
694.315
696.563
695.075
695.843
693.862
696.121
692.899
696.858
691.221
695.854
696.498
696.703
693.477
698.731
701.730
695.661
694.946
695.243
699.027
698.682
694.997
695.103
698.490
697.445
695.065
695.075
698.109
696.699
693.410
693.646
694.828
694.951
696.502
694.536
695.512
696.733
695.546
692.609
696.880
698.711
699.037
695.720
696.698
697.013
695.900
699.306
698.059
697.602
694.305
695.461
696.548
695.932
696.536
696.876
697.374
696.983
693.244
693.877
693.911
698.204
695.174
698.974
696.724
697.761
697.837
694.668
694.691
695.128
698.484
690.967
696.257
693.501
691.054
692.880
695.685
698.797
697.612
693.296
698.600
699.879
698.482
695.232
692.487
695.011
694.736
691.585
692.440
697.282
695.345
696.436
696.331
696.517
693.199
694.710
698.227
695.825
694.487
696.113
697.049
694.395
697.309
696.675
692.434
697.015
699.965
698.267
700.119
696.794
693.755
691.881
692.923
693.417
696.351
696.342
694.794
695.392
696.131
697.044
696.269
695.513
693.357
699.852
696.888
693.704
694.024
691.398
691.469
695.689
694.338
697.570
695.467
697.453
693.285
693.168
693.921
695.349
696.038
695.981
694.100
695.604
693.013
696.270
694.184
691.613
694.908
690.480
696.172
697.139
695.756
694.977
693.558
695.146
695.852
693.854
692.910
696.818
697.252
697.177
693.711
696.554
695.209
696.495
696.022
697.446
694.837
697.928
695.528
697.996
698.790
698.050
694.089
695.102
695.403
698.822
699.978
702.211
694.075
690.570
696.417
698.140
694.985
695.307
697.770
698.544
699.778
698.211
698.672
697.356
696.997
700.520
695.602
696.101
697.625
698.908
698.095
694.275
695.479
693.732
697.068
693.367
696.977
694.791
696.526
697.269
696.451
697.956
699.302
698.698
696.294
697.730
693.865
696.488
694.906
695.540
697.470
697.178
694.197
699.002
693.487
697.765
697.966
698.015
698.176
700.134
699.189
698.386
697.120
701.081
699.081
695.908
697.959
697.569
702.664
697.930
699.126
696.521
697.604
696.727
693.569
698.159
700.663
698.825
695.216
696.107
697.890
695.389
697.584
697.257
695.960
695.074
695.558
696.061
697.680
700.664
697.045
695.997
696.309
695.504
701.508
700.005
694.601
700.994
697.927
702.272
702.035
696.835
696.497
699.965
698.288
698.628
696.862
696.212
695.887
699.786
701.452
702.267
701.433
696.638
696.189
695.328
698.986
698.317
699.104
700.847
694.360
694.406
699.211
694.089
698.220
699.444
697.412
696.650
697.682
699.253
694.703
698.864
697.675
699.175
696.411
691.583
694.857
697.441
695.193
695.155
693.424
695.919
694.400
696.209
693.594
695.683
695.237
695.579
695.046
696.108
696.544
699.283
696.363
694.227
692.605
694.412
697.400
696.881
695.258
695.267
691.714
696.487
689.764
694.632
697.206
698.671
698.504
694.444
695.105
696.510
695.259
693.870
692.568
693.861
692.403
696.646
696.798
691.862
697.309
697.103
693.937
691.942
696.693
694.921
693.542
694.735
694.636
700.573
698.825
699.905
699.058
698.828
693.424
693.133
692.514
694.133
695.676
696.088
696.754
695.438
696.169
694.936
692.383
691.571
696.662
695.190
696.949
697.931
696.479
698.096
699.893
696.593
693.906
693.573
695.771
694.784
697.932
692.065
692.407
694.195
691.902
697.532
695.168
699.658
693.457
695.355
697.751
696.678
696.137
699.904
698.245
692.298
697.655
699.195
694.595
697.061
695.645
699.751
697.579
696.275
697.460
694.428
698.922
699.237
700.196
695.395
696.245
698.832
700.519
692.125
695.831
695.055
694.270
699.694
696.432
697.778
698.926
694.981
696.596
697.007
698.089
694.781
698.177
697.287
698.446
697.946
693.765
697.337
696.912
695.255
695.955
695.271
698.417
696.744
696.041
697.850
695.086
701.079
697.136
694.721
695.906
696.642
695.354
691.108
693.163
695.131
697.771
694.816
699.497
698.893
697.570
695.560
696.537
697.216
695.410
695.751
695.820
697.509
691.965
693.231
696.292
694.823
695.354
699.684
695.142
693.578
698.580
699.133
696.876
695.163
701.114
696.667
697.807
699.244
698.892
694.243
695.457
693.633
695.025
698.249
695.630
696.189
696.359
696.140
694.885
695.498
696.942
697.329
699.610
693.778
698.098
695.480
692.039
694.219
697.356
694.101
696.263
694.392
696.567
697.444
695.504
698.465
694.915
693.200
693.810
694.148
696.052
698.626
695.683
699.324
693.851
697.055
694.921
697.975
698.468
691.839
695.257
691.313
694.953
700.933
700.439
697.619
699.547
697.603
697.423
695.122
698.315
694.330
697.044
699.247
699.538
697.533
694.977
698.068
695.284
699.403
696.642
694.944
696.747
692.025
696.806
691.158
693.240
694.156
695.913
693.369
695.725
694.288
698.555
697.852
698.451
696.735
697.952
695.425
696.783
697.273
697.381
693.534
691.436
695.848
696.124
694.730
695.926
696.982
696.619
694.851
699.706
695.152
698.381
695.896
694.953
697.107
690.415
695.820
694.478
697.419
698.452
698.110
694.429
698.484
693.148
691.735
695.341
693.058
695.251
692.023
694.291
694.289
695.227
695.336
700.523
692.668
693.664
696.957
694.384
695.987
694.733
697.286
694.090
698.597
699.247
700.055
695.725
695.450
695.980
694.322
698.465
696.764
701.813
694.334
696.685
693.057
694.031
694.947
697.142
698.206
694.115
695.269
691.573
694.151
693.609
693.135
695.617
697.914
698.640
697.094
695.202
698.084
695.298
692.737
695.868
693.481
695.332
696.028
698.888
695.430
697.718
697.431
694.189
698.905
696.365
693.099
693.333
693.710
699.420
697.349
698.121
695.584
697.922
694.346
696.767
694.202
702.195
697.587
695.732
697.396
694.742
693.195
695.436
697.948
697.256
700.485
701.041
697.140
696.867
696.230
696.705
694.479
697.479
697.040
699.063
698.089
696.076
695.800
697.637
695.283
699.557
696.382
697.136
696.728
693.688
694.474
695.879
693.554
695.485
700.150
697.080
695.886
695.478
697.286
697.967
695.025
696.406
697.619
694.664
697.235
694.944
697.645
697.376
697.658
699.986
700.573
699.033
697.375
697.752
695.807
695.112
693.534
694.546
694.955
697.169
696.694
699.540
694.612
693.932
692.852
694.119
693.228
695.226
691.296
698.478
693.311
694.822
695.616
696.111
697.767
692.859
697.473
694.632
695.092
695.306
697.971
695.255
699.977
698.587
698.551
698.134
699.229
698.807
696.219
699.120
693.348
696.984
697.925
697.732
696.380
697.902
694.643
693.716
698.145
693.842
693.739
694.089
694.028
692.319
694.863
692.831
697.910
696.307
697.951
696.619
699.501
695.935
697.969
694.932
693.130
698.119
701.820
702.047
695.054
695.909
695.901
692.686
693.749
694.102
696.196
697.157
702.468
701.820
697.357
694.899
696.579
696.962
696.779
696.294
697.448
694.925
697.153
693.775
696.615
699.261
700.264
695.712
698.920
697.404
696.749
691.862
694.719
696.937
697.188
695.047
696.157
697.397
698.704
694.138
697.917
694.248
692.276
697.273
696.487
696.000
698.465
699.722
695.888
695.250
697.234
695.315
695.508
693.720
693.500
694.857
697.241
695.665
698.510
696.516
693.528
694.801
699.880
697.804
695.840
696.502
692.137
699.279
700.612
696.685
696.116
697.446
693.774
694.772
694.491
690.610
694.480
692.814
695.166
693.624
697.113
693.985
695.899
692.335
692.572
695.733
695.733
693.401
694.607
695.570
695.976
700.075
696.669
695.357
696.072
696.715
693.874
697.472
692.832
693.286
691.631
688.497
696.317
693.502
695.999
693.205
695.446
691.355
694.170
697.461
696.750
697.706
695.089
696.881
694.196
696.653
695.626
695.827
695.041
693.949
689.665
696.750
694.072
698.200
695.484
699.803
698.514
700.279
692.023
691.435
697.793
697.663
697.197
697.222
694.461
694.071
695.710
699.704
692.859
697.451
694.788
691.836
697.751
698.507
693.927
691.413
691.977
694.698
692.189
694.638
695.928
694.728
696.904
698.919
699.978
695.867
695.758
693.831
696.251
697.373
697.973
695.726
697.959
695.165
697.094
700.878
698.897
696.714
695.428
695.706
695.633
694.732
692.888
694.154
695.360
694.153
699.544
697.032
697.795
694.140
694.064
693.666
697.245
696.327
693.287
696.127
695.241
698.001
696.768
699.172
698.314
697.943
695.298
693.714
693.585
698.428
693.567
693.543
694.143
695.721
696.262
694.820
700.320
696.616
697.487
694.960
691.864
691.799
698.201
699.184
697.292
698.332
697.211
699.582
699.370
697.397
697.203
696.069
697.586
696.040
693.939
695.492
694.794
700.573
701.883
700.237
697.214
700.886
693.477
699.521
697.705
694.332
697.178
698.585
696.006
697.697
695.363
693.003
697.462
699.740
697.314
701.362
698.002
698.250
696.667
695.072
701.435
697.678
698.399
696.845
702.882
697.515
698.525
696.086
698.145
697.702
698.558
693.110
696.107
694.477
695.874
699.620
695.621
697.073
695.967
696.135
695.156
695.440
697.907
697.134
692.009
695.769
695.392
698.599
699.380
698.944
701.338
696.306
701.241
696.661
695.724
697.878
699.078
695.344
698.788
698.422
697.592
692.606
699.266
696.842
695.030
699.479
697.675
695.623
696.508
698.988
692.591
695.291
694.013
696.277
695.230
695.581
694.255
694.547
694.233
696.287
698.645
695.015
694.397
692.230
695.065
692.196
692.899
696.299
695.773
695.416
693.087
695.348
695.563
693.686
700.488
698.837
698.209
694.452
691.232
693.335
695.100
694.700
693.913
696.582
696.071
691.397
695.441
694.540
697.867
697.262
694.484
693.276
697.160
695.611
697.807
694.006
692.576
691.994
692.326
694.071
695.447
694.614
695.749
691.428
695.986
696.238
696.285
701.254
694.968
702.372
701.115
700.947
699.082
696.571
697.495
697.011
699.121
700.132
697.595
695.583
695.371
699.385
696.051
697.702
697.641
696.513
696.252
696.851
695.547
699.708
695.961
697.244
694.367
694.579
695.588
695.955
696.100
698.559
697.083
696.707
690.793
695.525
695.170
696.541
693.837
694.572
696.195
698.236
697.020
698.581
697.839
693.564
697.583
699.207
698.866
697.072
697.421
697.620
697.235
699.514
701.561
699.863
701.939
702.322
699.035
699.660
698.933
699.316
696.150
694.796
696.347
697.154
696.873
692.087
695.927
696.407
693.549
699.525
699.103
693.865
695.125
694.840
695.620
694.004
698.628
694.995
695.486
698.785
692.632
695.343
697.367
697.122
694.587
696.338
696.126
695.542
694.019
697.602
697.930
699.617
698.476
698.697
696.274
694.363
697.933
697.689
696.958
693.876
696.025
695.065
698.126
695.570
692.829
695.769
697.231
695.060
694.777
698.468
698.315
694.345
692.801
694.027
696.898
697.410
692.013
693.474
696.452
698.690
698.880
695.927
695.305
695.084
698.577
700.547
697.973
701.521
698.281
697.029
697.376
692.683
697.095
697.089
699.069
693.601
695.007
698.514
699.568
702.345
700.004
701.193
701.673
693.760
694.750
695.807
697.327
699.707
696.975
696.642
696.580
695.082
695.130
700.197
697.024
700.277
699.893
696.183
697.936
700.830
699.709
696.523
696.365
693.070
698.360
696.952
700.057
700.237
696.016
700.716
698.698
696.387
699.214
695.576
697.848
697.090
699.566
696.890
696.158
698.725
696.611
695.013
700.225
694.411
697.183
696.339
694.778
696.519
695.380
693.300
698.520
701.638
700.315
697.422
697.692
698.232
696.248
699.861
697.936
698.021
701.749
695.879
695.441
699.023
701.404
697.316
700.347
697.013
693.636
699.454
696.956
694.820
694.432
698.579
698.922
699.332
694.562
697.634
695.949
698.520
694.284
694.558
696.731
697.184
695.572
694.188
696.304
695.852
696.684
694.540
697.026
693.240
694.200
695.881
696.161
696.186
692.524
693.876
694.236
692.320
693.734
695.719
693.909
694.945
696.226
696.003
694.818
694.982
696.692
695.156
697.197
696.253
695.284
698.140
693.476
696.185
698.854
698.129
699.876
697.596
694.883
696.881
698.716
699.192
695.033
694.849
696.479
697.140
692.858
694.273
694.572
694.687
691.023
691.361
692.920
695.287
697.599
698.881
694.115
695.231
689.791
691.256
693.349
690.350
691.942
694.386
693.187
695.049
693.923
692.497
692.621
697.015
691.474
694.586
693.566
697.880
695.389
696.318
701.035
697.823
696.347
697.840
697.092
699.091
693.777
694.400
692.770
692.151
695.417
697.185
692.577
694.530
694.487
695.170
696.119
698.209
699.356
692.891
695.620
697.377
696.842
698.054
698.690
695.622
698.298
696.641
694.724
695.210
697.496
696.607
695.447
698.394
697.431
696.181
695.107
695.631
695.011
694.777
696.267
691.747
696.554
695.956
692.079
693.961
694.833
695.355
692.604
695.617
692.610
693.010
693.232
694.590
694.369
699.172
697.190
691.846
693.606
696.020
693.571
695.369
695.957
696.983
698.117
699.813
696.481
696.971
696.311
695.882
690.696
692.311
695.862
694.802
694.245
696.575
691.053
692.933
695.139
696.976
696.714
696.635
695.632
693.052
693.581
694.190
696.332
695.075
696.986
696.902
693.790
695.407
696.725
694.611
694.344
696.737
696.801
697.991
695.035
694.649
696.689
690.190
693.009
692.118
697.090
698.240
694.622
697.215
694.083
695.698
697.238
697.450
696.536
693.089
698.767
697.131
693.955
694.462
692.684
700.037
699.091
698.643
696.982
696.265
699.372
696.606
698.019
695.956
701.813
694.524
694.514
697.598
697.522
699.304
696.093
695.929
695.249
699.114
697.908
698.430
696.236
698.847
698.991
694.587
697.993
693.992
694.169
697.047
699.512
702.667
696.842
694.997
696.301
693.526
694.263
695.276
694.981
694.484
694.322
695.155
696.163
697.528
701.018
697.429
697.939
697.800
695.764
699.521
701.587
703.257
700.552
701.766
697.710
694.433
697.168
696.968
699.769
694.524
695.997
696.902
696.127
697.856
699.966
702.073
704.869
701.740
699.062
700.665
699.443
696.449
701.564
697.746
699.254
698.623
705.216
701.711
699.037
694.823
698.949
697.724
697.368
698.787
694.802
697.183
699.484
702.049
697.681
696.770
698.749
696.972
700.380
697.643
698.675
696.701
699.450
700.095
699.579
698.432
699.229
702.021
699.221
700.181
699.576
698.437
702.816
704.046
704.678
698.075
698.759
696.398
698.350
701.400
697.926
698.533
699.835
698.689
700.155
699.528
698.194
699.744
698.246
699.040
698.816
700.093
703.546
700.979
702.127
698.054
699.349
695.042
693.862
696.392
696.333
694.995
697.439
699.883
696.747
693.770
691.992
694.665
693.665
694.252
693.341
695.480
694.992
696.054
695.004
698.367
694.047
698.805
694.263
696.942
695.521
693.706
696.604
695.221
694.420
696.967
695.998
695.059
697.345
697.138
697.940
698.098
697.513
693.671
694.505
692.394
695.916
695.152
695.629
693.245
694.757
697.690
698.497
695.628
695.715
696.395
697.532
701.073
699.354
697.867
697.421
699.656
697.456
698.012
699.812
696.527
697.758
697.322
699.076
696.021
692.753
691.206
697.759
696.124
699.153
697.419
695.406
693.144
694.887
694.133
696.982
699.290
695.084
695.025
696.396
694.817
694.661
693.499
695.724
695.377
695.723
695.398
694.827
692.629
697.417
691.729
693.238
692.098
694.743
694.710
692.282
694.180
693.540
697.135
696.613
696.487
695.764
697.954
697.009
695.044
698.972
696.843
698.954
697.309
695.352
697.050
696.792
694.488
695.663
695.922
695.833
700.760
697.608
695.853
696.187
696.826
703.387
697.399
698.163
701.255
697.796
698.363
696.611
697.005
692.357
698.967
699.704
703.218
695.144
696.044
692.034
695.032
696.664
695.731
695.840
696.061
695.345
698.627
695.396
694.674
694.959
696.425
695.752
700.874
701.663
699.285
699.264
700.294
695.230
698.749
694.202
698.556
694.732
693.052
694.122
697.643
693.577
697.067
695.124
696.054
695.699
695.431
694.721
693.118
695.279
693.008
690.792
692.948
697.849
693.923
694.608
694.028
697.716
695.542
693.348
694.105
696.059
696.521
699.693
697.624
692.105
695.175
692.831
692.924
691.850
690.800
693.364
695.148
697.931
700.554
697.529
697.540
693.590
696.680
698.808
699.637
694.935
694.464
695.400
691.283
690.631
693.224
697.042
694.245
696.265
700.260
693.994
697.454
698.668
695.834
702.776
704.075
699.101
695.281
698.541
695.662
702.081
697.994
696.968
696.750
694.900
697.400
701.744
698.329
697.759
696.714
695.125
699.879
700.372
695.533
698.083
695.094
696.491
697.606
695.178
693.695
694.513
694.976
699.334
698.672
695.520
692.759
694.056
690.965
694.517
692.796
696.756
696.848
697.275
695.575
697.132
694.573
700.915
695.744
695.138
696.739
699.713
698.428
700.585
697.061
698.203
697.687
699.062
698.949
697.083
697.587
697.945
697.248
698.389
693.506
696.785
696.225
696.963
696.588
692.787
697.214
692.850
698.424
694.605
695.619
698.007
697.647
698.252
695.571
696.761
696.679
693.522
692.511
693.072
698.893
696.705
698.447
694.999
696.968
695.811
698.932
695.625
699.276
694.596
695.812
700.422
697.325
696.458
695.840
698.548
695.938
695.581
694.589
694.032
693.638
699.122
696.929
696.484
696.587
700.040
694.900
694.291
697.609
699.132
695.710
692.251
696.231
691.958
698.905
695.896
698.607
695.242
693.212
692.708
696.908
695.669
697.510
697.261
698.139
700.719
696.729
693.459
693.461
694.988
693.241
694.550
696.519
698.723
696.563
698.777
694.236
697.519
693.461
691.688
698.648
697.105
696.576
693.811
693.491
695.604
694.795
694.955
694.938
693.514
693.583
694.901
697.129
695.086
689.509
696.576
694.260
691.856
698.886
692.916
695.131
696.382
697.240
696.471
693.495
694.011
694.187
696.609
695.969
693.642
695.716
693.520
699.805
693.957
696.119
693.710
690.261
694.620
693.041
694.591
693.627
695.600
690.217
693.917
693.945
695.336
696.435
694.214
695.406
693.854
696.852
690.313
696.970
695.457
695.145
695.217
691.673
692.495
694.626
695.843
700.608
692.701
694.078
694.610
693.227
696.714
697.939
696.165
694.839
698.200
699.407
698.493
696.148
692.530
699.290
698.772
698.287
696.722
697.118
698.614
695.254
697.127
700.025
698.775
697.919
695.032
693.931
695.132
695.557
697.319
698.458
693.330
696.492
697.299
698.146
696.843
698.054
699.254
703.184
695.101
695.653
695.228
690.613
694.191
691.725
695.319
697.566
694.038
698.640
694.244
695.906
691.761
694.451
694.679
694.198
693.709
698.687
696.018
698.815
696.657
697.441
694.756
694.503
696.830
695.672
699.644
697.141
696.236
696.345
698.928
700.209
695.558
695.816
699.414
692.589
700.680
698.761
694.895
699.005
697.772
695.109
699.810
693.961
698.230
695.687
698.015
694.546
695.782
695.505
698.056
699.042
697.712
693.786
695.327
696.409
698.356
693.612
694.462
694.396
698.106
695.550
695.064
692.750
694.196
697.629
697.548
699.594
696.868
698.723
693.174
693.285
698.640
697.729
697.157
700.304
692.245
700.609
698.054
694.363
700.472
702.081
698.116
699.055
697.487
698.151
700.258
700.931
700.094
699.786
699.803
694.175
697.264
696.289
699.074
698.527
697.510
698.581
696.993
696.520
701.302
696.993
697.354
699.018
697.575
696.004
697.374
697.718
698.678
699.188
696.626
694.341
695.412
697.500
695.188
695.346
698.401
697.343
698.788
695.755
697.082
698.506
698.395
700.980
697.918
694.234
702.776
694.924
698.009
698.819
693.913
699.684
698.331
694.427
691.541
694.786
693.349
692.287
697.056
699.257
694.624
696.949
697.822
695.660
697.422
696.489
694.674
692.202
695.957
695.542
699.325
698.833
702.769
696.277
698.825
697.822
697.353
696.848
696.554
695.045
694.463
695.674
692.510
695.964
698.241
695.540
692.785
696.275
694.671
692.813
694.307
696.774
698.240
696.345
697.037
699.804
696.983
694.847
695.986
695.108
697.174
695.957
696.522
699.180
697.041
698.756
699.210
698.766
697.790
695.748
695.966
697.028
697.985
699.036
695.902
694.537
695.535
699.697
696.122
699.233
695.832
694.900
695.895
694.544
699.086
696.505
694.120
692.751
689.848
695.861
695.355
692.616
694.774
699.687
696.714
702.063
697.533
700.066
696.285
697.439
694.374
699.452
701.072
698.059
695.907
699.118
697.669
698.602
698.912
692.991
693.250
695.835
695.377
698.700
699.249
696.614
698.721
694.440
695.012
697.982
697.404
700.035
700.908
695.893
696.731
696.568
697.132
697.587
699.561
697.453
691.367
698.972
696.166
696.138
694.443
694.443
696.552
697.681
698.275
699.019
700.381
702.185
698.703
699.045
701.158
699.279
695.944
697.334
702.821
700.506
695.420
698.816
696.813
701.172
701.510
697.909
700.722
703.054
700.874
696.812
698.608
697.810
696.390
699.894
697.970
699.670
695.303
702.530
697.968
698.466
695.635
697.495
694.871
693.403
697.605
701.728
698.410
698.861
696.320
697.797
700.547
698.437
698.219
699.552
697.951
697.091
695.626
697.779
698.550
698.435
694.073
698.070
696.509
694.418
698.447
701.982
696.843
702.140
696.431
697.275
698.859
695.676
698.482
696.180
698.266
696.630
697.133
699.983
701.989
697.847
696.608
694.066
697.422
694.844
699.618
698.631
701.765
701.576
700.940
697.873
695.059
695.668
698.392
694.313
695.143
694.948
698.679
694.932
694.811
694.572
700.583
697.608
693.461
694.641
692.775
699.319
694.028
694.888
691.552
698.299
693.677
695.241
693.096
696.122
696.990
695.625
697.349
693.199
691.237
695.707
695.284
693.764
697.957
696.640
693.934
696.432
695.203
695.942
693.497
697.350
699.290
695.134
700.747
695.589
700.733
697.174
696.537
690.610
698.835
697.630
695.614
699.873
700.362
698.021
696.152
696.556
696.793
698.310
698.320
698.059
695.562
698.195
694.817
695.112
695.007
699.353
700.720
699.145
700.401
700.371
698.397
694.370
696.595
701.629
696.245
697.281
694.916
697.953
696.015
693.300
691.966
693.078
698.034
693.546
693.491
699.722
695.646
697.162
695.333
695.166
700.092
695.601
696.199
695.127
699.530
697.200
699.337
694.914
693.568
693.602
692.813
692.718
695.481
694.449
692.827
694.483
695.207
695.551
695.233
694.717
696.282
697.231
692.579
694.864
697.094
694.867
695.739
695.765
695.252
694.524
693.507
700.006
693.385
694.978
694.546
695.450
692.408
693.283
691.587
695.299
694.292
692.579
693.168
693.993
694.812
696.405
697.968
696.494
696.916
695.152
692.256
694.899
696.226
691.355
692.767
696.126
697.890
696.848
696.035
693.733
693.493
696.160
695.880
697.319
701.976
697.332
698.827
695.047
694.785
698.948
698.097
695.619
695.448
692.211
694.672
696.840
697.565
697.371
693.465
696.947
697.488
694.276
700.152
700.926
700.826
695.676
691.320
695.211
697.645
696.623
693.145
698.401
699.042
696.803
698.947
700.682
698.746
695.732
696.839
695.461
696.974
696.605
697.753
697.750
698.556
694.306
693.989
695.642
693.434
693.754
698.054
693.783
694.494
696.770
695.034
698.852
694.888
693.799
695.723
697.882
694.901
692.434
696.360
696.664
696.639
694.415
694.811
696.253
695.140
695.311
693.357
697.195
697.417
698.999
698.193
694.646
698.364
693.863
701.455
697.320
694.767
698.798
696.254
697.413
692.935
692.869
698.097
696.872
697.803
698.556
698.741
698.033
690.539
697.420
698.657
699.701
694.613
693.834
696.347
696.268
694.282
695.381
699.179
695.901
697.450
697.846
695.551
694.531
695.228
697.589
698.083
697.597
694.220
694.181
692.037
696.462
698.928
695.846
694.787
697.726
695.754
699.474
699.600
701.192
699.105
696.165
702.321
701.809
700.357
703.561
702.826
701.553
695.698
696.961
696.396
702.630
703.135
699.797
699.319
698.361
697.763
698.894
698.721
697.486
696.402
692.660
693.438
695.440
692.547
695.570
695.160
694.019
693.503
699.347
693.769
693.568
697.352
693.873
689.673
691.496
694.101
689.859
694.167
694.325
699.319
698.310
698.064
694.655
695.679
694.194
696.140
696.808
699.433
696.731
694.180
692.461
694.892
690.103
691.669
692.313
691.898
692.172
696.133
699.506
699.148
698.699
697.827
695.113
699.393
695.618
695.301
698.167
696.481
700.356
694.590
693.715
696.700
692.652
695.840
692.332
693.660
695.143
695.801
696.333
697.551
697.095
693.685
695.902
694.610
693.833
694.153
694.804
694.219
697.108
696.582
692.761
697.648
701.081
693.365
695.757
697.351
696.807
695.830
697.408
695.208
695.532
696.726
694.808
698.035
695.415
696.473
699.111
697.638
698.936
697.449
698.229
695.827
691.832
690.899
694.621
696.217
694.666
699.809
697.660
697.576
692.900
695.270
699.157
697.686
693.415
694.766
691.103
693.628
694.476
693.710
696.904
695.291
694.066
696.109
697.296
696.577
696.257
694.798
694.269
692.693
695.467
695.638
700.203
695.906
697.138
692.933
694.721
698.223
695.850
696.072
699.347
695.293
697.748
697.413
695.383
696.471
697.059
692.881
695.349
694.687
693.277
697.703
694.354
698.918
693.436
692.458
697.445
695.513
695.117
699.173
696.419
696.993
696.330
694.582
693.581
693.676
693.817
693.636
696.104
694.499
695.003
695.376
695.180
694.554
694.985
691.170
694.479
695.617
696.828
695.536
694.685
694.351
691.507
695.230
693.093
692.600
691.862
693.872
696.288
695.144
696.474
697.911
699.985
699.200
701.727
701.768
695.470
692.931
693.577
697.175
695.780
693.809
696.710
697.098
694.657
694.651
698.849
699.463
699.353
697.163
698.621
700.270
697.106
700.148
698.595
700.937
697.818
698.589
699.158
704.444
700.624
698.613
697.779
695.617
694.469
694.946
695.493
696.561
695.904
698.838
696.701
698.421
692.996
697.262
699.328
699.321
697.957
698.258
697.268
692.907
693.311
694.102
692.958
698.864
697.028
698.968
697.981
696.351
696.799
695.727
696.798
696.650
696.777
694.290
696.897
696.444
698.276
694.865
692.619
694.814
693.727
694.938
693.266
693.254
696.835
693.247
695.692
693.783
694.445
691.299
695.584
698.121
694.701
695.626
695.201
693.381
697.032
695.410
694.686
699.679
698.116
700.962
695.599
697.734
694.272
695.702
694.726
692.009
694.346
695.246
696.607
695.426
697.628
697.064
698.255
697.875
697.836
698.553
697.739
694.256
695.389
698.638
694.199
696.703
697.584
698.005
699.215
697.309
698.318
694.697
690.471
696.806
695.674
695.218
698.882
696.282
694.856
698.468
698.461
694.100
699.545
699.057
698.237
691.759
691.811
692.201
696.994
689.949
694.747
695.364
697.700
697.136
699.014
696.323
698.185
697.121
694.921
695.134
698.075
697.321
699.084
697.404
697.027
693.097
692.280
696.164
696.867
692.300
694.827
691.918
696.271
696.936
696.424
695.819
699.330
695.507
699.639
694.508
693.423
694.159
693.531
696.558
699.188
695.720
695.617
696.635
695.639
694.957
696.589
695.344
694.266
694.172
695.785
694.003
695.314
696.868
699.569
698.962
696.557
693.892
693.240
696.771
695.324
700.728
693.333
695.196
697.697
692.918
693.987
693.293
695.995
695.289
694.910
697.145
695.014
695.316
693.941
696.908
693.549
694.963
695.642
696.470
692.420
694.816
692.772
693.151
695.307
695.086
696.707
696.629
696.235
698.655
696.001
699.664
699.607
699.454
698.113
699.767
694.058
696.816
696.561
698.189
697.407
695.911
692.863
698.737
693.622
697.992
697.570
697.105
699.913
696.264
695.042
695.858
698.489
694.239
701.110
696.163
697.799
697.417
694.158
689.793
695.417
691.940
693.283
695.571
696.374
698.254
695.994
698.317
697.157
698.814
694.403
692.611
698.706
694.509
696.676
696.127
696.096
696.682
696.283
694.722
694.769
697.622
696.190
695.491
695.894
695.498
693.625
699.437
694.787
695.889
695.263
697.203
696.152
698.863
697.561
695.953
698.130
698.101
700.380
698.032
694.562
697.834
693.198
695.523
698.481
695.945
692.719
696.851
699.691
699.658
700.514
697.080
699.243
696.246
697.957
700.213
698.638
697.748
697.103
698.207
701.812
695.870
697.885
695.945
696.683
693.726
693.868
698.553
696.924
695.944
694.987
694.354
697.840
697.268
696.262
695.210
695.462
696.706
697.801
696.187
694.736
695.661
698.075
692.613
696.315
699.243
696.722
696.219
696.242
696.435
699.369
693.109
695.856
696.003
695.937
693.970
692.117
694.896
693.515
697.185
695.377
694.955
698.210
696.618
699.091
699.772
694.270
701.638
695.791
696.078
695.048
698.223
697.409
695.775
691.693
696.012
697.791
701.713
697.129
699.128
696.465
699.123
698.076
699.078
693.687
695.676
693.465
694.063
698.949
698.190
694.653
696.353
695.863
699.434
693.744
692.136
697.397
694.153
697.876
696.096
695.056
695.272
693.059
693.451
698.187
697.254
696.214
695.386
697.879
698.756
696.544
696.818
700.589
695.544
696.694
698.327
694.872
695.025
694.452
695.079
696.193
694.089
696.636
696.694
693.174
694.608
695.620
701.740
693.141
698.197
699.992
692.935
698.331
697.074
697.480
696.507
697.415
694.934
699.974
699.110
699.049
695.064
694.261
691.986
698.132
696.778
690.978
696.152
693.590
696.280
696.152
695.806
697.079
694.026
697.393
695.667
695.596
694.780
693.282
695.792
696.314
695.557
695.658
695.610
695.697
695.196
696.166
695.482
691.201
695.605
697.224
689.968
693.422
697.090
698.592
694.172
693.836
695.660
696.420
699.805
696.781
693.622
695.036
694.514
690.439
696.963
695.210
695.292
695.800
697.055
697.952
698.360
693.574
696.025
698.445
697.583
697.353
692.603
695.240
695.687
696.752
695.646
698.244
694.107
692.620
696.483
693.299
695.765
695.855
695.952
696.366
694.996
693.984
694.236
691.876
690.342
692.692
694.999
697.752
698.222
700.250
698.110
695.870
697.507
696.055
695.361
695.982
694.781
697.812
695.164
694.614
696.395
695.144
692.727
695.794
693.850
