695.265
690.390
687.782
690.082
692.820
693.405
692.704
692.053
692.144
692.169
694.640
698.128
689.626
690.851
693.842
692.866
691.225
695.464
692.825
691.684
694.901
692.489
689.716
693.957
691.073
693.539
692.221
691.720
690.434
692.437
693.709
687.630
690.236
690.993
693.340
692.712
695.373
692.637
690.027
692.104
690.630
689.422
693.237
690.865
690.850
690.233
692.787
692.812
691.972
694.109
693.793
693.394
692.691
693.471
697.251
694.537
693.552
693.845
695.433
688.706
691.884
690.083
690.003
693.734
692.041
691.683
690.367
692.704
691.881
692.431
688.533
692.104
689.449
692.060
693.641
695.723
692.215
688.624
690.354
690.429
694.972
690.326
693.163
691.337
695.174
692.402
694.068
694.704
688.935
695.276
691.915
696.560
690.579
694.338
694.255
690.507
692.991
693.326
690.502
694.666
698.239
697.633
694.321
693.723
695.239
690.294
692.800
694.032
696.329
692.469
693.466
689.963
690.322
688.302
692.831
689.832
692.655
691.508
690.632
693.229
687.957
692.944
691.710
690.549
690.846
688.764
691.354
692.558
694.986
689.650
691.474
694.253
693.025
692.664
690.174
690.822
689.214
691.937
691.768
693.309
694.651
692.193
687.679
696.451
695.940
692.866
696.387
691.073
695.041
694.188
692.489
693.355
693.254
689.695
692.735
694.816
689.814
690.854
692.607
690.872
691.883
692.151
693.829
691.466
694.277
691.928
694.165
692.762
692.456
691.443
694.368
693.248
691.788
693.765
695.087
693.369
691.451
695.871
695.341
693.669
692.741
694.928
695.591
692.361
691.501
692.611
692.762
692.655
689.913
691.530
693.209
695.191
696.928
692.013
691.826
692.478
694.135
692.515
693.335
697.159
695.354
692.549
694.617
691.524
693.843
694.081
695.758
693.051
693.841
690.880
692.627
690.811
689.744
692.906
692.930
694.245
693.207
695.252
691.874
693.818
691.293
693.447
691.036
691.605
693.805
693.787
692.078
694.185
690.624
691.883
694.951
694.788
691.173
691.881
694.328
692.226
691.928
690.762
688.685
693.913
693.239
696.843
695.241
693.626
691.944
696.602
693.130
691.032
691.773
690.234
693.108
690.429
692.185
691.501
688.351
689.767
691.951
692.022
691.162
692.216
693.296
694.842
693.224
693.799
692.740
693.774
689.521
691.464
694.025
692.307
690.730
692.604
690.195
693.737
693.713
694.124
692.135
687.701
690.786
690.079
695.074
693.465
694.967
687.354
688.114
696.227
694.893
693.852
692.309
694.723
693.191
688.780
694.948
696.666
694.136
694.792
691.351
694.930
694.782
693.947
694.734
694.775
692.968
694.757
695.323
695.050
692.887
687.569
692.357
691.212
692.829
692.747
691.583
691.483
691.407
692.994
691.182
691.301
694.521
694.698
689.984
693.420
698.769
693.805
692.464
693.023
693.989
691.752
693.796
691.250
692.327
695.503
694.745
690.046
693.542
691.934
688.057
692.541
690.934
692.877
689.588
690.756
695.068
698.169
695.936
694.057
693.603
696.208
695.501
694.775
693.091
690.501
690.797
691.440
690.622
695.134
691.636
689.936
693.037
693.165
695.178
695.759
693.420
693.875
697.666
698.836
692.556
692.127
695.515
698.125
696.890
694.024
691.059
690.772
694.727
690.385
690.956
690.750
696.533
694.170
693.336
696.007
694.274
695.407
693.897
696.135
691.788
691.737
691.594
692.226
689.995
693.106
690.880
695.521
696.082
693.718
691.030
692.347
694.951
696.240
693.621
694.096
695.554
695.273
691.589
691.897
691.590
692.705
692.771
695.452
694.949
695.218
696.338
690.504
693.294
695.381
691.135
691.106
690.674
689.900
696.111
693.445
691.520
689.922
693.751
690.999
690.042
695.883
693.689
694.770
693.214
692.723
698.238
693.756
694.408
690.542
691.028
689.029
689.959
690.799
695.083
692.454
691.368
691.567
691.962
690.804
692.292
692.069
689.879
687.557
694.081
692.624
694.283
692.139
693.116
694.038
692.100
694.848
694.460
690.740
696.312
691.948
692.411
696.544
694.899
694.548
690.195
694.144
692.249
693.691
691.511
690.261
692.535
690.861
695.977
693.598
692.344
691.578
693.290
694.366
693.084
690.313
695.679
692.786
696.140
693.256
693.643
688.417
689.718
691.421
695.478
692.235
694.296
693.190
696.249
694.026
693.504
690.433
692.061
693.980
691.334
692.560
691.652
691.285
691.492
693.961
693.475
694.968
693.276
689.967
690.990
693.272
692.672
692.482
693.606
692.956
693.787
690.426
692.641
693.204
693.321
691.882
694.747
696.467
694.874
694.472
695.682
696.800
694.004
693.978
693.285
692.647
695.360
695.830
695.991
692.904
693.768
692.463
691.807
690.216
693.472
695.323
700.092
696.119
694.661
694.283
692.691
692.871
690.157
693.398
690.838
693.969
690.912
691.307
693.317
692.979
695.130
696.897
693.829
692.420
697.591
692.876
695.847
693.664
696.662
694.799
693.392
693.446
692.380
693.951
697.086
697.034
691.358
694.543
692.890
693.203
693.691
697.401
695.909
694.897
692.405
695.805
695.300
694.636
694.436
695.838
696.636
692.908
697.359
694.720
696.520
695.410
696.679
695.474
693.540
690.715
690.033
691.822
694.167
692.314
691.715
694.127
693.770
694.246
693.535
694.108
688.889
692.725
696.341
694.734
689.821
692.360
693.600
693.301
693.205
693.866
689.423
693.200
694.517
692.159
694.961
693.737
695.208
692.714
691.346
692.294
696.978
692.274
693.381
692.776
694.554
693.081
691.595
692.911
694.368
694.095
694.679
691.309
696.004
694.659
692.426
697.987
694.488
693.439
691.448
693.657
694.658
691.875
688.945
692.324
693.556
691.024
696.889
690.881
694.542
692.908
695.730
697.689
697.691
694.317
693.038
693.271
691.152
693.360
689.337
692.017
688.569
691.587
691.941
690.807
693.292
692.678
689.948
694.967
692.116
693.177
692.296
690.417
692.581
693.601
694.430
689.837
694.771
689.682
692.074
688.116
691.537
691.514
694.903
694.524
694.836
694.146
691.117
691.204
685.891
692.428
694.707
692.645
690.869
694.307
693.093
694.228
689.817
693.810
695.355
692.231
696.438
696.279
697.027
690.794
693.089
694.329
692.497
697.304
692.031
693.407
693.148
692.124
690.995
693.242
694.104
692.909
692.665
691.924
696.011
694.762
695.317
689.654
690.416
692.303
691.521
690.386
694.096
690.631
687.648
690.368
689.705
691.197
694.166
697.928
692.743
696.014
693.050
690.242
694.375
694.837
694.670
691.090
693.428
691.252
693.129
692.209
693.135
694.092
694.080
690.794
692.865
693.989
688.569
691.994
691.541
687.723
691.365
691.792
692.499
693.941
694.241
697.308
696.228
690.689
690.896
691.131
692.063
691.893
692.173
688.212
693.819
695.040
694.652
689.592
692.853
692.335
692.648
689.837
689.879
692.925
691.041
689.384
692.843
690.606
694.993
691.481
690.101
692.905
691.353
693.459
692.335
693.694
694.640
693.497
696.018
694.730
693.006
690.590
694.768
695.307
695.124
693.184
692.200
695.900
693.125
692.885
695.320
692.665
692.548
695.264
695.572
693.855
692.776
690.801
693.199
697.082
693.178
693.508
694.365
695.338
696.426
692.737
688.931
692.863
693.076
695.110
690.985
695.407
694.180
692.739
692.308
692.080
696.151
694.384
691.572
693.937
691.345
692.953
692.543
693.315
691.213
692.857
693.672
692.750
690.362
691.673
693.506
693.278
690.286
690.871
689.292
692.759
694.359
693.448
689.328
691.205
693.994
692.917
693.577
694.099
694.137
694.052
694.738
693.371
692.085
690.489
691.208
696.273
694.791
695.346
692.293
697.156
692.825
694.504
694.243
695.045
693.243
694.680
690.764
690.963
691.719
692.802
692.460
695.299
692.097
688.606
693.096
691.927
690.532
688.528
689.223
691.013
689.342
691.448
693.524
694.777
689.182
692.246
692.955
693.115
695.715
693.903
695.366
691.620
694.473
695.994
693.567
695.910
689.877
694.156
691.265
691.152
692.367
690.154
692.940
690.762
690.266
688.328
691.319
692.085
693.139
692.139
692.184
692.814
693.612
692.961
693.225
694.336
694.593
693.626
693.595
694.517
692.638
692.739
691.551
694.032
696.479
693.217
693.000
695.625
690.420
694.578
692.637
692.212
690.532
692.944
696.066
693.292
693.433
698.247
695.900
695.167
697.652
692.877
691.182
692.729
697.329
691.309
691.672
691.711
691.530
691.635
692.524
692.356
690.390
690.068
695.213
691.547
692.154
692.158
692.652
691.012
694.683
694.615
691.391
693.221
694.248
691.796
688.805
691.965
693.553
693.272
695.035
698.238
692.966
691.811
692.020
692.310
693.556
697.441
693.140
687.851
695.419
694.642
693.104
692.938
691.273
692.889
694.070
693.698
691.722
691.097
688.625
687.245
690.697
692.298
690.464
690.763
691.652
692.546
691.469
693.807
697.855
691.451
692.678
691.786
693.786
691.818
691.757
692.839
694.742
692.758
694.437
692.349
697.660
692.258
694.008
694.342
695.070
692.690
690.723
688.241
691.697
691.173
694.774
692.686
695.456
691.496
693.172
689.664
693.111
692.130
692.194
694.215
690.073
693.658
694.962
692.632
692.442
691.364
693.272
694.551
691.653
692.988
696.201
693.416
692.983
693.095
690.506
689.431
696.022
695.764
692.554
695.561
693.561
695.349
699.475
695.355
694.936
693.647
695.432
694.757
695.211
692.703
692.478
694.294
692.537
694.078
691.676
693.926
693.554
687.658
690.459
693.029
691.498
690.905
693.028
689.798
690.211
693.051
692.641
694.889
695.479
693.114
693.821
693.904
688.886
693.077
692.754
693.308
691.684
690.706
692.820
691.250
690.532
694.511
692.762
694.330
688.783
693.319
690.537
691.679
691.714
693.474
692.269
690.764
692.913
690.566
692.919
695.816
695.068
696.177
693.104
697.548
694.105
693.817
694.531
691.892
692.217
694.898
694.606
698.067
697.195
694.897
695.575
695.549
695.665
697.856
692.309
695.751
694.847
693.334
691.677
690.280
691.303
695.250
691.302
691.919
696.679
692.813
694.726
692.584
693.955
696.199
693.670
693.924
692.286
697.817
692.524
691.992
691.312
694.427
692.081
694.274
696.427
691.228
693.879
695.367
693.679
694.276
695.143
693.039
695.457
694.430
694.804
694.667
692.398
691.668
693.041
692.995
690.418
693.954
690.300
692.247
691.883
694.153
691.520
691.310
694.077
694.116
690.428
693.384
695.720
695.626
697.655
694.392
694.686
693.255
696.736
695.312
693.676
692.547
696.212
692.897
694.901
695.694
694.529
693.618
694.180
693.862
691.214
694.181
689.373
693.581
694.229
693.132
694.489
693.176
693.533
693.977
694.606
692.070
694.186
694.204
696.922
693.247
693.114
695.342
697.167
696.713
689.610
694.101
693.617
690.463
694.823
692.110
694.501
699.188
696.827
692.922
692.373
693.147
694.113
693.867
695.122
692.051
693.013
690.460
693.469
692.688
690.943
690.713
689.636
693.078
692.466
691.615
690.064
694.447
694.871
690.814
690.498
692.086
696.601
694.197
696.921
693.254
693.415
694.333
690.946
693.320
698.486
691.623
694.551
694.176
693.886
690.544
690.924
694.629
688.896
691.107
692.544
691.319
696.288
692.533
692.651
693.973
690.716
695.076
697.266
694.099
694.105
690.335
692.830
697.664
693.917
700.935
698.332
693.715
695.523
694.801
692.300
693.613
692.940
692.963
691.636
693.179
693.792
693.436
691.039
693.875
692.463
694.080
694.995
692.351
690.676
692.458
690.632
692.386
689.682
692.100
693.288
693.109
692.877
690.869
689.211
695.294
690.108
692.817
694.300
693.126
691.653
694.231
692.699
690.609
690.929
690.405
694.295
691.809
692.226
693.441
688.433
692.145
691.408
691.991
693.579
690.091
692.866
691.161
695.296
691.218
694.096
691.476
694.416
691.168
692.212
695.801
693.809
696.702
692.353
690.923
693.144
691.656
695.085
689.892
690.341
693.341
695.476
692.389
692.699
690.049
690.765
692.159
690.239
690.877
694.001
696.579
695.443
692.249
692.732
695.494
693.969
693.334
695.632
690.964
693.642
696.214
690.773
694.685
691.313
693.102
691.287
691.851
693.046
693.296
694.655
695.382
696.190
696.435
692.650
692.452
690.499
695.232
692.058
694.201
689.952
693.159
696.266
692.354
691.275
689.349
691.852
693.902
692.655
694.176
690.297
693.816
690.803
691.295
693.662
693.515
690.777
698.367
690.895
691.034
690.212
693.874
695.374
692.738
691.018
690.076
695.420
690.454
691.737
694.001
692.883
691.853
692.000
692.016
693.275
694.264
693.792
691.830
692.876
693.888
696.749
690.609
690.883
693.403
691.258
693.428
694.211
693.251
695.103
696.056
691.310
692.855
692.060
693.313
693.288
693.859
691.569
691.566
689.765
696.645
693.853
691.443
691.576
691.492
688.202
691.709
691.781
695.032
692.651
691.191
692.930
693.374
694.339
694.839
691.208
693.749
691.034
693.477
694.354
695.281
696.949
692.763
696.866
691.817
693.519
692.152
693.242
696.089
694.990
694.240
692.281
693.152
687.348
691.980
696.307
693.838
695.863
692.503
692.178
694.334
692.871
695.101
692.025
692.369
693.522
691.119
696.361
697.437
688.937
691.377
690.017
694.038
693.232
697.102
694.977
695.833
690.694
691.945
691.080
692.237
692.256
691.952
690.938
692.585
694.731
690.311
692.423
690.403
694.676
689.627
696.723
696.402
693.715
692.350
693.670
689.142
693.600
693.116
695.508
695.105
694.734
693.709
694.191
693.241
691.216
691.387
690.517
694.743
691.190
693.076
692.110
692.583
692.911
695.012
694.193
691.365
691.947
692.201
697.448
694.124
695.552
694.764
695.669
691.264
691.445
689.906
694.612
693.819
694.050
689.932
693.169
695.301
693.864
693.937
692.835
693.239
695.636
695.285
696.743
693.816
692.839
693.678
691.885
692.373
695.435
697.797
697.336
692.751
697.742
692.670
694.782
694.448
693.842
693.207
692.161
693.813
694.052
692.533
692.997
690.219
689.826
692.548
694.621
690.957
690.893
693.450
695.884
693.733
692.303
692.331
690.384
694.762
690.775
690.418
693.728
694.827
692.545
690.587
688.671
691.219
691.882
695.365
694.904
692.315
692.507
690.840
691.608
692.123
695.815
692.425
697.521
693.482
697.709
693.973
693.515
694.918
691.053
691.586
692.147
693.947
693.878
693.732
688.707
695.441
690.814
693.837
695.405
691.447
695.953
695.711
692.038
690.013
689.829
691.837
688.711
688.051
691.042
692.035
693.491
693.722
692.653
693.655
692.073
693.348
693.932
691.677
690.007
692.479
692.109
690.349
693.107
689.322
693.476
692.983
691.985
692.705
694.631
695.077
695.188
695.250
693.057
691.609
696.762
691.770
693.024
694.322
693.969
696.799
696.688
694.632
697.864
698.420
692.157
695.895
694.279
694.063
695.269
691.801
691.137
688.887
693.245
695.613
696.655
693.389
690.754
692.948
693.780
695.491
694.137
692.856
693.336
691.031
692.052
693.658
692.757
692.054
694.313
692.561
693.798
695.444
695.757
691.737
690.504
692.138
691.459
691.786
690.173
693.989
691.174
691.712
691.327
691.777
690.613
694.106
694.839
692.001
696.293
693.453
693.490
691.722
692.695
692.190
694.138
690.810
696.116
690.607
695.162
694.022
695.342
694.887
693.045
693.893
694.389
691.548
699.143
694.492
692.203
693.683
692.118
692.956
691.740
690.497
693.008
692.759
692.794
693.585
694.983
693.239
692.773
694.705
692.887
692.623
689.373
693.106
694.898
694.911
692.444
690.729
690.785
690.881
692.325
693.134
691.395
692.734
690.366
696.011
694.441
689.475
696.416
692.602
693.109
693.363
690.117
693.058
694.661
698.550
696.069
689.437
693.246
689.226
695.021
691.094
691.654
697.723
695.243
691.989
690.980
688.835
693.256
692.865
694.103
691.537
692.199
690.931
690.368
695.026
693.314
693.439
690.173
693.850
692.966
692.139
695.125
693.285
694.007
693.004
689.715
694.356
694.053
690.486
689.922
692.164
693.663
689.337
690.587
690.697
691.767
689.294
691.637
690.424
692.700
693.050
694.109
689.485
691.581
689.646
689.655
692.488
691.189
692.297
692.292
689.618
695.201
691.411
694.170
692.393
693.589
692.930
693.588
690.726
693.483
696.318
693.432
691.126
694.804
690.790
691.524
693.335
692.250
693.267
694.711
688.986
690.847
695.123
691.030
691.890
691.174
691.765
694.535
696.014
693.112
695.092
694.342
695.209
688.167
689.392
687.537
693.570
694.450
694.008
691.710
693.966
688.521
692.064
690.018
690.783
691.275
690.207
691.767
694.687
694.452
691.548
692.981
691.864
694.180
693.509
692.499
694.121
690.026
690.775
691.181
689.617
690.186
691.867
690.927
692.275
693.211
693.897
692.944
693.931
691.137
689.863
690.921
693.462
694.469
694.295
694.561
694.680
695.889
696.067
696.180
690.699
690.136
691.492
694.154
693.469
688.875
694.207
695.373
699.595
693.726
695.935
697.079
692.340
694.767
695.234
696.601
695.595
693.661
691.404
693.011
698.061
696.462
693.772
693.668
690.633
696.142
692.835
692.293
693.904
694.304
693.427
691.363
691.730
691.404
692.875
688.749
691.883
693.828
691.573
693.668
691.236
695.473
695.890
688.654
690.971
692.004
691.584
694.506
693.848
694.525
696.817
694.133
693.310
692.975
694.506
696.567
693.475
693.593
693.116
692.129
696.834
694.695
694.684
692.217
693.504
693.678
691.426
692.644
690.770
691.967
692.939
691.225
690.527
695.966
695.501
696.656
691.991
693.570
694.467
696.820
693.177
694.231
695.371
694.032
693.110
691.860
694.138
692.659
695.863
693.822
693.437
692.483
689.791
690.061
690.453
693.404
690.056
689.416
688.818
691.610
692.003
694.310
692.766
691.373
693.583
696.608
697.665
697.041
693.677
694.000
698.304
694.150
691.883
693.521
693.396
694.528
695.190
690.773
689.798
693.130
693.222
696.031
696.175
691.780
694.834
689.107
694.318
692.236
693.549
695.456
692.471
691.754
691.405
693.572
693.075
696.003
694.082
692.494
694.337
693.319
694.804
691.099
693.412
696.205
695.002
693.898
695.165
695.928
694.763
693.610
694.811
696.016
693.996
694.593
690.125
693.873
695.314
689.539
690.137
693.913
694.840
690.724
693.384
692.947
698.536
692.598
693.719
687.716
689.471
691.529
692.082
692.604
694.781
692.340
692.668
692.627
691.906
693.417
694.659
694.786
693.630
691.073
691.415
692.644
692.997
687.752
689.630
693.016
690.574
695.224
693.116
690.620
693.505
694.414
690.962
694.247
693.855
695.666
694.512
693.680
694.462
694.740
693.782
693.077
691.703
692.822
695.837
694.564
698.880
693.441
693.565
691.838
692.088
691.990
693.726
695.214
692.926
692.048
692.535
691.807
691.603
689.889
695.142
692.495
693.547
691.287
691.108
692.025
691.611
691.709
693.792
689.735
690.524
691.363
693.389
691.799
694.510
694.242
693.209
696.752
697.170
694.135
692.942
689.742
695.760
692.137
689.933
693.167
690.148
692.274
690.496
691.846
692.291
693.031
693.530
694.301
691.987
690.013
692.462
691.224
691.628
692.212
694.182
690.893
693.417
692.035
692.123
694.000
693.417
691.750
694.354
693.310
693.292
693.972
695.461
693.066
694.211
690.922
692.674
695.299
692.885
693.098
694.532
691.476
695.434
695.874
691.102
692.156
691.516
693.036
692.123
692.154
691.635
692.840
692.095
693.139
693.935
696.790
697.591
694.498
693.388
695.133
692.982
691.518
690.300
690.128
690.878
695.032
692.529
691.337
698.374
693.410
694.090
693.995
691.205
692.338
691.783
692.507
695.719
692.034
694.112
690.527
690.321
691.069
695.649
695.887
689.571
691.249
690.094
693.625
691.896
695.689
689.763
691.798
694.091
695.268
696.708
695.503
694.029
694.833
692.906
691.611
689.263
695.274
693.318
695.591
691.874
694.421
691.751
691.091
693.097
692.879
690.317
694.577
690.402
694.484
692.674
698.172
694.013
693.766
694.817
697.609
695.810
696.025
692.980
694.828
697.704
696.401
697.447
693.029
690.269
693.839
697.076
695.765
693.374
694.856
695.426
696.608
696.625
695.435
692.127
694.831
692.550
694.214
693.602
693.540
691.264
691.222
689.270
692.204
694.785
693.344
692.440
690.739
692.636
690.953
688.476
694.600
692.584
691.719
695.416
691.414
693.851
693.295
692.521
690.945
691.965
689.183
692.954
694.329
692.245
695.094
695.405
694.387
693.156
693.181
694.368
692.674
691.457
691.580
693.710
689.669
694.296
695.372
693.109
694.100
695.546
695.131
694.423
690.013
694.804
692.636
693.724
689.938
692.356
695.620
691.902
694.959
692.482
691.212
692.180
690.979
687.877
690.691
689.713
691.241
694.471
694.896
694.997
692.045
696.633
691.782
693.765
697.861
696.744
695.090
695.407
692.752
691.130
693.812
693.202
693.850
692.088
693.834
691.154
692.001
693.089
693.794
692.320
692.300
693.345
697.684
686.740
689.044
693.202
694.164
695.278
695.170
695.576
693.601
694.859
691.927
692.707
692.369
691.236
688.180
690.719
693.245
691.856
691.545
690.742
693.114
695.400
692.328
692.131
693.327
689.892
692.991
688.756
692.460
690.769
691.534
693.594
689.458
692.818
690.336
690.763
693.701
692.991
691.514
690.006
691.546
690.668
691.282
691.518
693.190
692.907
693.950
694.805
694.588
691.524
692.693
693.589
691.049
692.209
692.087
695.723
690.520
690.347
691.346
694.716
690.360
690.783
690.742
693.431
690.337
696.645
687.781
692.233
693.221
691.275
693.747
695.128
694.097
692.215
693.522
693.808
695.762
693.677
693.211
692.851
691.112
696.400
692.049
694.299
690.606
695.549
691.810
693.582
691.301
694.034
689.939
691.021
691.731
694.175
688.891
694.678
691.115
689.339
692.180
691.894
694.868
687.910
695.125
694.336
697.374
690.883
692.893
694.870
692.400
694.928
690.528
689.966
692.742
693.728
692.252
688.560
692.605
693.743
696.209
693.350
691.973
695.170
692.679
693.737
692.537
692.119
690.278
690.571
691.545
691.372
692.585
690.119
692.616
692.873
693.250
697.128
693.392
691.862
696.514
694.246
696.630
694.129
692.250
691.536
697.775
694.749
696.504
693.042
695.120
693.949
697.330
690.125
691.468
689.631
693.499
690.078
694.213
692.691
692.797
689.676
689.733
691.730
691.672
695.406
691.581
690.964
689.120
693.935
694.169
693.610
694.746
693.080
695.365
691.794
689.245
692.946
691.668
690.612
695.097
694.704
692.966
695.084
695.161
689.338
692.923
695.951
695.977
694.232
695.866
694.072
692.301
695.896
697.120
691.962
692.750
693.338
694.119
690.647
689.254
691.958
694.480
695.590
694.241
692.695
695.978
693.979
695.584
695.184
696.377
693.491
693.029
693.145
691.241
691.304
694.760
695.290
693.383
697.303
691.149
689.461
691.972
694.004
694.232
694.220
692.137
689.208
692.732
694.473
695.378
693.023
691.613
693.143
693.043
689.344
694.153
691.283
691.315
690.146
690.121
693.069
688.732
690.988
690.697
690.739
692.670
691.922
690.361
691.034
690.203
693.941
692.747
694.037
690.845
693.876
690.172
693.944
697.463
692.678
691.315
690.137
694.541
691.176
695.515
692.323
693.174
688.402
692.789
691.715
690.092
691.008
690.307
689.176
693.818
691.385
691.985
690.879
695.547
696.555
700.538
693.650
690.705
689.853
692.461
688.456
690.969
694.882
693.740
693.614
695.514
691.241
691.304
688.934
692.384
692.860
690.943
691.416
692.170
692.710
692.689
694.899
691.658
693.164
693.724
696.084
693.618
693.548
695.004
692.946
692.598
693.341
693.649
694.397
694.100
687.810
694.073
690.866
695.397
697.133
695.211
694.716
696.333
692.472
694.814
690.875
693.251
689.834
692.074
693.746
689.795
690.330
692.119
692.502
695.097
693.821
693.622
692.248
690.576
693.240
694.545
694.723
692.376
691.773
691.726
689.777
695.540
692.585
696.667
692.007
692.311
691.514
693.160
693.120
695.570
692.188
698.501
692.409
689.756
691.894
694.187
690.976
692.139
693.001
695.249
694.570
693.504
692.589
693.987
692.546
691.391
687.823
695.376
695.267
693.269
693.560
692.572
693.000
690.388
695.179
691.934
690.462
691.460
692.851
691.949
688.840
689.966
692.504
693.777
694.652
693.781
697.541
694.479
689.535
691.913
693.209
694.995
692.539
693.006
693.011
688.823
693.184
690.584
692.449
692.365
693.934
692.055
689.949
690.073
694.220
693.113
690.559
691.502
687.399
693.572
693.281
695.901
696.333
691.189
693.953
695.513
688.284
692.655
689.260
692.268
692.133
692.223
691.843
691.277
695.277
696.806
693.745
700.874
694.591
694.564
690.410
688.640
695.274
697.083
690.355
691.786
697.155
695.875
693.805
694.041
694.764
691.592
693.861
692.424
694.005
695.259
689.850
689.986
693.957
693.600
694.138
690.169
688.200
693.676
697.564
697.019
693.481
691.759
694.117
696.209
694.297
694.837
696.462
695.372
695.480
694.124
690.515
693.370
694.582
694.582
693.087
694.124
696.181
694.240
692.856
695.885
693.989
694.144
694.778
691.216
693.666
691.840
694.093
690.464
689.913
690.071
691.038
694.298
693.706
693.414
695.979
693.738
696.058
695.103
690.824
694.049
693.102
690.178
693.481
691.993
693.564
693.226
693.216
692.334
693.884
691.010
690.991
696.005
694.814
688.822
691.437
693.233
698.251
692.373
691.742
693.607
692.227
689.063
692.004
694.688
694.432
692.405
695.646
695.331
694.391
693.158
691.871
693.906
688.379
690.377
693.795
690.070
693.851
691.769
694.344
692.824
693.059
691.951
692.624
691.239
695.171
694.646
696.143
691.879
693.972
693.480
694.771
696.791
696.207
691.411
693.678
691.717
690.874
692.846
692.903
689.686
694.095
692.835
691.867
693.078
692.447
695.229
692.393
693.615
692.658
691.105
694.263
693.001
688.681
694.460
696.133
695.856
693.131
690.748
691.893
688.732
690.444
694.213
694.259
694.604
692.975
691.596
696.020
696.806
691.888
693.756
696.532
690.552
692.205
690.421
689.687
692.072
694.387
694.969
694.845
694.254
690.926
693.336
696.051
693.265
690.012
691.773
693.679
687.682
690.839
691.547
692.627
690.196
692.219
692.444
692.188
691.657
692.842
690.016
690.204
694.714
691.190
692.469
694.135
691.476
691.102
690.121
690.405
693.666
692.921
690.592
689.712
692.455
690.324
693.134
693.048
692.456
694.016
691.161
690.325
694.148
694.450
693.472
694.489
695.827
691.629
695.564
692.151
695.234
693.404
692.358
694.816
691.302
691.045
695.182
691.564
691.518
692.585
691.417
693.992
692.071
691.412
693.714
693.354
693.146
693.375
693.167
693.644
690.724
694.397
693.940
694.040
697.876
694.672
695.215
692.985
695.304
693.105
690.411
688.916
692.373
689.293
691.632
691.065
693.032
693.522
693.439
692.334
693.710
696.166
693.006
697.326
693.961
692.139
693.150
695.327
696.117
695.163
692.169
692.052
697.906
694.168
694.126
693.947
693.202
693.695
692.470
694.546
694.742
691.929
695.212
697.113
693.940
692.558
693.697
694.250
694.088
693.898
694.792
694.491
692.975
690.744
697.952
694.378
699.492
693.052
693.701
696.232
694.831
696.174
693.657
695.471
694.529
692.473
691.640
695.451
694.047
691.763
692.511
690.743
691.355
692.013
695.509
690.394
689.571
692.614
693.778
692.103
693.998
695.151
694.404
691.094
694.986
694.193
692.164
696.210
693.276
689.115
693.304
692.987
693.210
689.608
693.403
692.980
693.740
691.306
694.771
695.711
695.262
696.005
692.848
687.966
690.183
694.472
694.066
693.246
691.375
690.269
692.827
698.125
692.550
692.144
692.643
692.428
696.009
692.902
696.588
694.345
697.180
694.884
695.154
692.715
694.655
694.887
694.042
696.752
692.034
689.429
687.455
693.757
692.880
693.014
697.412
695.061
695.532
695.803
690.766
695.005
693.362
695.264
692.103
694.813
695.406
692.342
692.636
693.322
687.760
692.678
693.807
692.281
692.315
691.161
695.802
693.955
691.810
695.724
692.710
694.419
691.311
692.198
693.622
694.006
694.170
690.590
695.697
692.224
690.789
689.673
692.408
690.599
693.895
692.602
693.518
692.333
690.982
690.634
692.990
693.512
690.712
692.998
691.997
691.109
692.909
691.748
691.534
693.851
694.691
693.362
695.173
691.938
690.970
691.010
694.402
692.516
694.809
693.575
692.018
694.834
693.819
691.262
694.283
694.504
693.716
691.346
693.260
691.999
691.822
690.720
690.659
693.501
693.072
694.222
694.981
690.331
695.881
691.812
695.908
692.520
691.309
693.357
693.120
692.220
692.380
692.582
698.753
694.674
690.944
692.129
693.481
694.426
695.525
695.042
695.007
692.658
690.200
689.418
693.358
691.587
691.149
693.820
694.621
690.965
691.120
694.859
691.503
691.659
695.043
693.453
690.671
695.314
692.049
696.382
689.766
691.461
689.121
695.607
692.256
694.846
694.181
690.620
689.886
691.968
691.141
692.965
692.867
695.896
694.216
694.849
694.202
693.409
695.906
691.045
697.138
694.685
693.674
692.902
694.552
696.278
693.880
695.273
689.611
697.119
691.493
691.406
688.215
692.231
695.240
696.254
693.084
694.884
692.464
694.168
691.569
692.148
690.668
692.380
694.046
693.713
690.745
692.871
693.410
693.465
693.100
689.970
690.954
689.536
690.237
690.118
690.546
692.822
690.877
691.853
691.968
689.148
690.188
686.232
689.262
692.788
693.663
694.117
692.171
693.254
690.883
692.628
694.203
691.900
689.705
691.001
691.481
692.371
688.989
693.521
693.976
692.311
696.063
696.604
695.306
692.539
695.185
690.451
694.914
695.811
693.776
693.180
691.969
690.004
694.259
694.367
692.205
691.959
687.597
689.563
693.018
691.756
692.869
691.014
692.202
692.007
692.278
694.928
689.378
689.587
690.802
690.603
690.527
693.372
690.937
692.921
693.988
691.324
691.481
688.932
692.310
693.787
691.412
692.085
692.062
692.521
691.972
693.444
689.996
690.283
694.564
692.632
695.277
698.017
696.454
694.238
694.610
694.909
695.004
695.092
694.673
695.333
690.837
690.867
692.539
694.322
694.002
692.139
693.383
692.398
692.788
694.852
690.421
694.769
689.449
694.990
691.738
692.174
691.072
695.678
692.850
693.131
693.398
693.161
690.720
692.822
693.524
692.735
691.758
690.025
689.078
693.467
694.181
695.197
693.207
695.712
693.675
695.799
694.331
693.284
695.291
692.011
693.141
689.023
692.821
693.825
695.262
693.016
696.660
695.351
697.662
690.825
693.271
693.702
692.005
696.195
690.770
694.540
692.735
691.742
692.606
696.191
693.055
698.889
693.769
693.646
691.164
696.084
691.198
695.248
694.864
693.983
695.565
695.116
693.656
694.230
692.607
692.020
693.345
697.024
699.691
693.187
695.731
692.128
695.130
691.262
692.297
696.675
696.136
694.576
692.010
694.959
690.791
692.454
697.007
691.828
695.060
694.238
697.893
692.220
691.394
690.607
691.009
691.425
694.983
691.627
693.519
692.469
692.389
694.459
695.389
693.155
697.383
689.843
691.503
694.596
693.180
694.071
690.754
692.241
691.871
694.197
692.268
691.496
693.388
690.800
691.532
693.136
692.835
687.618
694.821
696.271
695.779
695.540
694.397
695.065
689.263
691.483
688.068
694.879
689.985
694.274
691.708
688.597
689.076
697.520
694.077
694.134
691.707
692.631
695.011
694.631
693.332
694.196
694.076
694.126
692.188
695.256
694.264
696.790
692.485
692.408
692.485
695.373
691.877
691.908
695.020
693.867
692.709
693.679
693.267
692.968
695.433
691.719
692.608
693.479
691.728
695.762
692.797
693.907
693.122
693.959
697.199
692.611
695.008
694.369
690.725
692.072
691.549
693.443
691.033
690.652
691.901
693.308
691.899
692.297
692.780
692.343
690.766
692.022
692.374
694.727
693.980
691.794
692.438
693.661
695.809
692.441
686.934
691.084
689.511
691.095
693.137
688.747
690.712
696.766
695.384
693.229
691.276
690.362
691.133
690.770
692.772
690.030
690.087
693.608
695.744
693.203
694.843
696.054
696.062
691.366
695.685
692.096
690.560
691.099
693.605
693.602
691.795
688.002
693.485
689.903
691.969
688.508
689.928
687.587
691.178
693.658
693.093
693.902
694.292
690.207
692.059
691.847
695.241
690.767
689.095
689.453
693.216
693.268
692.026
695.275
690.892
694.763
691.241
692.058
694.728
699.290
693.795
693.258
693.029
698.538
693.722
694.682
693.184
694.074
692.855
688.894
693.847
689.582
690.324
692.179
693.787
694.107
695.624
694.676
695.087
692.162
692.051
694.804
693.223
690.560
693.528
692.353
691.049
692.822
695.019
691.451
689.741
689.727
691.313
691.618
694.480
692.774
692.141
695.459
691.739
694.472
692.289
695.923
692.874
689.457
693.838
690.553
695.145
692.587
692.393
693.335
694.065
693.297
690.512
694.807
690.247
691.715
690.683
693.464
694.307
692.360
693.016
690.454
691.380
691.630
691.398
689.401
690.494
692.023
694.402
693.438
694.718
691.687
692.956
695.305
690.523
690.758
690.682
691.773
692.071
691.832
689.146
687.942
696.618
693.534
693.858
691.928
692.700
692.704
691.994
694.020
692.397
691.580
691.391
692.566
693.708
691.763
696.066
692.076
690.269
689.869
692.879
691.051
689.860
693.087
691.678
692.036
695.950
692.776
694.106
695.077
692.052
692.889
693.606
694.013
693.878
696.357
696.141
697.793
694.608
694.343
692.976
690.557
693.450
695.714
691.680
692.360
689.861
693.111
692.256
690.855
689.560
692.320
695.375
693.525
689.613
693.671
694.560
695.767
693.313
694.756
695.226
691.811
689.597
690.217
692.436
692.883
697.642
692.352
694.010
691.009
690.667
691.192
690.575
693.486
689.573
689.436
692.876
691.047
693.017
696.859
695.552
695.408
692.256
690.328
690.582
689.809
695.884
694.219
690.163
696.617
691.279
692.666
692.859
692.732
691.223
691.760
690.082
690.445
695.351
693.827
690.475
694.819
695.511
693.150
689.862
690.814
691.857
693.573
693.739
697.166
695.246
693.576
691.096
693.655
692.485
694.764
694.952
691.070
690.727
689.759
693.904
696.330
690.542
691.741
689.852
693.677
695.312
692.726
690.874
691.327
690.240
692.285
692.774
696.548
691.622
692.498
693.270
690.791
694.031
694.577
691.933
692.070
690.982
690.949
692.357
692.720
693.503
692.226
689.210
693.199
692.861
694.870
694.235
698.120
694.624
695.737
693.365
694.559
698.331
692.820
694.610
691.702
691.791
689.461
691.838
691.884
690.857
693.913
693.715
694.725
693.497
695.283
697.952
695.477
693.153
690.623
693.872
693.169
692.319
693.224
691.993
690.519
690.968
691.190
692.993
696.126
691.728
693.559
696.848
697.730
693.211
690.257
688.404
693.583
693.491
696.766
692.335
693.865
693.174
694.974
690.699
694.447
692.836
693.595
693.579
692.359
689.777
690.549
694.309
695.225
698.703
693.328
693.600
693.832
694.458
691.459
694.106
697.083
694.471
690.322
694.088
694.123
694.724
690.044
689.667
691.540
693.675
693.381
691.544
692.249
694.126
694.797
695.261
693.583
693.180
699.219
696.583
693.071
692.730
691.628
692.069
694.312
692.406
696.453
697.590
696.690
694.146
692.225
694.086
693.474
694.396
696.260
693.093
696.692
691.030
693.349
694.931
693.111
694.424
692.696
698.391
690.267
692.510
693.640
692.690
692.497
693.150
689.557
695.835
693.280
694.951
690.493
693.900
697.492
699.277
695.806
692.793
689.716
696.292
690.286
690.884
692.273
690.063
693.057
693.557
694.123
694.162
694.211
694.020
691.554
694.227
690.294
694.341
696.317
692.209
686.816
695.755
693.444
694.473
692.798
697.220
694.128
696.102
698.256
695.806
699.684
691.300
695.047
693.018
690.173
691.910
692.669
694.747
695.557
694.474
694.936
694.444
694.240
694.536
697.454
693.691
696.049
693.623
693.382
693.631
693.992
692.238
693.739
688.682
692.723
692.962
695.388
695.202
696.701
693.349
694.287
694.535
694.451
692.698
691.463
693.403
693.076
691.406
694.451
693.779
695.145
690.724
693.111
694.731
691.313
692.370
695.149
693.197
689.742
690.228
693.154
691.273
693.931
687.504
693.648
697.641
696.068
699.711
698.659
694.245
691.484
692.639
694.333
698.151
692.426
696.401
696.210
694.719
692.650
691.873
695.895
689.993
691.711
692.667
694.608
693.058
695.602
692.299
693.627
692.719
692.997
692.093
690.675
691.696
693.936
691.723
695.151
697.319
693.316
693.163
695.167
695.661
694.758
691.628
693.261
694.543
694.921
694.397
693.512
697.525
693.478
697.321
692.143
694.382
693.700
691.405
696.331
690.826
691.678
693.570
692.359
698.872
693.568
695.072
692.569
689.052
693.240
693.900
696.819
693.766
694.597
692.545
695.451
693.771
695.986
695.638
695.915
692.984
697.475
695.090
697.955
697.391
697.882
695.512
695.339
694.430
694.850
692.828
691.536
695.021
693.417
695.281
694.592
690.961
693.837
695.073
694.849
695.303
692.009
697.899
695.454
697.547
696.177
694.733
694.847
694.091
693.773
691.452
697.649
696.301
693.587
694.280
694.464
693.937
690.719
692.342
695.723
695.285
692.446
689.922
691.833
694.259
692.638
688.426
687.923
689.846
696.318
693.106
692.939
694.430
694.490
693.312
692.731
692.310
692.269
691.836
693.678
695.516
692.858
695.165
694.453
692.659
690.287
689.589
688.888
697.044
693.965
692.291
692.924
695.216
688.810
692.396
695.137
689.351
693.908
692.243
693.515
692.739
693.088
695.779
693.460
693.369
691.233
692.186
694.179
691.177
690.698
694.138
692.169
692.890
688.048
694.356
689.806
694.148
691.722
695.794
692.865
693.337
692.562
689.784
693.060
694.942
690.638
692.200
693.390
690.128
694.517
691.904
691.314
690.873
691.509
690.851
691.311
691.632
694.037
689.877
696.613
692.975
689.823
694.578
691.784
695.679
695.660
692.134
692.979
694.262
693.258
691.386
692.279
692.117
690.687
692.348
690.751
696.149
691.632
696.768
699.511
693.521
687.988
695.637
694.562
691.746
695.459
693.882
690.358
694.389
691.675
693.670
698.085
692.104
692.049
690.444
694.008
691.203
692.772
695.954
693.926
689.836
692.343
690.473
696.589
690.002
691.895
690.387
691.893
694.537
688.490
692.839
692.390
691.675
689.144
692.698
691.708
690.953
690.609
685.826
691.521
690.561
696.104
697.246
694.722
695.468
688.140
690.802
693.422
691.600
691.942
695.689
691.809
694.466
693.769
692.397
689.747
689.078
691.137
692.054
691.151
695.204
690.464
693.150
692.689
694.442
690.955
691.276
691.442
691.568
692.839
692.225
691.305
686.820
690.050
691.778
690.888
693.084
689.944
692.211
690.931
693.139
693.323
693.360
694.843
691.889
693.025
697.773
691.063
691.643
692.743
695.446
692.611
689.519
690.303
693.834
689.396
689.744
694.031
691.683
693.938
693.037
693.504
695.520
692.184
694.729
695.180
693.619
692.907
696.017
694.343
698.281
695.872
695.647
695.921
692.660
691.631
694.317
691.243
695.147
692.736
694.285
696.610
692.262
692.724
697.125
694.610
695.351
698.275
695.511
693.975
694.804
696.665
692.884
696.744
696.872
693.903
697.857
695.014
690.716
695.520
691.724
692.346
697.098
697.021
692.449
692.525
696.335
694.727
693.758
688.118
692.302
694.454
693.673
692.626
693.840
690.894
691.328
694.064
694.730
689.329
689.709
691.961
695.312
690.314
695.517
691.144
692.137
694.079
691.600
689.451
693.830
694.872
694.886
696.975
690.303
693.702
689.912
692.103
693.594
693.599
692.981
696.729
694.296
690.193
688.969
692.317
694.750
693.888
694.450
693.121
694.420
693.190
694.548
691.759
690.431
695.052
691.412
693.453
693.076
692.716
692.659
690.551
690.804
687.052
694.220
689.060
689.903
690.241
691.980
694.369
693.684
693.103
694.831
692.517
691.112
690.594
692.958
691.369
693.918
688.003
693.428
694.634
695.097
696.092
692.648
692.417
694.461
692.603
693.721
692.914
695.563
691.863
695.214
689.039
690.866
693.651
693.376
694.843
694.323
696.053
694.992
694.598
698.980
696.577
693.427
694.617
696.367
693.999
692.619
692.112
692.676
692.661
694.983
696.904
690.079
691.948
699.642
693.156
694.618
691.487
692.888
689.949
692.192
693.120
693.467
696.691
692.872
696.826
690.298
692.909
695.122
688.025
690.467
692.943
694.428
690.918
694.725
689.706
690.641
691.470
689.756
695.551
693.168
695.856
695.497
695.697
691.721
694.937
696.574
691.669
692.109
693.314
691.465
692.129
692.133
694.107
691.685
689.324
689.285
689.715
690.935
690.188
691.807
693.194
693.655
693.764
692.467
687.673
693.201
687.973
692.230
691.113
693.487
694.283
692.774
690.087
690.963
691.742
694.386
691.393
693.388
691.876
690.245
694.312
693.143
693.143
691.526
695.449
691.038
692.115
694.669
693.333
690.630
691.178
691.500
690.655
691.717
692.770
694.961
692.580
693.985
694.935
691.421
691.755
691.787
693.611
691.852
691.618
695.646
695.581
690.193
690.650
695.171
689.817
693.107
694.565
694.076
690.951
693.208
692.791
693.305
691.255
691.472
690.248
694.073
694.668
693.005
695.286
692.000
692.176
693.732
694.324
690.416
690.618
693.576
694.150
692.280
695.869
692.552
693.927
695.356
696.670
695.441
694.184
690.263
691.715
694.216
696.591
695.031
694.155
689.222
689.890
691.718
694.751
697.218
697.494
692.188
695.603
690.245
690.712
693.667
695.432
692.754
690.856
689.372
696.817
693.943
693.288
695.972
691.737
695.891
694.768
695.081
691.083
692.324
693.893
692.179
691.033
690.811
693.497
693.225
693.455
695.114
695.321
697.437
693.475
690.963
695.437
691.092
692.603
696.477
689.516
691.755
691.108
695.895
694.058
695.364
693.984
696.092
691.327
695.093
692.910
697.081
694.569
691.959
694.753
695.471
693.913
692.352
689.634
695.142
695.558
694.565
692.604
693.321
694.304
693.787
692.465
697.090
691.856
693.202
692.476
690.910
692.764
693.448
693.943
696.367
689.978
692.776
692.773
691.202
693.727
688.853
692.539
692.410
691.116
690.505
695.460
692.567
691.267
690.659
692.210
694.500
693.053
694.401
693.478
692.861
692.971
691.254
693.637
693.823
692.440
694.361
689.787
688.245
694.060
689.870
689.132
690.780
695.711
695.510
692.660
693.997
695.496
689.188
691.027
692.552
692.669
696.045
694.664
691.213
696.554
692.647
695.356
692.356
691.912
691.239
691.703
693.047
686.377
694.929
692.652
692.718
693.553
695.694
691.506
690.397
691.078
693.711
690.266
693.591
691.410
693.664
692.743
691.666
692.754
693.404
694.212
692.266
691.077
692.072
690.916
694.747
696.797
690.064
691.833
694.506
696.791
691.078
688.198
694.143
694.607
695.636
691.542
693.923
690.506
692.842
692.090
693.062
693.241
694.036
694.919
695.751
689.372
692.165
691.657
689.855
691.530
696.713
695.458
692.074
695.600
693.236
690.096
692.817
696.287
687.945
689.703
692.031
691.070
691.964
694.599
692.781
692.674
691.992
694.502
692.312
694.167
691.218
691.205
695.410
693.480
693.694
691.958
693.167
691.625
694.687
691.032
690.914
691.738
693.409
695.604
692.504
691.997
691.502
690.228
691.496
695.702
689.820
